/*--------------------------------*- C++ -*----------------------------------*\
  =========                 |
  \\      /  F ield         | OpenFOAM: The Open Source CFD Toolbox
   \\    /   O peration     | Website:  https://openfoam.org
    \\  /    A nd           | Version:  10
     \\/     M anipulation  |
\*---------------------------------------------------------------------------*/
FoamFile
{
    format      ascii;
    class       volScalarField;
    location    "1.5";
    object      gradTz;
}
// * * * * * * * * * * * * * * * * * * * * * * * * * * * * * * * * * * * * * //

dimensions      [0 -1 0 1 0 0 0];

internalField   nonuniform List<scalar> 
3000
(
-1.15907e-09
-1.95399e-11
-1.33227e-12
8.88178e-12
-4.44089e-12
-1.68754e-11
-6.21725e-12
8.88178e-13
-2.66454e-12
-8.61533e-11
-1.1795e-09
2.08722e-11
-4.08562e-11
-1.19904e-11
-4.61853e-11
-3.73035e-11
-3.15303e-11
-1.42109e-11
-3.73035e-11
-1.77636e-12
-1.18572e-09
-1.77636e-11
-1.33227e-11
-3.86358e-11
-5.32907e-11
-1.9984e-11
-4.44089e-11
-1.42109e-11
-8.52651e-11
-1.11022e-11
-1.18616e-09
2.35367e-11
-9.76996e-12
-1.19904e-11
-4.26326e-11
-8.74856e-11
-2.62013e-11
-1.00364e-10
-2.57572e-11
-3.4639e-11
-1.18217e-09
-1.90958e-11
-2.22045e-12
-1.15463e-11
-5.32907e-11
-4.44089e-11
-3.41949e-11
-9.01501e-11
-1.19904e-10
-3.77476e-11
-1.1835e-09
-1.19904e-11
-1.28786e-11
9.76996e-12
-5.32907e-11
-1.95399e-11
-4.4853e-11
2.66454e-12
-8.52651e-11
-1.15463e-11
-1.18217e-09
-1.24345e-11
-2.66454e-12
-3.9968e-12
-1.06581e-11
-1.44773e-10
-7.77156e-11
-9.05942e-11
-7.68274e-11
-3.77476e-11
-1.18794e-09
-3.81917e-11
-9.76996e-12
-3.24185e-11
-7.99361e-12
-1.42109e-11
-3.5083e-11
-9.01501e-11
-4.84057e-11
-3.5083e-11
-1.18039e-09
-2.88658e-11
-1.11022e-11
-2.70894e-11
-4.39648e-11
-8.39329e-11
-3.10862e-12
-1.42109e-11
-1.14575e-10
-4.4853e-11
4.75175e-11
2.08722e-11
-9.32587e-12
-5.28466e-11
-1.19904e-11
-8.21565e-11
-1.02585e-10
6.21725e-12
-1.86517e-11
-6.21725e-12
-1.12887e-09
-2.53131e-11
1.64313e-11
9.76996e-12
-1.42109e-11
0
-2.04281e-11
-8.39329e-11
8.12683e-11
-8.34888e-11
-1.18394e-09
-1.77636e-11
-1.9984e-11
1.02141e-11
-6.03961e-11
-2.22045e-12
-1.5099e-11
-6.66134e-12
1.28786e-11
-7.99361e-12
-1.20126e-09
3.10862e-12
9.32587e-12
-5.68434e-11
-2.22045e-12
-3.55271e-12
-3.4639e-11
-3.9968e-12
-1.45217e-10
-6.39488e-11
-1.16618e-09
2.13163e-11
-2.44249e-11
-1.68754e-11
-9.05942e-11
-1.47882e-10
-3.10862e-11
-9.68114e-11
-5.77316e-11
-3.4639e-11
-1.20393e-09
-3.73035e-11
2.04281e-11
-3.06422e-11
-5.32907e-11
-4.44089e-11
-5.9952e-11
-1.38112e-10
-1.45217e-10
-4.70735e-11
-1.1644e-09
8.43769e-12
9.32587e-12
-3.64153e-11
7.10543e-12
-6.4837e-11
-3.4639e-11
1.19904e-11
-1.45661e-10
-1.95399e-11
-1.20393e-09
-3.9968e-12
4.44089e-13
-2.75335e-11
-5.9508e-11
-1.45661e-10
-1.24345e-10
-1.20348e-10
-1.24789e-10
-3.73035e-11
-1.19238e-09
-6.30607e-11
-2.22045e-11
-2.13163e-11
-9.76996e-12
-2.22045e-12
-4.17444e-11
-9.76996e-11
-5.4623e-11
-5.15143e-11
-1.13909e-09
1.46549e-11
-5.81757e-11
-2.62013e-11
-1.03917e-10
-1.45661e-10
-5.01821e-11
-5.4623e-11
-1.34559e-10
4.44089e-13
6.39488e-11
-2.44249e-11
-1.42109e-11
-5.24025e-11
-1.46549e-11
-1.03029e-10
-1.03473e-10
-9.32587e-11
1.33227e-12
0
1.02141e-11
6.66134e-12
7.99361e-12
-2.17604e-11
0
1.42109e-11
0
-8.88178e-13
-3.55271e-12
0
-3.9968e-12
-2.4869e-11
1.46549e-11
4.88498e-12
2.66454e-12
2.17604e-11
1.9984e-11
-3.9968e-12
3.68594e-11
-3.28626e-11
0
1.24345e-11
-2.08722e-11
0
3.10862e-12
-4.4853e-11
1.02141e-11
-3.4639e-11
-1.55431e-11
-2.75335e-11
4.44089e-12
-2.26485e-11
-4.44089e-13
2.44249e-11
-4.57412e-11
-1.28786e-11
0
1.68754e-11
-8.88178e-13
5.32907e-12
2.66454e-12
7.99361e-12
1.06581e-11
2.22045e-11
6.21725e-11
4.4853e-11
8.88178e-13
-5.10703e-11
3.37508e-11
4.92939e-11
8.88178e-12
1.28786e-11
-2.4869e-11
-1.68754e-11
5.37348e-11
1.55431e-11
5.37348e-11
-4.44089e-13
-1.82077e-11
-5.37348e-11
-7.99361e-12
3.59712e-11
3.64153e-11
-5.32907e-12
1.11022e-11
5.37348e-11
-3.01981e-11
-5.10703e-11
3.10862e-12
5.01821e-11
3.55271e-12
-5.77316e-12
0
2.75335e-11
-5.24025e-11
-4.4853e-11
3.41949e-11
-6.66134e-12
3.41949e-11
3.41949e-11
3.10862e-12
4.52971e-11
-4.57412e-11
2.13163e-11
-6.21725e-12
-1.59872e-11
-3.01981e-11
7.54952e-12
-1.02141e-11
9.76996e-12
0
-6.66134e-12
4.08562e-11
7.99361e-12
6.66134e-12
-6.66134e-12
1.03473e-10
-9.9476e-11
1.68754e-11
3.10862e-12
-3.15303e-11
6.21725e-12
-3.5083e-11
4.44089e-13
0
-2.08722e-11
1.86517e-11
8.30447e-11
0
-1.73195e-11
7.54952e-12
4.88498e-12
-2.53131e-11
4.44089e-13
0
-4.52971e-11
0
-6.21725e-12
-3.5083e-11
-4.35207e-11
-3.33067e-11
-3.19744e-11
-4.61853e-11
7.54952e-12
-5.10703e-11
0
0
-5.01821e-11
0
8.88178e-13
-4.44089e-13
4.44089e-13
0
0
4.44089e-13
0
3.28626e-11
-3.37508e-11
0
4.88498e-12
0
0
-2.30926e-11
4.08562e-11
4.44089e-13
0
8.88178e-13
3.5083e-11
8.88178e-13
8.88178e-13
-3.33067e-11
-3.24185e-11
-4.66294e-11
3.06422e-11
-6.08402e-11
0
0
-5.77316e-12
4.44089e-13
0
1.64313e-11
-3.9968e-12
-2.22045e-12
7.54952e-12
-3.10862e-12
0
-1.02141e-11
1.77636e-11
-1.02141e-11
3.4639e-11
-2.04281e-11
3.41949e-11
1.82077e-11
-3.73035e-11
-5.77316e-11
-3.41949e-11
3.5083e-11
-3.90799e-11
3.5083e-11
0
0
0
0
-5.32907e-12
-8.88178e-13
0
0
4.66294e-11
0
4.44089e-13
-3.90799e-11
0
0
2.9754e-11
0
0
-8.88178e-13
1.11022e-11
-1.95399e-11
0
-1.64313e-11
-1.28786e-11
8.88178e-12
2.13163e-11
-9.76996e-12
3.10862e-12
8.70415e-11
-9.63674e-11
8.70415e-11
3.10862e-12
-6.21725e-12
-1.24345e-11
6.66134e-12
1.73195e-11
-1.68754e-11
1.33227e-11
-4.75175e-11
3.10862e-12
1.37668e-11
0
-1.55431e-11
7.10543e-12
4.17444e-11
-2.4869e-11
-3.10862e-12
-4.44089e-13
-9.76996e-12
3.06422e-11
-4.4853e-11
-2.75335e-11
-8.88178e-12
1.82077e-11
-1.82077e-11
-2.39808e-11
-1.42109e-11
1.42109e-11
2.17604e-11
-1.37668e-11
-3.15303e-11
2.17604e-11
-2.35367e-11
-2.4869e-11
3.5083e-11
-1.68754e-11
-6.26166e-11
-4.4853e-11
1.5099e-11
5.37348e-11
-1.77636e-11
-6.03961e-11
8.88178e-12
7.10543e-12
0
2.4869e-11
-5.32907e-11
-6.03961e-11
-4.35207e-11
-3.9968e-12
-4.30767e-11
4.4853e-11
-1.24345e-11
-5.37348e-11
-3.41949e-11
-1.15463e-11
-5.90639e-11
4.44089e-13
-2.66454e-11
2.13163e-11
-1.5099e-11
-1.5099e-11
-4.44089e-11
4.88498e-12
-1.28786e-11
-1.64313e-11
7.10543e-12
4.04121e-11
-1.82077e-11
-3.95239e-11
-1.82077e-11
-2.39808e-11
3.77476e-11
-2.22045e-12
0
-5.19584e-11
-5.32907e-11
0
0
-3.01981e-11
4.44089e-11
-4.44089e-13
1.68754e-11
-2.9754e-11
-1.28786e-11
-2.4869e-11
-9.32587e-12
-1.37668e-11
-1.33227e-12
1.02141e-11
8.34888e-11
-1.77636e-12
0
0
2.75335e-11
-2.9754e-11
6.66134e-12
0
7.14984e-11
-8.26006e-11
-8.61533e-11
-3.55271e-12
-7.54952e-12
1.90958e-11
2.53131e-11
4.44089e-12
1.37668e-11
0
1.5099e-11
0
3.15303e-11
-1.02141e-11
2.53131e-11
2.66454e-11
3.55271e-12
0
0
-5.01821e-11
0
0
1.02141e-11
4.4853e-11
-3.55271e-11
-1.86517e-11
0
-4.44089e-13
4.44089e-13
5.32907e-11
-3.33067e-11
0
5.9508e-11
2.79776e-11
5.28466e-11
5.01821e-11
4.44089e-12
0
0
1.02141e-11
0
4.44089e-13
1.02141e-11
4.4853e-11
5.37348e-11
0
0
1.15463e-11
0
1.02141e-11
3.5083e-11
-2.17604e-11
2.75335e-11
-1.90958e-11
2.79776e-11
2.53131e-11
2.66454e-12
0
0
4.44089e-11
0
-3.55271e-11
0
0
2.79776e-11
0
8.88178e-13
3.68594e-11
3.10862e-12
0
-3.5083e-11
0
0
4.57412e-11
-9.76996e-12
-3.24185e-11
2.66454e-12
-1.11022e-11
0
4.4853e-11
3.55271e-11
-1.42109e-11
9.76996e-12
-1.86517e-11
2.93099e-11
2.4869e-11
4.44089e-12
0
0
0
0
0
1.9984e-11
0
3.19744e-11
2.93099e-11
2.66454e-12
-4.44089e-13
5.06262e-11
-1.64313e-11
2.22045e-12
9.59233e-11
-8.03801e-11
8.30447e-11
4.4853e-11
2.44249e-11
-1.82077e-11
-1.64313e-11
5.37348e-11
5.32907e-12
5.68434e-11
7.10543e-12
-9.32587e-12
3.06422e-11
5.32907e-12
-2.04281e-11
-3.55271e-12
4.13003e-11
5.72875e-11
5.9952e-11
2.66454e-11
3.55271e-12
9.76996e-12
1.02141e-11
2.13163e-11
-1.82077e-11
3.15303e-11
2.75335e-11
1.33227e-12
-5.41789e-11
-4.75175e-11
-3.9968e-11
1.73195e-11
-4.79616e-11
3.90799e-11
3.68594e-11
-9.32587e-12
-1.90958e-11
5.32907e-11
5.32907e-11
-3.28626e-11
-4.88498e-11
1.42109e-11
2.75335e-11
5.32907e-12
4.44089e-12
5.19584e-11
-5.10703e-11
6.26166e-11
4.66294e-11
1.64313e-11
-3.55271e-11
2.66454e-11
-1.82077e-11
1.19904e-11
3.68594e-11
1.33227e-12
2.79776e-11
0
-2.13163e-11
9.76996e-12
-1.55431e-11
-2.22045e-12
-1.82077e-11
6.35048e-11
8.88178e-12
1.19904e-11
-3.15303e-11
-7.10543e-12
-3.59712e-11
-2.08722e-11
4.84057e-11
-2.08722e-11
-7.54952e-12
-1.64313e-11
-1.64313e-11
3.9968e-12
4.13003e-11
3.10862e-12
-1.28786e-11
1.73195e-11
-1.59872e-11
-4.39648e-11
-1.02141e-11
-3.15303e-11
-4.44089e-12
-3.24185e-11
1.11022e-11
0
1.37668e-11
-1.01252e-10
-3.55271e-12
0
-1.24345e-11
-5.32907e-12
-2.66454e-12
2.93099e-11
0
0
1.01696e-10
0
0
7.41629e-11
0
1.42109e-11
-2.26485e-11
2.30926e-11
4.44089e-13
4.44089e-13
6.03961e-11
0
0
-3.77476e-11
0
3.4639e-11
3.06422e-11
-2.22045e-12
-1.28786e-11
0
-9.76996e-12
0
0
-9.76996e-12
-4.4853e-11
7.99361e-12
3.9968e-12
2.04281e-11
0
4.75175e-11
-5.37348e-11
3.33067e-11
3.4639e-11
-5.06262e-11
-2.70894e-11
-3.19744e-11
-2.57572e-11
-4.88498e-12
-1.68754e-11
8.88178e-13
-1.02141e-11
4.30767e-11
0
3.28626e-11
-4.57412e-11
6.21725e-12
5.72875e-11
0
-4.17444e-11
-4.44089e-13
3.4639e-11
8.88178e-13
0
-1.73195e-11
4.44089e-13
-2.13163e-11
6.21725e-12
8.88178e-13
3.33067e-11
3.10862e-12
-1.82077e-11
4.44089e-13
3.5083e-11
1.02141e-11
8.88178e-13
-3.10862e-12
-4.88498e-12
-3.5083e-11
-2.9754e-11
1.11022e-11
0
3.28626e-11
0
8.43769e-12
1.59872e-11
3.55271e-12
2.9754e-11
-2.66454e-12
1.86517e-11
0
-3.4639e-11
-3.5083e-11
1.06581e-11
2.22045e-11
-2.57572e-11
-2.70894e-11
-2.79776e-11
2.84217e-11
-1.64313e-11
0
2.04281e-11
1.01252e-10
6.21725e-12
-1.77636e-12
-4.44089e-12
-6.21725e-11
1.1724e-09
-1.5099e-11
2.39808e-11
-3.64153e-11
9.90319e-11
-8.30447e-11
4.44089e-13
-8.88178e-13
-8.30447e-11
1.15552e-09
1.2097e-09
1.02141e-11
2.53131e-11
1.77636e-12
1.42109e-11
-9.76996e-12
6.66134e-12
-6.21725e-12
3.9968e-12
1.15419e-09
1.18971e-09
-3.10862e-11
2.13163e-11
-3.9968e-12
-1.59872e-11
2.04281e-11
-5.77316e-12
5.41789e-11
3.41949e-11
1.19904e-09
1.17861e-09
-3.55271e-12
-2.08722e-11
1.00364e-10
3.81917e-11
1.4122e-10
3.9968e-11
4.79616e-11
5.50671e-11
1.15463e-09
1.16529e-09
-2.35367e-11
2.57572e-11
-1.33227e-12
-8.88178e-12
3.41949e-11
3.28626e-11
7.54952e-12
1.77636e-11
1.19282e-09
1.17373e-09
-3.95239e-11
2.9754e-11
0
-2.22045e-12
1.68754e-11
4.70735e-11
2.04281e-11
3.28626e-11
1.20259e-09
1.16174e-09
8.88178e-12
2.17604e-11
6.4837e-11
2.79776e-11
5.41789e-11
5.32907e-11
1.73195e-11
1.68754e-11
1.17195e-09
1.19682e-09
-1.28786e-11
4.04121e-11
5.90639e-11
4.70735e-11
4.70735e-11
-4.44089e-12
5.37348e-11
2.70894e-11
1.1533e-09
1.19149e-09
8.43769e-12
3.06422e-11
5.90639e-11
2.79776e-11
-4.44089e-13
1.35003e-10
5.28466e-11
6.03961e-11
1.13065e-09
1.23634e-09
4.92939e-11
2.57572e-11
9.32587e-12
9.01501e-11
1.90958e-11
9.76996e-12
3.10862e-12
1.01696e-10
-3.01981e-11
1.19904e-09
-3.10862e-11
5.24025e-11
8.43769e-12
2.22045e-12
-6.9722e-11
8.34888e-11
-7.10543e-11
2.04281e-11
1.1795e-09
1.23368e-09
-3.10862e-11
4.88498e-12
4.17444e-11
3.9968e-12
-9.76996e-12
1.42109e-11
2.44249e-11
6.17284e-11
1.13376e-09
1.14486e-09
1.24345e-11
6.30607e-11
5.32907e-11
4.44089e-11
3.77476e-11
3.41949e-11
6.4837e-11
4.44089e-11
1.22302e-09
1.17506e-09
3.55271e-12
1.19904e-11
4.17444e-11
4.39648e-11
8.74856e-11
8.88178e-13
5.4623e-11
2.93099e-11
1.17195e-09
1.17684e-09
1.24345e-11
6.66134e-12
5.37348e-11
4.44089e-11
1.77636e-12
-4.44089e-13
2.17604e-11
4.44089e-11
1.1724e-09
1.15374e-09
1.24345e-11
3.41949e-11
6.21725e-11
-4.44089e-13
-4.44089e-13
2.62013e-11
3.77476e-11
3.41949e-11
1.19016e-09
1.14664e-09
8.43769e-12
1.64313e-11
6.4837e-11
3.28626e-11
6.4837e-11
1.95399e-11
4.9738e-11
-4.44089e-13
1.19504e-09
1.20082e-09
1.42109e-11
3.9968e-11
5.32907e-11
3.15303e-11
1.55431e-11
4.35207e-11
1.06581e-11
-1.28786e-11
1.14175e-09
1.17772e-09
1.24345e-11
3.95239e-11
6.21725e-11
4.9738e-11
3.4639e-11
9.14824e-11
3.01981e-11
5.9508e-11
1.13642e-09
1.24212e-09
1.68754e-11
7.10543e-12
9.76996e-12
8.43769e-11
-8.21565e-11
0
8.61533e-11
8.92619e-11
-8.08242e-11
-9.32587e-11
-8.26006e-11
-2.22045e-12
-8.61533e-11
3.9968e-12
-1.02141e-10
-8.08242e-11
-8.34888e-11
-3.77476e-11
-5.68434e-11
-5.32907e-12
-2.62013e-11
-1.33227e-12
-1.59872e-11
-8.9706e-11
-5.32907e-12
-1.59872e-11
-1.33227e-12
-5.63993e-11
-3.77476e-11
-6.26166e-11
-1.46549e-11
-5.9508e-11
-1.46549e-11
-8.08242e-11
3.9968e-12
-1.46549e-11
-5.9508e-11
3.55271e-12
-5.77316e-11
-6.4837e-11
-1.11466e-10
-6.4837e-11
-1.11466e-10
2.22045e-12
-8.88178e-11
-1.42109e-11
-2.39808e-11
-2.75335e-11
-3.55271e-11
-9.14824e-11
-1.59872e-11
-4.08562e-11
-1.37668e-10
-1.77636e-12
-4.08562e-11
-1.59872e-11
-2.30926e-11
-8.08242e-11
-4.44089e-13
-3.73035e-11
-1.00808e-10
-1.24345e-11
-4.44089e-13
-7.99361e-11
-1.82077e-11
-1.00808e-10
-6.39488e-11
1.77636e-12
-1.2168e-10
-6.03961e-11
-1.59872e-11
-2.39808e-11
-1.28786e-11
-1.77636e-12
-2.39808e-11
-8.88178e-13
-1.33227e-11
-1.1191e-10
-2.22045e-12
-3.77476e-11
-1.82077e-11
-8.43769e-11
-6.21725e-12
-8.4821e-11
-3.77476e-11
-6.21725e-12
-3.77476e-11
-6.21725e-12
-1.15463e-11
-1.19904e-10
-1.59872e-11
-9.37028e-11
-8.74856e-11
-7.99361e-11
-1.02141e-10
-8.88178e-13
-6.03961e-11
-8.26006e-11
-9.14824e-11
-8.61533e-11
-1.33227e-12
-9.23706e-11
-8.65974e-11
-8.57092e-11
-9.23706e-11
-1.33227e-12
0
-4.88498e-12
-7.90479e-11
-8.70415e-11
-8.39329e-11
-8.30447e-11
-4.44089e-13
-8.34888e-11
-8.88178e-12
-8.17124e-11
-8.30447e-11
-5.77316e-12
-8.88178e-13
-3.15303e-11
-1.55431e-11
-5.90639e-11
-8.88178e-13
-8.52651e-11
-2.04281e-11
-1.55431e-11
-6.39488e-11
-4.92939e-11
-4.44089e-12
-2.62013e-11
-5.59552e-11
-1.19904e-11
-3.4639e-11
-1.16351e-10
-4.39648e-11
-3.9968e-12
-1.19904e-11
-3.28626e-11
-5.86198e-11
-6.66134e-12
-1.06581e-10
-2.30926e-11
-8.61533e-11
-8.88178e-13
-8.79297e-11
-1.73195e-11
-2.35367e-11
-4.88498e-11
-9.32587e-12
-8.21565e-11
-5.28466e-11
-7.99361e-12
-1.38556e-10
-5.37348e-11
-7.99361e-12
-5.28466e-11
-1.24345e-11
-1.33671e-10
1.42109e-11
-5.77316e-11
-1.15463e-10
-6.66134e-12
-2.9754e-11
-1.16351e-10
-5.01821e-11
-8.57092e-11
-5.90639e-11
-2.79776e-11
-1.2168e-10
-3.95239e-11
-3.55271e-11
-3.95239e-11
-5.28466e-11
-3.68594e-11
-7.99361e-12
-3.59712e-11
-4.44089e-11
-1.33671e-10
-9.76996e-12
-2.22045e-12
-4.35207e-11
-9.4591e-11
-1.42109e-11
-1.36335e-10
-6.66134e-12
-4.44089e-11
1.33227e-11
-1.37668e-11
-3.10862e-11
-8.79297e-11
-3.55271e-11
-1.45217e-10
-1.39e-10
-1.43885e-10
-1.12355e-10
-3.59712e-11
-2.22045e-12
-1.16351e-10
-1.02585e-10
-1.03473e-10
-1.02141e-10
-1.03029e-10
-8.52651e-11
-1.00808e-10
-1.03029e-10
-1.02141e-10
-1.9984e-11
-8.26006e-11
1.77636e-12
7.54952e-12
-3.10862e-12
-8.12683e-11
-3.10862e-12
-8.39329e-11
9.76996e-11
1.77636e-12
0
-5.19584e-11
4.44089e-11
-5.15143e-11
-4.88498e-12
-6.35048e-11
-1.46549e-11
-5.06262e-11
4.88498e-12
1.73195e-11
-5.86198e-11
7.99361e-12
1.9984e-11
1.9984e-11
-1.02141e-11
3.59712e-11
1.02141e-11
-1.59872e-11
-7.54952e-12
-4.44089e-13
5.86198e-11
-7.99361e-12
2.62013e-11
4.26326e-11
-1.19904e-11
5.68434e-11
4.44089e-13
-3.01981e-11
-1.64313e-11
-3.06422e-11
2.22045e-12
3.19744e-11
-2.08722e-11
-3.81917e-11
-4.08562e-11
3.77476e-11
3.90799e-11
-5.55112e-11
-1.90958e-11
-4.04121e-11
-3.59712e-11
1.33227e-12
-1.9984e-11
-2.4869e-11
-3.06422e-11
-7.10543e-12
-4.44089e-12
-1.59872e-11
2.39808e-11
0
5.15143e-11
-3.9968e-12
-2.08722e-11
5.68434e-11
-4.08562e-11
6.21725e-12
4.44089e-13
-1.06581e-11
-2.57572e-11
-1.06581e-11
5.32907e-12
1.82077e-11
0
2.22045e-11
2.79776e-11
-2.75335e-11
-6.66134e-12
-4.26326e-11
0
-4.57412e-11
0
-3.73035e-11
-1.5099e-11
0
-1.5099e-11
8.43769e-12
-2.93099e-11
-1.19904e-11
1.5099e-11
-5.50671e-11
6.39488e-11
-2.9754e-11
-1.02141e-11
1.77636e-12
-1.00808e-10
2.22045e-12
8.88178e-13
2.66454e-12
9.10383e-11
-8.43769e-11
0
3.9968e-12
-6.21725e-12
-1.82077e-11
1.33227e-12
0
-8.57092e-11
8.43769e-11
0
8.88178e-13
0
8.88178e-13
-1.5099e-11
3.5083e-11
1.5099e-11
1.46549e-11
0
-8.88178e-13
4.44089e-12
1.42109e-11
9.32587e-12
-2.9754e-11
-5.01821e-11
2.70894e-11
2.62013e-11
0
-1.73195e-11
-1.73195e-11
8.88178e-12
-5.15143e-11
0
-1.73195e-11
4.44089e-11
-5.24025e-11
2.70894e-11
1.86517e-11
-4.13003e-11
-4.08562e-11
-5.24025e-11
-4.04121e-11
-4.88498e-12
0
-8.88178e-12
0
3.5083e-11
0
3.5083e-11
3.4639e-11
0
-1.02141e-11
0
3.5083e-11
-3.4639e-11
1.46549e-11
2.84217e-11
3.10862e-12
2.84217e-11
1.59872e-11
5.24025e-11
-3.4639e-11
1.46549e-11
2.79776e-11
1.77636e-11
3.73035e-11
1.77636e-11
3.73035e-11
-4.44089e-13
-1.77636e-11
4.88498e-12
1.73195e-11
3.73035e-11
0
-3.90799e-11
-3.5083e-11
-8.88178e-13
4.88498e-12
0
-8.88178e-13
0
3.90799e-11
-1.77636e-11
0
3.37508e-11
-3.19744e-11
3.37508e-11
0
5.06262e-11
5.19584e-11
0
3.33067e-11
-3.19744e-11
3.37508e-11
1.73195e-11
1.5099e-11
1.11022e-11
1.55431e-11
-6.21725e-12
1.00364e-10
1.5099e-11
1.73195e-11
1.46549e-11
-6.66134e-12
-1.68754e-11
-1.77636e-12
8.74856e-11
-9.76996e-12
1.77636e-12
8.30447e-11
-9.01501e-11
8.30447e-11
0
-8.88178e-13
3.55271e-12
6.03961e-11
2.93099e-11
4.08562e-11
3.06422e-11
5.59552e-11
-3.77476e-11
-2.22045e-12
5.59552e-11
-1.59872e-11
0
-1.46549e-11
1.02141e-11
-3.64153e-11
-5.06262e-11
7.10543e-12
-4.08562e-11
1.59872e-11
-5.90639e-11
5.32907e-12
1.42109e-11
9.32587e-12
-3.10862e-12
-5.72875e-11
-2.57572e-11
3.73035e-11
-1.55431e-11
2.70894e-11
9.32587e-12
-4.44089e-11
5.37348e-11
4.66294e-11
5.15143e-11
-1.33227e-12
-1.82077e-11
3.9968e-12
5.15143e-11
2.04281e-11
4.66294e-11
-3.73035e-11
-2.04281e-11
4.04121e-11
4.70735e-11
1.46549e-11
-2.57572e-11
-1.9984e-11
-5.55112e-11
-4.04121e-11
-1.06581e-11
-2.57572e-11
2.13163e-11
0
4.44089e-11
1.64313e-11
9.76996e-12
-4.04121e-11
4.70735e-11
-2.30926e-11
0
-5.32907e-12
-4.61853e-11
2.84217e-11
-4.70735e-11
1.06581e-11
-3.90799e-11
-8.43769e-12
4.92939e-11
4.84057e-11
4.70735e-11
3.73035e-11
0
3.15303e-11
0
-1.9984e-11
-5.32907e-12
-4.04121e-11
5.77316e-12
2.57572e-11
-6.66134e-12
-5.32907e-12
1.02141e-11
0
9.9476e-11
-5.32907e-12
8.26006e-11
-1.73195e-11
-1.00364e-10
-6.21725e-12
-1.90958e-11
-9.99201e-11
0
1.82077e-11
0
0
8.57092e-11
0
-8.65974e-11
0
0
-8.34888e-11
1.46549e-11
-9.32587e-12
-1.46549e-11
2.04281e-11
8.88178e-13
-1.33227e-12
-2.13163e-11
-1.46549e-11
5.06262e-11
1.5099e-11
4.39648e-11
-6.66134e-12
-4.88498e-12
-8.43769e-12
5.01821e-11
3.28626e-11
3.95239e-11
4.44089e-11
5.77316e-12
4.9738e-11
-4.04121e-11
4.44089e-12
-1.37668e-11
-1.59872e-11
4.08562e-11
4.44089e-11
3.86358e-11
-4.44089e-13
-2.66454e-11
-4.44089e-12
-3.4639e-11
-3.19744e-11
1.77636e-12
-3.28626e-11
-1.28786e-11
1.55431e-11
5.77316e-12
4.52971e-11
-3.19744e-11
-1.77636e-11
4.88498e-12
6.21725e-12
-2.75335e-11
-2.44249e-11
-4.35207e-11
-4.35207e-11
-3.19744e-11
-2.13163e-11
1.64313e-11
1.77636e-12
-3.55271e-11
-3.10862e-11
-3.86358e-11
-2.08722e-11
2.17604e-11
-9.76996e-12
-3.10862e-11
-3.55271e-11
-3.15303e-11
1.73195e-11
0
2.22045e-11
5.32907e-12
-2.4869e-11
-3.95239e-11
0
1.64313e-11
0
1.11022e-11
7.10543e-12
0
3.5083e-11
-2.84217e-11
4.08562e-11
-3.33067e-11
4.88498e-12
1.68754e-11
-5.06262e-11
1.5099e-11
-1.5099e-11
-6.21725e-12
3.9968e-12
6.21725e-12
3.9968e-12
-1.02141e-11
-9.99201e-11
3.9968e-12
-6.21725e-12
4.44089e-12
8.92619e-11
1.15463e-11
-3.9968e-12
-1.06581e-11
-1.02141e-11
1.33227e-12
-3.9968e-12
3.55271e-12
-8.34888e-11
-5.77316e-12
3.10862e-12
3.55271e-12
-6.66134e-12
2.66454e-12
-4.04121e-11
0
-3.9968e-12
3.41949e-11
-3.9968e-12
-3.37508e-11
1.55431e-11
3.55271e-12
-5.32907e-12
3.10862e-12
3.55271e-11
4.39648e-11
1.02141e-11
4.84057e-11
-4.26326e-11
5.19584e-11
-8.88178e-12
1.06581e-11
-1.95399e-11
4.75175e-11
3.19744e-11
5.81757e-11
-3.73035e-11
-1.55431e-11
-2.66454e-11
-4.17444e-11
3.4639e-11
-4.88498e-11
-6.66134e-12
-4.04121e-11
-5.50671e-11
-2.08722e-11
4.04121e-11
-1.55431e-11
3.55271e-11
-2.4869e-11
3.06422e-11
5.77316e-11
1.90958e-11
-1.33227e-11
-1.77636e-12
3.24185e-11
-6.66134e-12
1.46549e-11
1.37668e-11
1.59872e-11
-2.62013e-11
-1.55431e-11
-3.06422e-11
-3.41949e-11
-3.24185e-11
-4.88498e-11
9.76996e-12
-5.77316e-12
3.59712e-11
4.44089e-12
4.88498e-12
0
-1.77636e-11
3.77476e-11
-3.28626e-11
3.01981e-11
4.39648e-11
-4.92939e-11
4.44089e-12
-4.75175e-11
-1.64313e-11
3.19744e-11
-1.24345e-11
1.86517e-11
-1.46549e-11
3.73035e-11
4.9738e-11
-2.08722e-11
-1.19904e-11
-3.10862e-11
-2.13163e-11
-3.55271e-12
-1.95399e-11
0
-7.10543e-12
-3.64153e-11
9.99201e-11
1.5099e-11
8.92619e-11
1.37668e-11
9.99201e-11
8.88178e-13
8.30447e-11
-8.88178e-13
-3.9968e-12
0
0
-2.66454e-12
0
-4.44089e-12
4.44089e-13
-1.46549e-11
8.88178e-12
-4.44089e-13
-2.08722e-11
-5.32907e-12
-4.44089e-13
2.17604e-11
-4.44089e-13
-5.06262e-11
-1.46549e-11
-2.70894e-11
-5.15143e-11
0
1.42109e-11
-3.33067e-11
-4.26326e-11
-4.84057e-11
0
-5.19584e-11
-3.37508e-11
-4.44089e-13
-1.02141e-11
-4.39648e-11
1.73195e-11
0
0
1.73195e-11
0
3.55271e-11
0
0
3.19744e-11
-4.13003e-11
3.55271e-11
2.75335e-11
-1.77636e-11
-5.77316e-12
0
3.24185e-11
1.77636e-11
0
1.55431e-11
-4.44089e-13
-2.62013e-11
1.5099e-11
4.4853e-11
1.46549e-11
0
1.28786e-11
-7.10543e-12
-1.02141e-11
3.15303e-11
4.13003e-11
2.26485e-11
-3.24185e-11
6.08402e-11
3.15303e-11
-1.02141e-11
3.19744e-11
-8.88178e-13
0
-3.19744e-11
0
-3.19744e-11
8.43769e-12
0
-2.08722e-11
0
-2.84217e-11
-2.53131e-11
-5.06262e-11
-3.10862e-12
1.82077e-11
1.82077e-11
-1.77636e-11
-5.77316e-11
1.46549e-11
2.22045e-11
1.82077e-11
-4.4853e-11
-1.42109e-11
0
-1.77636e-12
-1.19904e-11
1.68754e-11
9.76996e-11
-1.90958e-11
-1.42109e-11
-1.9984e-11
-8.74856e-11
4.44089e-12
5.77316e-12
1.37668e-11
1.9984e-11
8.65974e-11
3.9968e-12
8.92619e-11
8.57092e-11
6.21725e-12
8.4821e-11
9.14824e-11
9.23706e-11
-1.33227e-12
5.68434e-11
8.03801e-11
9.14824e-11
1.06581e-11
5.32907e-12
2.04281e-11
0
-2.66454e-12
1.34115e-10
-2.66454e-12
3.9968e-12
-2.66454e-12
8.12683e-11
8.17124e-11
2.79776e-11
7.72715e-11
-2.66454e-12
7.10543e-12
3.06422e-11
4.44089e-13
2.44249e-11
-1.64313e-11
4.39648e-11
4.66294e-11
2.75335e-11
1.35003e-10
7.10543e-12
3.28626e-11
8.92619e-11
4.52971e-11
1.4122e-10
4.75175e-11
9.76996e-12
9.81437e-11
-1.82077e-11
1.07025e-10
-1.33227e-11
-5.77316e-12
-4.44089e-13
9.72555e-11
3.10862e-12
8.39329e-11
1.25677e-10
1.26565e-10
4.30767e-11
3.55271e-12
4.13003e-11
3.33067e-11
1.18572e-10
4.57412e-11
1.19016e-10
3.73035e-11
1.25233e-10
8.43769e-12
-1.82077e-11
8.34888e-11
9.63674e-11
4.39648e-11
3.9968e-12
9.32587e-11
3.77476e-11
1.07025e-10
5.59552e-11
5.4623e-11
0
5.28466e-11
7.10543e-12
8.17124e-11
-4.44089e-13
9.72555e-11
1.90958e-11
-2.22045e-12
5.77316e-12
7.54952e-12
4.44089e-11
1.90958e-11
4.17444e-11
9.76996e-12
1.02585e-10
-8.43769e-11
1.00808e-10
3.68594e-11
-8.39329e-11
4.44089e-12
-8.26006e-11
8.92619e-11
8.88178e-13
6.21725e-12
-8.08242e-11
8.70415e-11
4.44089e-12
1.33227e-12
3.9968e-12
9.54792e-11
8.70415e-11
4.44089e-12
8.74856e-11
1.01696e-10
8.4821e-11
1.59872e-11
3.68594e-11
8.65974e-11
8.70415e-11
2.30926e-11
1.59872e-11
3.77476e-11
3.06422e-11
2.04281e-11
1.2923e-10
2.04281e-11
-1.28786e-11
2.04281e-11
1.45661e-10
1.30562e-10
-2.22045e-12
1.2923e-10
2.04281e-11
5.4623e-11
6.26166e-11
5.77316e-11
-3.10862e-12
-9.32587e-12
1.42109e-11
-3.10862e-12
4.21885e-11
1.00808e-10
5.55112e-11
3.4639e-11
8.26006e-11
5.55112e-11
8.57092e-11
-1.77636e-12
1.68754e-11
8.26006e-11
-4.44089e-13
8.26006e-11
-4.44089e-13
2.62013e-11
1.90958e-11
1.15463e-10
4.92939e-11
1.15019e-10
1.00808e-10
1.04805e-10
5.63993e-11
1.02141e-11
-5.77316e-12
4.44089e-11
8.83738e-11
1.59872e-11
8.61533e-11
4.79616e-11
8.52651e-11
2.66454e-12
4.44089e-11
8.83738e-11
1.22125e-10
4.35207e-11
4.79616e-11
1.31006e-10
4.70735e-11
1.27454e-10
1.00364e-10
2.75335e-11
4.44089e-12
3.73035e-11
1.59872e-11
1.35447e-10
-1.28786e-11
9.68114e-11
-1.42109e-11
5.19584e-11
6.43929e-11
-1.24345e-11
3.24185e-11
-1.42109e-11
4.70735e-11
2.04281e-11
8.34888e-11
1.33227e-12
9.32587e-11
8.34888e-11
-8.17124e-11
1.95399e-11
1.9984e-11
1.02585e-10
8.79297e-11
-8.08242e-11
-8.08242e-11
-8.65974e-11
-8.08242e-11
-8.08242e-11
-8.52651e-11
-8.08242e-11
-8.39329e-11
-8.08242e-11
8.08242e-11
-5.63993e-11
-1.64313e-11
-2.66454e-11
-1.55431e-11
-1.64313e-11
-2.39808e-11
-1.55431e-11
-3.01981e-11
-5.28466e-11
3.55271e-12
-8.88178e-13
-6.4837e-11
-2.39808e-11
-3.06422e-11
-3.06422e-11
-8.88178e-13
-3.06422e-11
-3.68594e-11
-3.06422e-11
-8.21565e-11
-1.33227e-11
-1.33227e-11
-2.35367e-11
2.22045e-12
2.22045e-12
-9.72555e-11
6.21725e-12
-1.22569e-10
5.77316e-12
-9.76996e-11
-3.01981e-11
-1.05249e-10
-2.35367e-11
-1.16351e-10
-1.16351e-10
-8.65974e-11
-1.16351e-10
-3.06422e-11
-1.16351e-10
-9.32587e-11
-1.59872e-11
2.66454e-12
-8.88178e-12
-1.02141e-10
-1.02141e-10
-8.70415e-11
-1.02141e-10
-7.19425e-11
-8.70415e-11
-1.33227e-12
-1.59872e-11
-1.73195e-11
-3.55271e-11
-1.46549e-11
-1.46549e-11
-8.70415e-11
-1.46549e-11
-8.57092e-11
-1.11022e-11
-2.66454e-12
7.54952e-12
-1.59872e-11
-2.30926e-11
1.33227e-12
-7.41629e-11
-3.15303e-11
0
-2.30926e-11
3.55271e-12
-4.44089e-12
-1.33227e-12
2.66454e-12
-3.77476e-11
-1.02141e-10
-1.02141e-10
-8.70415e-11
-1.02141e-10
-8.52651e-11
-1.02141e-10
-8.70415e-11
-2.22045e-12
-8.34888e-11
-9.4591e-11
-9.14824e-11
-9.14824e-11
-9.14824e-11
-9.14824e-11
-1.77636e-11
-9.14824e-11
8.57092e-11
-8.17124e-11
-9.90319e-11
-8.12683e-11
-8.17124e-11
5.32907e-12
-8.34888e-11
-8.17124e-11
-9.37028e-11
-8.17124e-11
8.08242e-11
-2.9754e-11
-8.88178e-13
-4.88498e-11
-3.06422e-11
-8.88178e-13
-2.84217e-11
-3.06422e-11
-3.9968e-12
-3.06422e-11
4.88498e-12
-3.10862e-12
-3.68594e-11
-4.44089e-13
-2.22045e-12
-3.59712e-11
-4.66294e-11
-3.59712e-11
1.11022e-11
-3.59712e-11
-8.52651e-11
-5.86198e-11
-1.82077e-11
-2.75335e-11
-4.13003e-11
-8.88178e-13
-1.11466e-10
-4.13003e-11
-1.15463e-10
-3.81917e-11
-1.28786e-11
-5.28466e-11
-1.39e-10
-4.44089e-13
-1.38556e-10
-1.38556e-10
-1.38556e-10
-1.38556e-10
6.21725e-12
-1.38556e-10
-1.02585e-10
-3.06422e-11
-1.24345e-11
-1.33227e-12
-1.16351e-10
-1.16351e-10
-1.16795e-10
-1.16351e-10
-1.0969e-10
-8.70415e-11
-8.79297e-11
-8.88178e-12
-5.15143e-11
9.76996e-12
-7.99361e-12
-5.19584e-11
-1.2168e-10
-7.99361e-12
-8.30447e-11
-4.44089e-12
-1.00808e-10
6.21725e-12
-3.06422e-11
-5.9952e-11
8.88178e-13
-1.03917e-10
6.21725e-12
1.33227e-12
-6.66134e-12
-2.79776e-11
-9.32587e-11
-8.88178e-12
-3.4639e-11
6.21725e-12
-9.4591e-11
-1.38556e-10
-1.2168e-10
-9.4591e-11
-8.88178e-11
-1.2168e-10
-1.02585e-10
-1.02585e-10
-7.90479e-11
-5.32907e-12
-1.02585e-10
-8.52651e-11
-1.02585e-10
-1.02585e-10
8.08242e-11
-1.02585e-10
8.65974e-11
1.77636e-12
-1.5099e-11
8.88178e-13
1.77636e-12
-1.5099e-11
3.10862e-12
1.77636e-12
8.65974e-11
1.77636e-12
4.44089e-12
4.35207e-11
3.9968e-12
3.9968e-12
3.10862e-12
3.9968e-12
1.42109e-11
6.66134e-12
2.53131e-11
4.39648e-11
-8.30447e-11
-1.46549e-11
4.9738e-11
2.22045e-11
1.82077e-11
1.82077e-11
-2.57572e-11
1.90958e-11
4.66294e-11
1.90958e-11
8.61533e-11
-3.9968e-11
-1.82077e-11
-2.53131e-11
6.66134e-12
6.66134e-12
3.10862e-12
3.55271e-12
2.53131e-11
3.9968e-12
9.59233e-11
-2.57572e-11
7.54952e-12
2.22045e-11
-2.57572e-11
1.82077e-11
-1.11022e-11
-2.57572e-11
3.19744e-11
-2.57572e-11
8.43769e-12
1.59872e-11
1.02141e-11
-3.55271e-11
-3.68594e-11
3.55271e-12
-2.93099e-11
-1.06581e-11
-2.57572e-11
-5.19584e-11
-8.4821e-11
-4.04121e-11
2.22045e-12
1.59872e-11
1.46549e-11
0
-5.50671e-11
1.46549e-11
-2.57572e-11
1.46549e-11
-8.26006e-11
4.88498e-12
-4.04121e-11
-2.08722e-11
1.33227e-12
-2.17604e-11
-1.37668e-11
-3.59712e-11
2.22045e-11
1.33227e-12
-7.9492e-11
-2.4869e-11
1.02141e-11
8.88178e-13
-3.73035e-11
3.55271e-12
-5.59552e-11
-1.11022e-11
-3.06422e-11
-3.68594e-11
1.33227e-12
-9.9476e-11
4.88498e-12
8.83738e-11
4.44089e-12
6.21725e-12
4.44089e-12
4.44089e-12
9.9476e-11
4.44089e-12
-4.44089e-13
8.88178e-13
2.04281e-11
0
8.88178e-13
-8.57092e-11
1.33227e-12
8.88178e-13
1.24345e-11
8.88178e-13
0
0
0
0
0
0
0
0
-4.26326e-11
2.79776e-11
0
-5.01821e-11
-1.68754e-11
1.33227e-12
-3.10862e-12
-1.68754e-11
3.06422e-11
-1.77636e-11
1.33227e-12
-1.77636e-11
-1.11022e-11
4.44089e-13
1.46549e-11
0
4.04121e-11
1.55431e-11
4.88498e-12
4.04121e-11
0
-4.44089e-13
0
3.4639e-11
0
-2.70894e-11
0
0
3.4639e-11
0
-2.70894e-11
0
0
-5.32907e-12
2.17604e-11
-5.28466e-11
-5.32907e-12
-5.32907e-12
-5.32907e-12
-5.32907e-12
2.17604e-11
-3.4639e-11
-3.55271e-12
-2.66454e-11
4.39648e-11
-6.21725e-12
-2.66454e-11
1.68754e-11
0
-2.66454e-11
-6.66134e-12
-2.66454e-11
1.73195e-11
-4.44089e-13
2.79776e-11
4.70735e-11
-3.06422e-11
2.79776e-11
0
-3.06422e-11
-2.4869e-11
0
-3.55271e-12
-1.11022e-11
-1.02141e-11
0
-8.43769e-12
-1.02141e-11
3.41949e-11
-8.43769e-12
0
1.82077e-11
-3.55271e-12
1.42109e-11
8.30447e-11
0
1.42109e-11
8.30447e-11
1.42109e-11
1.42109e-11
0
1.42109e-11
-8.88178e-13
8.30447e-11
-3.9968e-12
3.9968e-12
-2.66454e-12
1.00808e-10
-2.22045e-12
-2.66454e-12
-8.65974e-11
-2.66454e-12
1.77636e-12
1.15463e-11
-5.10703e-11
1.59872e-11
1.15463e-11
-1.86517e-11
-3.10862e-12
7.99361e-12
4.44089e-13
7.99361e-12
-9.32587e-12
-1.46549e-11
9.76996e-12
0
1.11022e-11
9.76996e-12
-3.9968e-12
1.15463e-11
1.33227e-12
1.15463e-11
0
3.95239e-11
-2.62013e-11
4.66294e-11
-4.70735e-11
6.21725e-12
-2.22045e-12
-1.02141e-11
3.9968e-12
-4.70735e-11
4.44089e-13
5.37348e-11
-2.35367e-11
-3.9968e-12
3.64153e-11
-2.35367e-11
3.9968e-12
2.57572e-11
-5.77316e-11
2.57572e-11
-1.28786e-11
-2.66454e-12
2.66454e-12
0
5.06262e-11
9.76996e-12
-2.08722e-11
2.39808e-11
2.9754e-11
5.01821e-11
8.34888e-11
4.70735e-11
1.28786e-11
4.44089e-12
-1.33227e-12
1.33227e-11
4.35207e-11
-1.77636e-12
1.77636e-11
-1.77636e-12
8.4821e-11
-6.21725e-12
2.04281e-11
1.64313e-11
-1.33227e-11
-1.42109e-11
5.63993e-11
1.5099e-11
-5.68434e-11
-1.33227e-11
4.44089e-13
1.73195e-11
3.55271e-12
-8.88178e-13
5.01821e-11
9.32587e-12
4.39648e-11
2.39808e-11
0
5.01821e-11
8.43769e-11
1.02141e-11
0
-8.34888e-11
7.19425e-11
-6.66134e-12
1.33227e-12
1.77636e-12
-8.08242e-11
1.77636e-12
0
8.57092e-11
-1.9984e-11
-7.10543e-12
8.57092e-11
8.57092e-11
8.57092e-11
8.57092e-11
8.34888e-11
8.57092e-11
6.21725e-12
0
4.44089e-13
4.84057e-11
0
0
0
0
4.79616e-11
0
-1.19904e-11
0
4.9738e-11
-1.5099e-11
-3.55271e-12
4.9738e-11
-3.68594e-11
4.35207e-11
-2.35367e-11
4.35207e-11
1.00364e-10
4.44089e-11
-4.13003e-11
1.90958e-11
0
-1.5099e-11
9.32587e-12
-1.06581e-11
2.84217e-11
2.66454e-11
-7.41629e-11
-3.4639e-11
1.73195e-11
2.75335e-11
4.75175e-11
1.73195e-11
1.9984e-11
0
-2.4869e-11
0
3.9968e-12
3.28626e-11
-2.17604e-11
4.08562e-11
3.37508e-11
3.28626e-11
2.79776e-11
3.28626e-11
1.9984e-11
3.01981e-11
8.92619e-11
3.28626e-11
6.21725e-12
-3.81917e-11
3.37508e-11
3.28626e-11
-1.59872e-11
3.28626e-11
-5.63993e-11
3.28626e-11
8.26006e-11
0
0
0
2.4869e-11
0
-2.57572e-11
-2.57572e-11
0
2.4869e-11
3.10862e-12
-4.26326e-11
9.76996e-12
-2.66454e-11
6.66134e-12
1.06581e-11
2.22045e-12
-3.5083e-11
-1.24345e-11
4.88498e-12
1.9984e-11
0
-8.61533e-11
-7.90479e-11
-1.77636e-11
-8.57092e-11
-6.66134e-12
0
-8.57092e-11
0
-7.10543e-12
-1.06581e-11
1.03473e-10
0
0
-3.77476e-11
7.50511e-11
0
2.66454e-12
-1.77636e-12
-8.52651e-11
-2.57572e-11
6.12843e-11
-1.15463e-11
2.22045e-12
3.06422e-11
-1.11022e-11
-5.50671e-11
-1.73195e-11
2.22045e-12
8.83738e-11
2.57572e-11
-2.75335e-11
-5.77316e-11
1.33227e-12
1.77636e-12
2.57572e-11
1.33227e-12
-6.21725e-12
1.33227e-12
-1.15463e-11
-1.42109e-11
0
-3.73035e-11
5.28466e-11
0
-3.9968e-12
1.06581e-11
7.54952e-12
5.28466e-11
0
-2.22045e-12
1.9984e-11
-6.66134e-12
1.95399e-11
1.9984e-11
7.99361e-12
2.57572e-11
3.10862e-11
3.06422e-11
8.88178e-12
-5.37348e-11
-2.75335e-11
2.13163e-11
-3.55271e-12
-2.79776e-11
4.66294e-11
-5.37348e-11
-3.5083e-11
-9.32587e-12
-9.23706e-11
3.9968e-12
-5.32907e-11
1.11022e-11
2.22045e-12
-5.37348e-11
1.24345e-11
-2.22045e-12
-2.17604e-11
3.10862e-12
-8.65974e-11
-3.73035e-11
2.79776e-11
7.10543e-12
-3.37508e-11
2.62013e-11
-5.77316e-12
-4.17444e-11
4.30767e-11
-3.90799e-11
4.44089e-13
-1.33227e-12
-5.41789e-11
3.24185e-11
3.10862e-12
-5.41789e-11
6.66134e-12
-2.66454e-12
2.84217e-11
3.55271e-12
-8.70415e-11
-1.46549e-11
-2.66454e-12
3.9968e-12
-6.9722e-11
8.92619e-11
4.44089e-13
-4.44089e-13
-5.77316e-12
0
-2.13163e-11
-8.57092e-11
-4.44089e-13
0
0
0
0
0
0
0
0
2.9754e-11
-2.93099e-11
4.44089e-13
2.93099e-11
-2.9754e-11
1.46549e-11
2.88658e-11
4.44089e-13
1.33227e-12
-2.53131e-11
0
-3.33067e-11
1.33227e-11
-2.66454e-11
-3.28626e-11
4.35207e-11
-2.66454e-11
-2.08722e-11
-2.66454e-11
-8.92619e-11
4.44089e-13
0
0
0
0
4.44089e-13
0
-2.84217e-11
0
0
0
2.66454e-11
-5.32907e-12
0
2.66454e-11
0
4.35207e-11
-1.02141e-11
4.39648e-11
1.33227e-11
0
-3.24185e-11
7.54952e-12
4.44089e-13
-5.9952e-11
-8.88178e-13
0
-5.90639e-11
0
-1.03473e-10
-5.01821e-11
-6.03961e-11
2.08722e-11
0
-5.9952e-11
3.95239e-11
0
5.28466e-11
0
-8.61533e-11
-1.59872e-11
0
-4.70735e-11
5.32907e-12
0
1.86517e-11
5.19584e-11
2.53131e-11
5.32907e-12
0
5.41789e-11
-9.76996e-12
-1.68754e-11
8.43769e-12
-9.76996e-12
-1.24345e-11
5.01821e-11
-4.57412e-11
6.21725e-12
-2.04281e-11
-1.42109e-11
8.39329e-11
-3.9968e-12
9.01501e-11
8.34888e-11
8.88178e-12
-3.55271e-12
-8.88178e-12
-3.10862e-12
7.99361e-12
1.28786e-11
-8.34888e-11
8.34888e-11
8.79297e-11
3.86358e-11
1.28786e-11
8.79297e-11
8.52651e-11
8.9706e-11
-1.77636e-12
2.22045e-11
8.65974e-11
1.0747e-10
-5.32907e-12
8.57092e-11
2.22045e-11
5.24025e-11
2.22045e-11
-5.32907e-12
4.44089e-12
-1.02141e-11
1.55431e-11
5.86198e-11
-1.55431e-11
-1.42109e-11
7.10543e-12
-1.55431e-11
6.66134e-12
-1.55431e-11
-7.14984e-11
1.06581e-11
1.39e-10
1.14131e-10
0
-2.22045e-12
1.77636e-11
2.66454e-12
0
0
-8.26006e-11
6.66134e-12
1.77636e-11
9.41469e-11
1.77636e-12
1.77636e-11
8.08242e-11
7.10543e-12
1.59872e-11
1.77636e-12
8.30447e-11
5.19584e-11
1.16351e-10
2.39808e-11
2.22045e-12
2.93099e-11
7.10543e-12
5.19584e-11
1.16351e-10
1.42109e-11
9.32587e-11
8.88178e-13
5.50671e-11
3.55271e-12
7.14984e-11
5.50671e-11
8.88178e-13
6.66134e-12
1.33227e-11
1.33227e-12
8.03801e-11
4.44089e-11
3.55271e-12
2.13163e-11
4.79616e-11
5.32907e-12
9.01501e-11
6.39488e-11
9.32587e-12
5.32907e-11
8.34888e-11
9.23706e-11
5.24025e-11
7.99361e-12
-1.82077e-11
5.19584e-11
9.05942e-11
-1.37668e-11
3.9968e-12
8.65974e-11
3.9968e-12
1.05249e-10
8.21565e-11
8.30447e-11
8.43769e-11
-3.10862e-12
-4.44089e-13
8.88178e-13
5.77316e-12
0
-6.4837e-11
8.70415e-11
1.86517e-11
9.01501e-11
1.33227e-12
1.33227e-12
1.33227e-12
1.33227e-12
8.88178e-13
1.33227e-12
-8.70415e-11
-3.55271e-12
1.16795e-10
8.88178e-11
-3.55271e-12
1.16795e-10
1.15463e-11
-3.55271e-12
0
-3.55271e-12
3.68594e-11
3.73035e-11
2.04281e-11
1.33227e-12
2.04281e-11
2.04281e-11
1.06581e-11
2.04281e-11
4.4853e-11
2.04281e-11
6.21725e-12
-2.22045e-12
1.25677e-10
8.30447e-11
1.59872e-11
1.5099e-11
1.33227e-11
2.44249e-11
3.10862e-11
2.62013e-11
1.33227e-12
5.4623e-11
1.06581e-11
8.61533e-11
7.54952e-12
1.06581e-11
7.90479e-11
1.06581e-11
4.70735e-11
1.06581e-11
7.90479e-11
-1.77636e-12
1.49214e-10
4.88498e-12
-4.44089e-13
6.21725e-11
8.88178e-12
-1.77636e-12
1.42109e-10
7.10543e-12
1.03917e-10
4.79616e-11
6.21725e-11
1.42109e-11
7.41629e-11
6.21725e-11
1.37668e-11
4.88498e-12
-8.43769e-12
4.88498e-12
7.9492e-11
2.26485e-11
-1.77636e-12
5.9952e-11
1.77636e-12
-1.77636e-12
9.72555e-11
6.21725e-12
1.77636e-12
1.77636e-12
9.32587e-11
9.14824e-11
5.77316e-11
4.08562e-11
-1.55431e-11
5.81757e-11
9.68114e-11
-1.5099e-11
6.30607e-11
9.10383e-11
2.04281e-11
1.01252e-10
-2.66454e-12
8.74856e-11
1.42109e-11
-2.66454e-12
4.44089e-13
6.21725e-12
1.55431e-11
6.21725e-12
-8.57092e-11
)
;

boundaryField
{
    frontAndBack
    {
        type            calculated;
        value           uniform 0;
    }
    left
    {
        type            calculated;
        value           nonuniform List<scalar> 
100
(
-1.15907e-09
-1.1795e-09
-1.18572e-09
-1.18616e-09
-1.18217e-09
-1.1835e-09
-1.18217e-09
-1.18794e-09
-1.18039e-09
4.75175e-11
-1.12887e-09
-1.18394e-09
-1.20126e-09
-1.16618e-09
-1.20393e-09
-1.1644e-09
-1.20393e-09
-1.19238e-09
-1.13909e-09
6.39488e-11
1.02141e-11
-3.9968e-12
0
4.44089e-12
2.66454e-12
8.88178e-12
-7.99361e-12
3.55271e-12
3.10862e-12
0
-3.15303e-11
7.54952e-12
-3.33067e-11
-4.44089e-13
0
-3.33067e-11
1.64313e-11
-2.04281e-11
0
-3.90799e-11
-1.64313e-11
-6.21725e-12
-1.55431e-11
-8.88178e-12
-2.35367e-11
8.88178e-12
-1.24345e-11
-4.44089e-11
3.77476e-11
1.68754e-11
0
-7.54952e-12
2.53131e-11
-3.55271e-11
5.28466e-11
5.37348e-11
2.79776e-11
2.79776e-11
-9.76996e-12
2.93099e-11
3.19744e-11
4.4853e-11
5.32907e-12
2.13163e-11
3.90799e-11
5.32907e-12
1.19904e-11
6.35048e-11
-1.64313e-11
-3.15303e-11
-5.32907e-12
1.42109e-11
3.4639e-11
7.99361e-12
-3.19744e-11
6.21725e-12
-2.13163e-11
-3.10862e-12
3.55271e-12
-2.70894e-11
-6.21725e-11
1.15552e-09
1.15419e-09
1.19904e-09
1.15463e-09
1.19282e-09
1.20259e-09
1.17195e-09
1.1533e-09
1.13065e-09
-3.01981e-11
1.1795e-09
1.13376e-09
1.22302e-09
1.17195e-09
1.1724e-09
1.19016e-09
1.19504e-09
1.14175e-09
1.13642e-09
)
;
    }
    right
    {
        type            calculated;
        value           nonuniform List<scalar> 
100
(
8.08242e-11
3.55271e-12
-8.21565e-11
-9.76996e-11
-9.32587e-11
-1.33227e-12
-2.66454e-12
-4.44089e-12
-8.70415e-11
8.57092e-11
8.08242e-11
4.88498e-12
-8.52651e-11
-1.28786e-11
-1.02585e-10
-8.79297e-11
-1.00808e-10
-9.32587e-11
-1.02585e-10
8.65974e-11
4.44089e-12
-8.30447e-11
8.61533e-11
9.59233e-11
8.43769e-12
-8.4821e-11
-8.26006e-11
-7.9492e-11
1.33227e-12
-4.44089e-13
0
0
-1.11022e-11
0
0
-3.55271e-12
1.73195e-11
-3.55271e-12
-3.55271e-12
-8.88178e-13
1.77636e-12
-9.32587e-12
0
4.44089e-13
-1.28786e-11
8.34888e-11
8.4821e-11
4.44089e-13
8.43769e-11
0
6.21725e-12
-1.19904e-11
1.00364e-10
-7.41629e-11
3.9968e-12
8.92619e-11
8.26006e-11
3.10862e-12
1.9984e-11
-7.10543e-12
-8.52651e-11
8.83738e-11
-1.15463e-11
0
8.88178e-12
-9.23706e-11
-8.65974e-11
4.44089e-13
-8.70415e-11
-2.13163e-11
0
-2.53131e-11
-8.92619e-11
0
1.33227e-11
-1.03473e-10
-8.61533e-11
0
-2.04281e-11
7.99361e-12
-1.77636e-12
4.44089e-12
-7.14984e-11
-8.26006e-11
8.30447e-11
9.32587e-11
8.03801e-11
8.34888e-11
3.9968e-12
-6.4837e-11
-8.70415e-11
3.68594e-11
6.21725e-12
1.33227e-12
7.90479e-11
1.03917e-10
7.9492e-11
9.32587e-11
2.04281e-11
-8.57092e-11
)
;
    }
    lowerWall
    {
        type            calculated;
        value           nonuniform List<scalar> 
300
(
-1.15907e-09
-1.12887e-09
1.02141e-11
-3.15303e-11
-1.64313e-11
0
3.19744e-11
-5.32907e-12
-6.21725e-11
-3.01981e-11
-1.95399e-11
-2.53131e-11
6.66134e-12
6.21725e-12
-1.28786e-11
0
2.93099e-11
-2.66454e-12
1.1724e-09
1.19904e-09
-1.33227e-12
1.64313e-11
7.99361e-12
-3.5083e-11
8.88178e-12
2.75335e-11
2.66454e-12
2.93099e-11
-1.5099e-11
-3.10862e-11
8.88178e-12
9.76996e-12
-2.17604e-11
4.44089e-13
2.13163e-11
-2.9754e-11
-4.44089e-13
0
2.39808e-11
5.24025e-11
-4.44089e-12
-1.42109e-11
0
0
-9.76996e-12
6.66134e-12
5.06262e-11
0
-3.64153e-11
8.43769e-12
-1.68754e-11
0
1.42109e-11
-2.08722e-11
3.10862e-12
0
-1.64313e-11
1.01696e-10
9.90319e-11
2.22045e-12
-6.21725e-12
-2.04281e-11
0
1.86517e-11
8.70415e-11
7.14984e-11
2.22045e-12
0
-8.30447e-11
-6.9722e-11
8.88178e-13
-8.39329e-11
-8.88178e-13
8.30447e-11
-9.63674e-11
-8.26006e-11
9.59233e-11
0
4.44089e-13
8.34888e-11
-2.66454e-12
8.12683e-11
-3.55271e-12
0
8.70415e-11
-8.61533e-11
-8.03801e-11
7.41629e-11
-8.88178e-13
-7.10543e-11
-8.61533e-11
-8.34888e-11
0
-1.73195e-11
3.10862e-12
-3.55271e-12
8.30447e-11
0
-8.30447e-11
2.04281e-11
-8.08242e-11
-7.90479e-11
1.77636e-12
-6.21725e-12
-1.68754e-11
0
1.15463e-11
8.88178e-13
4.44089e-12
6.21725e-12
-9.32587e-11
-8.70415e-11
7.54952e-12
-1.82077e-11
-1.77636e-12
1.82077e-11
-3.9968e-12
8.30447e-11
5.77316e-12
-8.08242e-11
-8.26006e-11
-8.39329e-11
-3.10862e-12
1.33227e-12
8.74856e-11
0
-1.06581e-11
-8.88178e-13
1.37668e-11
8.70415e-11
-2.22045e-12
-8.30447e-11
-8.12683e-11
0
-9.76996e-12
0
-1.02141e-11
-3.9968e-12
1.9984e-11
4.44089e-12
-8.61533e-11
-4.44089e-13
-3.10862e-12
-8.57092e-11
1.77636e-12
8.57092e-11
1.33227e-12
0
8.65974e-11
1.33227e-12
3.9968e-12
-8.34888e-11
-8.39329e-11
8.43769e-11
8.30447e-11
0
-3.9968e-12
0
3.9968e-12
3.9968e-12
-1.02141e-10
-8.88178e-12
9.76996e-11
0
-9.01501e-11
-8.65974e-11
3.55271e-12
-2.66454e-12
8.92619e-11
9.54792e-11
-8.08242e-11
-8.17124e-11
1.77636e-12
8.88178e-13
8.30447e-11
0
-8.34888e-11
0
8.57092e-11
8.70415e-11
-8.34888e-11
-8.30447e-11
0
0
0
0
-5.77316e-12
-4.44089e-12
6.21725e-12
4.44089e-12
-3.77476e-11
-5.77316e-12
-5.19584e-11
8.88178e-13
-8.88178e-13
-8.34888e-11
3.10862e-12
4.44089e-13
8.4821e-11
8.74856e-11
-8.08242e-11
-8.17124e-11
1.77636e-12
8.88178e-13
8.30447e-11
8.57092e-11
-1.06581e-11
-8.57092e-11
1.28786e-11
8.70415e-11
-8.08242e-11
-9.90319e-11
-1.5099e-11
2.04281e-11
-3.9968e-12
-1.9984e-11
1.03473e-10
-4.44089e-13
-8.34888e-11
1.86517e-11
-8.65974e-11
-8.12683e-11
8.88178e-13
0
3.9968e-12
-7.10543e-12
0
0
8.34888e-11
9.01501e-11
-8.08242e-11
-8.17124e-11
1.77636e-12
8.88178e-13
-2.66454e-12
8.57092e-11
0
0
8.79297e-11
1.33227e-12
-8.08242e-11
5.32907e-12
-1.5099e-11
-8.57092e-11
1.00808e-10
8.57092e-11
-3.77476e-11
0
3.86358e-11
1.33227e-12
-8.52651e-11
-8.34888e-11
3.10862e-12
1.33227e-12
-2.22045e-12
8.57092e-11
7.50511e-11
0
1.28786e-11
1.33227e-12
-8.08242e-11
-8.17124e-11
1.77636e-12
8.88178e-13
-2.66454e-12
8.57092e-11
0
0
8.79297e-11
1.33227e-12
-8.39329e-11
-9.37028e-11
8.65974e-11
1.24345e-11
-8.65974e-11
8.34888e-11
2.66454e-12
0
8.52651e-11
8.88178e-13
-8.08242e-11
-8.17124e-11
1.77636e-12
8.88178e-13
-2.66454e-12
8.57092e-11
-1.77636e-12
0
8.9706e-11
1.33227e-12
8.08242e-11
8.08242e-11
4.44089e-12
0
1.77636e-12
6.21725e-12
-8.52651e-11
0
-1.77636e-12
-8.70415e-11
)
;
    }
    upperWall
    {
        type            calculated;
        value           nonuniform List<scalar> 
300
(
4.75175e-11
6.39488e-11
0
-3.90799e-11
1.68754e-11
2.93099e-11
-3.15303e-11
-2.70894e-11
1.13065e-09
1.13642e-09
2.08722e-11
-2.44249e-11
-6.66134e-12
0
-2.9754e-11
2.4869e-11
-4.44089e-12
-2.79776e-11
1.23634e-09
1.24212e-09
-9.32587e-12
-1.42109e-11
4.08562e-11
0
-1.28786e-11
4.44089e-12
-3.24185e-11
2.84217e-11
4.92939e-11
1.68754e-11
-5.28466e-11
-5.24025e-11
7.99361e-12
2.9754e-11
-2.4869e-11
0
1.11022e-11
-1.64313e-11
2.57572e-11
7.10543e-12
-1.19904e-11
-1.46549e-11
6.66134e-12
0
-9.32587e-12
0
0
0
9.32587e-12
9.76996e-12
-8.21565e-11
-1.03029e-10
-6.66134e-12
0
-1.37668e-11
0
1.37668e-11
2.04281e-11
9.01501e-11
8.43769e-11
-1.02585e-10
-1.03473e-10
1.03473e-10
-8.88178e-13
-1.33227e-12
0
-1.01252e-10
1.01252e-10
1.90958e-11
-8.21565e-11
6.21725e-12
-9.32587e-11
-9.9476e-11
1.11022e-11
1.02141e-11
0
-3.55271e-12
6.21725e-12
9.76996e-12
0
-1.86517e-11
1.33227e-12
1.68754e-11
-1.95399e-11
8.34888e-11
1.9984e-11
0
-1.77636e-12
3.10862e-12
8.61533e-11
-6.21725e-12
0
3.10862e-12
0
-1.77636e-12
0
-1.24345e-11
-4.44089e-12
1.01696e-10
8.92619e-11
-9.14824e-11
-1.02585e-10
-1.02141e-11
1.73195e-11
1.02141e-11
-6.21725e-12
-3.55271e-12
-1.42109e-11
9.76996e-12
2.04281e-11
-8.61533e-11
-1.03473e-10
1.77636e-12
1.5099e-11
0
3.9968e-12
-1.95399e-11
0
1.02585e-10
8.34888e-11
-1.33227e-12
-1.02141e-10
-1.00808e-10
1.11022e-11
9.9476e-11
6.21725e-12
0
-1.77636e-12
-8.43769e-11
1.33227e-12
-9.23706e-11
-1.03029e-10
2.22045e-12
1.55431e-11
-5.32907e-12
3.9968e-12
-7.10543e-12
-1.19904e-11
1.00808e-10
9.32587e-11
-8.65974e-11
-8.52651e-11
8.88178e-13
-6.21725e-12
8.26006e-11
-1.02141e-11
-3.64153e-11
1.68754e-11
3.68594e-11
8.34888e-11
-8.57092e-11
-1.00808e-10
2.66454e-12
1.00364e-10
-1.73195e-11
-9.99201e-11
9.99201e-11
9.76996e-11
-8.39329e-11
-8.17124e-11
-9.23706e-11
-1.03029e-10
9.10383e-11
1.5099e-11
-1.00364e-10
3.9968e-12
1.5099e-11
-1.90958e-11
4.44089e-12
1.95399e-11
-1.33227e-12
-1.02141e-10
-8.43769e-11
1.73195e-11
-6.21725e-12
-6.21725e-12
8.92619e-11
-1.42109e-11
-8.26006e-11
1.9984e-11
0
-1.9984e-11
0
1.46549e-11
-1.90958e-11
4.44089e-12
1.37668e-11
-1.9984e-11
8.92619e-11
1.02585e-10
-4.88498e-12
-8.26006e-11
3.9968e-12
-6.66134e-12
-9.99201e-11
8.92619e-11
9.99201e-11
-8.74856e-11
8.88178e-13
8.79297e-11
-2.22045e-12
-1.02585e-10
-9.9476e-11
1.42109e-11
1.02141e-11
0
-1.46549e-11
-1.42109e-11
1.05249e-10
1.01252e-10
-8.34888e-11
-7.90479e-11
4.88498e-12
8.30447e-11
0
-8.61533e-11
-2.66454e-12
8.39329e-11
8.21565e-11
-2.66454e-12
-9.4591e-11
-5.32907e-12
8.83738e-11
0
-8.34888e-11
-7.90479e-11
3.9968e-12
-3.9968e-12
8.30447e-11
8.74856e-11
-9.14824e-11
-1.02585e-10
4.44089e-12
1.42109e-11
7.19425e-11
-1.77636e-11
-6.9722e-11
9.01501e-11
8.43769e-11
1.42109e-11
-9.14824e-11
-8.52651e-11
6.21725e-12
8.30447e-11
-6.66134e-12
-8.57092e-11
8.92619e-11
8.34888e-11
-3.10862e-12
-2.66454e-12
-9.14824e-11
-1.02585e-10
4.44089e-12
1.42109e-11
1.33227e-12
-6.66134e-12
4.44089e-13
8.88178e-12
-4.44089e-13
4.44089e-13
-9.14824e-11
-1.02585e-10
4.44089e-12
1.42109e-11
1.77636e-12
0
-4.44089e-13
-3.55271e-12
8.88178e-13
6.21725e-12
-1.77636e-11
8.08242e-11
9.9476e-11
0
-8.08242e-11
-8.57092e-11
-5.77316e-12
-8.88178e-12
5.77316e-12
1.55431e-11
-9.14824e-11
-1.02585e-10
4.44089e-12
1.42109e-11
1.77636e-12
0
0
-3.10862e-12
0
6.21725e-12
8.57092e-11
8.65974e-11
-4.44089e-13
-8.88178e-13
0
-7.10543e-12
-2.13163e-11
7.99361e-12
-6.4837e-11
-8.57092e-11
)
;
    }
}


// ************************************************************************* //
