/*--------------------------------*- C++ -*----------------------------------*\
  =========                 |
  \\      /  F ield         | OpenFOAM: The Open Source CFD Toolbox
   \\    /   O peration     | Website:  https://openfoam.org
    \\  /    A nd           | Version:  10
     \\/     M anipulation  |
\*---------------------------------------------------------------------------*/
FoamFile
{
    format      ascii;
    class       volScalarField;
    location    "1.5";
    object      gradTx;
}
// * * * * * * * * * * * * * * * * * * * * * * * * * * * * * * * * * * * * * //

dimensions      [0 -1 0 1 0 0 0];

internalField   nonuniform List<scalar> 
3000
(
-497.018
-2.97307
-0.00893964
-1.79888e-05
-2.73142e-08
-5.59552e-11
8.34888e-11
0
0
7.90479e-11
-497.018
-2.97307
-0.00893964
-1.79888e-05
-2.73142e-08
-5.4623e-11
1.68754e-11
-1.06581e-11
-2.66454e-12
1.5099e-11
-497.018
-2.97307
-0.00893964
-1.79888e-05
-2.73235e-08
-6.17284e-11
0
1.01696e-10
-4.44089e-13
-8.08242e-11
-497.018
-2.97307
-0.00893964
-1.79888e-05
-2.72196e-08
-9.90319e-11
0
0
-8.57092e-11
6.21725e-12
-497.018
-2.97307
-0.00893964
-1.79888e-05
-2.73173e-08
-4.52971e-11
1.03029e-10
8.52651e-11
-9.9476e-11
-8.30447e-11
-497.018
-2.97307
-0.00893964
-1.79888e-05
-2.72968e-08
-6.17284e-11
-1.64313e-11
1.01696e-10
1.64313e-11
-9.81437e-11
-497.018
-2.97307
-0.00893964
-1.79888e-05
-2.72125e-08
1.86517e-11
2.22045e-12
0
-9.99201e-11
1.42109e-11
-497.018
-2.97307
-0.00893964
-1.79888e-05
-2.7323e-08
-6.83897e-11
8.26006e-11
1.33227e-11
-9.59233e-11
-5.32907e-12
-497.018
-2.97307
-0.00893964
-1.79888e-05
-2.7236e-08
-9.72555e-11
-8.03801e-11
7.41629e-11
-1.95399e-11
-7.63833e-11
-497.018
-2.97307
-0.00893965
-1.79888e-05
-2.72635e-08
2.66454e-11
-6.21725e-12
-8.4821e-11
-7.63833e-11
8.65974e-11
-497.018
-2.97307
-0.00893964
-1.79888e-05
-2.73408e-08
-5.72875e-11
1.01252e-10
3.10862e-12
-8.65974e-11
8.88178e-13
-497.018
-2.97307
-0.00893964
-1.79888e-05
-2.73399e-08
-3.9968e-11
4.04121e-11
-1.73195e-11
9.76996e-12
-3.9968e-12
-497.018
-2.97307
-0.00893964
-1.79889e-05
-2.73044e-08
-5.28466e-11
5.32907e-12
6.08402e-11
3.10862e-12
-3.37508e-11
-497.018
-2.97307
-0.00893964
-1.79888e-05
-2.72951e-08
-8.30447e-11
-1.28786e-11
0
-1.9984e-11
-2.57572e-11
-497.018
-2.97307
-0.00893964
-1.79889e-05
-2.73497e-08
-2.70894e-11
5.72875e-11
0
-4.70735e-11
1.33227e-12
-497.018
-2.97307
-0.00893964
-1.79889e-05
-2.73261e-08
-5.28466e-11
5.32907e-12
6.03961e-11
3.55271e-12
-1.37668e-11
-497.018
-2.97307
-0.00893964
-1.79888e-05
-2.73546e-08
-4.66294e-11
5.68434e-11
0
-4.75175e-11
-2.9754e-11
-497.018
-2.97307
-0.00893964
-1.79888e-05
-2.73039e-08
-9.63674e-11
7.10543e-12
0
-4.08562e-11
4.08562e-11
-497.018
-2.97307
-0.00893964
-1.79888e-05
-2.72946e-08
-5.59552e-11
-9.32587e-12
-3.77476e-11
-5.06262e-11
2.75335e-11
-497.018
-2.97307
-0.00893965
-1.79888e-05
-2.72937e-08
-6.4837e-11
8.30447e-11
0
-8.92619e-11
1.42109e-11
-497.018
-2.97307
-0.00893964
-1.79888e-05
-2.73244e-08
-6.17284e-11
0
1.01696e-10
-4.44089e-13
-8.08242e-11
-497.018
-2.97307
-0.00893964
-1.79889e-05
-2.73261e-08
-9.76996e-12
1.19904e-11
1.82077e-11
-3.9968e-12
8.88178e-13
-497.018
-2.97307
-0.00893964
-1.79888e-05
-2.72702e-08
-9.41469e-11
-4.44089e-13
-9.76996e-12
-6.03961e-11
5.9508e-11
-497.018
-2.97307
-0.00893964
-1.79888e-05
-2.73497e-08
-4.04121e-11
5.06262e-11
-2.66454e-11
-2.39808e-11
6.66134e-12
-497.018
-2.97307
-0.00893964
-1.79889e-05
-2.7331e-08
-5.28466e-11
9.76996e-12
4.44089e-13
-1.02141e-11
5.32907e-11
-497.018
-2.97307
-0.00893964
-1.79888e-05
-2.73244e-08
-1.03473e-10
6.03961e-11
-9.76996e-12
-1.55431e-11
6.21725e-11
-497.018
-2.97307
-0.00893964
-1.79889e-05
-2.7331e-08
-4.57412e-11
2.66454e-11
0
-1.68754e-11
1.68754e-11
-497.018
-2.97307
-0.00893964
-1.79888e-05
-2.73044e-08
-1.00364e-10
-1.15463e-11
0
-5.06262e-11
4.04121e-11
-497.018
-2.97307
-0.00893964
-1.79889e-05
-2.7355e-08
-4.26326e-11
9.76996e-12
-9.76996e-12
3.4639e-11
2.66454e-11
-497.018
-2.97307
-0.00893965
-1.79888e-05
-2.73146e-08
-6.12843e-11
2.66454e-12
2.04281e-11
1.73195e-11
-1.73195e-11
-497.018
-2.97307
-0.00893964
-1.79888e-05
-2.73048e-08
-5.72875e-11
8.57092e-11
0
-8.57092e-11
6.21725e-12
-497.018
-2.97307
-0.00893964
-1.79889e-05
-2.7323e-08
-2.26485e-11
1.46549e-11
0
-1.9984e-11
3.9968e-12
-497.018
-2.97307
-0.00893964
-1.79889e-05
-2.73497e-08
-4.57412e-11
1.64313e-11
3.5083e-11
1.06581e-11
1.77636e-12
-497.018
-2.97307
-0.00893964
-1.79889e-05
-2.73319e-08
-3.77476e-11
1.73195e-11
0
-3.19744e-11
0
-497.018
-2.97307
-0.00893964
-1.79888e-05
-2.73275e-08
-8.74856e-11
-3.90799e-11
3.33067e-11
5.37348e-11
-5.37348e-11
-497.018
-2.97307
-0.00893964
-1.79888e-05
-2.72946e-08
-5.28466e-11
-9.76996e-12
-1.11022e-11
-5.01821e-11
-1.64313e-11
-497.018
-2.97307
-0.00893964
-1.79888e-05
-2.72955e-08
-8.83738e-11
-4.75175e-11
3.33067e-11
5.37348e-11
-5.41789e-11
-497.018
-2.97307
-0.00893964
-1.79889e-05
-2.73772e-08
-8.88178e-12
4.44089e-11
-8.88178e-13
8.88178e-13
6.66134e-12
-497.018
-2.97307
-0.00893964
-1.79888e-05
-2.73315e-08
-7.90479e-11
1.19904e-11
-1.68754e-11
-4.70735e-11
2.17604e-11
-497.018
-2.97307
-0.00893965
-1.79888e-05
-2.73084e-08
3.19744e-11
-1.02141e-11
-8.57092e-11
1.33227e-11
-1.33227e-11
-497.018
-2.97307
-0.00893964
-1.79888e-05
-2.73448e-08
-4.30767e-11
1.03029e-10
8.30447e-11
-9.9476e-11
-8.79297e-11
-497.018
-2.97307
-0.00893964
-1.79889e-05
-2.73719e-08
-9.32587e-12
4.9738e-11
-1.68754e-11
-4.04121e-11
2.08722e-11
-497.018
-2.97307
-0.00893964
-1.79889e-05
-2.72777e-08
-4.26326e-11
-5.06262e-11
-9.76996e-12
-1.02141e-11
9.76996e-12
-497.018
-2.97307
-0.00893964
-1.79888e-05
-2.73497e-08
-7.54952e-12
1.73195e-11
-6.03961e-11
1.5099e-11
5.06262e-11
-497.018
-2.97307
-0.00893964
-1.79889e-05
-2.73714e-08
-5.28466e-11
4.4853e-11
0
-4.4853e-11
4.4853e-11
-497.018
-2.97307
-0.00893964
-1.79889e-05
-2.7355e-08
-4.30767e-11
5.37348e-11
-9.32587e-12
-9.32587e-12
2.75335e-11
-497.018
-2.97307
-0.00893964
-1.79889e-05
-2.73381e-08
-5.28466e-11
4.4853e-11
0
0
4.4853e-11
-497.018
-2.97307
-0.00893964
-1.79889e-05
-2.73017e-08
-7.99361e-12
-1.59872e-11
0
-1.15463e-11
-3.37508e-11
-497.018
-2.97307
-0.00893964
-1.79889e-05
-2.73497e-08
-4.26326e-11
5.68434e-11
-9.76996e-12
-1.24345e-11
6.03961e-11
-497.018
-2.97307
-0.00893965
-1.79888e-05
-2.73439e-08
-6.12843e-11
1.42109e-11
-8.88178e-13
6.66134e-12
2.04281e-11
-497.018
-2.97307
-0.00893964
-1.79888e-05
-2.73235e-08
3.95239e-11
-1.24345e-11
0
1.28786e-11
-9.81437e-11
-497.018
-2.97307
-0.00893964
-1.79889e-05
-2.73266e-08
-5.28466e-11
5.32907e-12
6.08402e-11
-2.35367e-11
-7.10543e-12
-497.018
-2.97307
-0.00893964
-1.79889e-05
-2.73248e-08
-5.28466e-11
4.70735e-11
0
-4.70735e-11
4.70735e-11
-497.018
-2.97307
-0.00893964
-1.79889e-05
-2.72946e-08
-2.22045e-12
-1.02141e-11
-5.32907e-11
2.66454e-12
4.70735e-11
-497.018
-2.97307
-0.00893964
-1.79889e-05
-2.73555e-08
-1.02141e-11
6.03961e-11
0
-6.03961e-11
1.68754e-11
-497.018
-2.97307
-0.00893964
-1.79889e-05
-2.73803e-08
-4.26326e-11
4.66294e-11
-1.02141e-11
-1.77636e-12
6.21725e-12
-497.018
-2.97307
-0.00893964
-1.79889e-05
-2.72848e-08
-5.63993e-11
-2.57572e-11
4.4853e-11
1.73195e-11
-1.73195e-11
-497.018
-2.97307
-0.00893964
-1.79889e-05
-2.73195e-08
-3.4639e-11
-3.55271e-11
0
1.55431e-11
-2.08722e-11
-497.018
-2.97307
-0.00893964
-1.79889e-05
-2.728e-08
-2.62013e-11
-1.73195e-11
2.66454e-11
-1.73195e-11
-2.13163e-11
-497.018
-2.97307
-0.00893965
-1.79888e-05
-2.72977e-08
3.9968e-11
1.33227e-11
8.88178e-13
8.88178e-13
-8.70415e-11
-497.018
-2.97307
-0.00893964
-1.79888e-05
-2.73142e-08
2.22045e-11
1.95399e-11
-7.41629e-11
-1.9984e-11
-1.77636e-12
-497.018
-2.97307
-0.00893964
-1.79889e-05
-2.73763e-08
-9.76996e-12
5.15143e-11
0
-5.06262e-11
4.44089e-12
-497.018
-2.97307
-0.00893964
-1.79889e-05
-2.73279e-08
-4.30767e-11
0
0
3.5083e-11
4.39648e-11
-497.018
-2.97307
-0.00893964
-1.79888e-05
-2.72964e-08
-3.9968e-11
-3.73035e-11
3.33067e-11
4.35207e-11
-5.01821e-11
-497.018
-2.97307
-0.00893964
-1.79889e-05
-2.73612e-08
-5.32907e-11
3.5083e-11
1.02141e-11
0
-4.44089e-13
-497.018
-2.97307
-0.00893964
-1.79889e-05
-2.73563e-08
-7.54952e-12
2.22045e-11
-1.82077e-11
-6.21725e-12
4.88498e-12
-497.018
-2.97307
-0.00893964
-1.79889e-05
-2.72933e-08
-5.28466e-11
-3.5083e-11
4.44089e-13
3.4639e-11
9.76996e-12
-497.018
-2.97307
-0.00893964
-1.79889e-05
-2.7339e-08
-4.61853e-11
-1.55431e-11
3.5083e-11
3.37508e-11
-3.37508e-11
-497.018
-2.97307
-0.00893964
-1.79889e-05
-2.72937e-08
-7.99361e-12
-1.33227e-12
-3.55271e-11
-1.73195e-11
5.06262e-11
-497.018
-2.97307
-0.00893965
-1.79888e-05
-2.73439e-08
-6.12843e-11
1.33227e-11
2.08722e-11
6.21725e-12
-6.21725e-12
-497.018
-2.97307
-0.00893964
-1.79888e-05
-2.73399e-08
-9.76996e-12
9.9476e-11
-8.30447e-11
0
-4.44089e-12
-497.018
-2.97307
-0.00893964
-1.79888e-05
-2.73053e-08
-4.92939e-11
6.66134e-12
-6.66134e-12
0
6.66134e-12
-497.018
-2.97307
-0.00893964
-1.79888e-05
-2.73062e-08
-8.34888e-11
-9.76996e-12
-1.68754e-11
-4.04121e-11
4.04121e-11
-497.018
-2.97307
-0.00893964
-1.79889e-05
-2.73763e-08
-5.10703e-11
4.44089e-12
1.11022e-11
-5.32907e-12
4.08562e-11
-497.018
-2.97307
-0.00893964
-1.79888e-05
-2.72817e-08
-9.63674e-11
-4.26326e-11
4.70735e-11
1.59872e-11
-4.61853e-11
-497.018
-2.97307
-0.00893964
-1.79888e-05
-2.72822e-08
-8.79297e-11
-3.59712e-11
0
1.59872e-11
3.68594e-11
-497.018
-2.97307
-0.00893964
-1.79889e-05
-2.73337e-08
-4.61853e-11
-2.08722e-11
3.28626e-11
1.59872e-11
-3.19744e-11
-497.018
-2.97307
-0.00893964
-1.79889e-05
-2.73244e-08
-4.88498e-11
4.84057e-11
0
-3.90799e-11
-8.88178e-13
-497.018
-2.97307
-0.00893964
-1.79889e-05
-2.73337e-08
-1.11022e-11
-2.08722e-11
-3.5083e-11
-1.11022e-11
5.41789e-11
-497.018
-2.97307
-0.00893965
-1.79888e-05
-2.72951e-08
-6.12843e-11
-3.9968e-12
1.01696e-10
-7.54952e-12
-9.05942e-11
-497.018
-2.97307
-0.00893964
-1.79889e-05
-2.72129e-08
2.13163e-11
-8.08242e-11
0
-2.04281e-11
-7.54952e-11
-497.018
-2.97307
-0.00893964
-1.79889e-05
-2.73155e-08
-9.76996e-12
-9.32587e-12
-3.77476e-11
-5.06262e-11
2.75335e-11
-497.018
-2.97307
-0.00893964
-1.79889e-05
-2.73253e-08
-4.30767e-11
1.02141e-11
-1.02141e-11
-9.76996e-12
2.75335e-11
-497.018
-2.97307
-0.00893964
-1.79888e-05
-2.73497e-08
-5.4623e-11
5.06262e-11
-5.06262e-11
-1.82077e-11
0
-497.018
-2.97307
-0.00893964
-1.79889e-05
-2.73555e-08
-1.02141e-11
4.52971e-11
-4.44089e-13
-4.4853e-11
-3.28626e-11
-497.018
-2.97307
-0.00893964
-1.79889e-05
-2.728e-08
-7.99361e-12
-1.28786e-11
-3.4639e-11
-6.21725e-12
2.17604e-11
-497.018
-2.97307
-0.00893964
-1.79889e-05
-2.73443e-08
-5.63993e-11
1.82077e-11
9.76996e-12
4.44089e-13
-1.02141e-11
-497.018
-2.97307
-0.00893964
-1.79888e-05
-2.73088e-08
-2.30926e-11
-1.59872e-11
1.06581e-11
4.9738e-11
-4.26326e-11
-497.018
-2.97307
-0.00893964
-1.79889e-05
-2.73475e-08
-4.26326e-11
4.39648e-11
2.22045e-11
-5.41789e-11
-2.22045e-11
-497.018
-2.97307
-0.00893965
-1.79888e-05
-2.73066e-08
3.9968e-11
-8.88178e-13
-8.26006e-11
-4.88498e-12
-1.82077e-11
-497.018
-2.97307
-0.00893965
-1.79888e-05
-2.72635e-08
-5.63993e-11
4.44089e-13
-8.88178e-13
-8.39329e-11
1.33227e-12
-497.018
-2.97307
-0.00893965
-1.79888e-05
-2.73164e-08
-6.12843e-11
0
-3.55271e-12
-2.22045e-12
1.03917e-10
-497.018
-2.97307
-0.00893965
-1.79888e-05
-2.73435e-08
-5.86198e-11
-4.44089e-13
1.77636e-11
-4.44089e-13
-1.68754e-11
-497.018
-2.97307
-0.00893965
-1.79888e-05
-2.73173e-08
-9.32587e-12
7.10543e-12
-8.30447e-11
1.02141e-11
0
-497.018
-2.97307
-0.00893965
-1.79888e-05
-2.73168e-08
-6.17284e-11
0
1.9984e-11
0
-1.9984e-11
-497.018
-2.97307
-0.00893965
-1.79888e-05
-2.73142e-08
-7.10543e-11
1.37668e-11
3.10862e-12
1.77636e-12
1.06581e-11
-497.018
-2.97307
-0.00893965
-1.79888e-05
-2.73279e-08
-5.63993e-11
4.88498e-12
-4.88498e-12
-2.04281e-11
-1.5099e-11
-497.018
-2.97307
-0.00893965
-1.79888e-05
-2.73173e-08
-6.12843e-11
-3.55271e-12
6.21725e-12
-7.54952e-12
-9.32587e-12
-497.018
-2.97307
-0.00893965
-1.79888e-05
-2.73368e-08
-7.10543e-11
8.61533e-11
1.82077e-11
-8.61533e-11
8.30447e-11
-497.018
-2.97307
-0.00893965
-1.79889e-05
-2.72302e-08
-5.19584e-11
-8.43769e-11
8.52651e-11
8.4821e-11
-8.43769e-11
1.77636e-12
2.22045e-12
-2.66454e-12
3.9968e-12
-3.9968e-12
4.44089e-13
0
-2.22045e-12
5.77316e-12
-3.9968e-12
-4.88498e-12
0
7.54952e-12
0
8.30447e-11
-6.21725e-12
-8.43769e-11
7.10543e-12
4.84057e-11
-1.33227e-12
-2.22045e-12
-3.10862e-12
2.66454e-12
-8.88178e-13
7.9492e-11
-6.66134e-12
-8.17124e-11
8.88178e-12
-1.77636e-12
-8.88178e-13
2.66454e-12
7.90479e-11
0
0
-1.64313e-11
2.22045e-12
1.59872e-11
-8.08242e-11
-4.44089e-12
0
8.70415e-11
0
-7.4607e-11
8.57092e-11
3.9968e-12
-8.88178e-11
-8.88178e-13
4.44089e-12
8.03801e-11
-1.33227e-12
-1.77636e-12
9.99201e-11
1.33227e-12
-8.61533e-11
7.9492e-11
-6.66134e-12
3.9968e-12
9.76996e-12
-8.83738e-11
-8.88178e-13
1.24345e-11
-8.57092e-11
0
0
3.9968e-12
-3.10862e-12
-8.88178e-13
4.44089e-12
8.08242e-11
-1.77636e-12
-3.55271e-12
-4.88498e-12
9.81437e-11
9.32587e-12
1.77636e-12
-1.68754e-11
-8.34888e-11
0
0
3.9968e-12
1.01252e-10
3.9968e-12
4.44089e-13
8.52651e-11
-1.77636e-12
-1.02141e-11
-8.03801e-11
-7.86038e-11
8.08242e-11
2.66454e-12
8.39329e-11
0
-8.88178e-13
0
4.44089e-13
-2.22045e-12
1.77636e-12
-8.30447e-11
-2.22045e-12
8.52651e-11
-4.88498e-12
0
8.92619e-11
0
1.33227e-12
-1.5099e-11
-8.4821e-11
1.68754e-11
4.79616e-11
-1.33227e-12
-7.99361e-12
3.06422e-11
1.19904e-11
1.02141e-11
-6.66134e-12
5.32907e-12
-1.06581e-11
1.19904e-11
7.99361e-12
-5.77316e-11
-5.37348e-11
2.04281e-11
4.44089e-12
0
5.77316e-11
1.19904e-11
-1.5099e-11
-5.4623e-11
1.59872e-11
5.68434e-11
-2.70894e-11
2.62013e-11
-4.44089e-13
4.44089e-13
5.01821e-11
2.53131e-11
-4.44089e-13
-1.64313e-11
-1.82077e-11
9.76996e-12
3.28626e-11
1.9984e-11
-2.35367e-11
-3.55271e-11
4.17444e-11
7.99361e-12
-1.46549e-11
2.17604e-11
1.55431e-11
-8.43769e-12
-2.84217e-11
4.44089e-13
2.62013e-11
1.42109e-11
1.15463e-11
-2.57572e-11
-1.5099e-11
-3.73035e-11
1.55431e-11
4.66294e-11
-9.76996e-12
1.9984e-11
3.55271e-11
3.55271e-12
2.57572e-11
-1.42109e-11
0
1.55431e-11
-2.93099e-11
-5.32907e-12
-7.10543e-12
-2.04281e-11
5.06262e-11
2.13163e-11
1.77636e-12
-4.75175e-11
-4.88498e-12
0
-8.88178e-13
4.9738e-11
2.4869e-11
4.44089e-13
2.62013e-11
1.42109e-11
1.15463e-11
-2.57572e-11
-8.88178e-13
-3.59712e-11
0
6.12843e-11
4.44089e-12
9.05942e-11
-7.99361e-12
-8.4821e-11
6.66134e-12
-8.88178e-12
8.70415e-11
9.32587e-12
-5.32907e-12
8.34888e-11
-2.22045e-12
-3.10862e-12
2.66454e-12
8.61533e-11
-3.9968e-12
-7.99361e-12
2.22045e-12
-7.72715e-11
8.21565e-11
-2.66454e-12
-2.84217e-11
-1.46549e-11
-2.04281e-11
1.46549e-11
5.81757e-11
-2.57572e-11
-1.59872e-11
-3.55271e-11
1.46549e-11
3.19744e-11
3.73035e-11
-5.41789e-11
1.55431e-11
2.08722e-11
-2.4869e-11
-1.64313e-11
2.9754e-11
4.17444e-11
-3.01981e-11
7.99361e-12
3.01981e-11
3.01981e-11
-1.64313e-11
2.04281e-11
6.21725e-12
0
0
-1.64313e-11
-3.59712e-11
-3.4639e-11
5.24025e-11
-4.35207e-11
0
0
-4.21885e-11
4.13003e-11
8.88178e-13
0
0
-4.21885e-11
-4.04121e-11
-2.9754e-11
5.24025e-11
0
-3.01981e-11
-2.70894e-11
3.4639e-11
0
-2.9754e-11
2.75335e-11
9.76996e-12
4.44089e-13
-4.44089e-13
-1.64313e-11
6.66134e-12
4.21885e-11
0
-3.19744e-11
-1.68754e-11
3.33067e-11
4.4853e-11
-3.86358e-11
6.66134e-12
3.95239e-11
-4.08562e-11
-9.76996e-12
8.88178e-12
1.9984e-11
3.01981e-11
-2.22045e-12
1.28786e-11
0
-5.77316e-11
-1.68754e-11
0
1.59872e-11
2.70894e-11
3.15303e-11
0
-3.55271e-12
-1.9984e-11
8.88178e-13
-8.88178e-13
1.73195e-11
2.66454e-12
-1.9984e-11
8.88178e-13
0
1.64313e-11
2.66454e-12
2.66454e-12
-4.44089e-12
0
0
0
8.61533e-11
-8.88178e-13
-8.08242e-11
-4.44089e-12
0
-2.70894e-11
-1.82077e-11
-4.44089e-13
0
6.66134e-12
2.44249e-11
5.81757e-11
-5.24025e-11
-1.33227e-12
4.57412e-11
-7.10543e-12
-1.06581e-11
2.13163e-11
2.04281e-11
6.21725e-12
-5.77316e-12
4.44089e-13
1.19904e-11
7.99361e-12
-1.68754e-11
1.06581e-11
-1.19904e-11
1.42109e-11
1.19904e-11
-3.73035e-11
8.88178e-12
0
2.22045e-12
4.39648e-11
-3.10862e-11
-5.55112e-11
0
5.24025e-11
4.4853e-11
-5.10703e-11
-5.06262e-11
0
4.44089e-12
5.77316e-11
1.77636e-12
4.44089e-13
-1.06581e-11
4.4853e-11
4.08562e-11
1.77636e-12
3.55271e-12
0
-8.88178e-12
1.06581e-11
1.06581e-11
-2.22045e-12
-4.44089e-13
-1.37668e-11
4.44089e-11
7.10543e-12
-4.08562e-11
8.88178e-13
4.70735e-11
-4.44089e-13
-5.15143e-11
-1.86517e-11
6.66134e-12
4.44089e-13
-1.42109e-11
-1.24345e-11
-4.04121e-11
-8.43769e-12
0
8.43769e-12
5.4623e-11
1.59872e-11
-4.44089e-13
3.5083e-11
0
-9.32587e-12
1.90958e-11
-4.44089e-11
1.24345e-11
2.57572e-11
-2.70894e-11
2.66454e-12
-4.44089e-13
-7.10543e-12
1.59872e-11
7.99361e-12
8.12683e-11
-4.44089e-13
-8.12683e-11
8.30447e-11
-1.59872e-11
-2.66454e-12
4.44089e-12
1.95399e-11
4.44089e-13
7.90479e-11
7.77156e-11
-7.99361e-11
-7.72715e-11
8.08242e-11
-1.33227e-12
5.06262e-11
1.5099e-11
-4.13003e-11
0
4.35207e-11
-2.13163e-11
-8.88178e-13
-3.06422e-11
-2.9754e-11
2.22045e-11
6.39488e-11
2.22045e-11
-1.15463e-11
-2.22045e-11
-4.21885e-11
8.88178e-12
-3.10862e-12
3.24185e-11
3.9968e-12
-4.21885e-11
-2.70894e-11
1.37668e-11
5.4623e-11
-4.79616e-11
-5.28466e-11
-1.19904e-11
0
3.19744e-11
4.88498e-12
-3.06422e-11
5.19584e-11
0
0
0
-7.10543e-12
7.10543e-12
-4.4853e-11
0
4.4853e-11
-7.10543e-12
-2.53131e-11
3.33067e-11
3.9968e-11
0
-1.73195e-11
-3.10862e-12
-1.55431e-11
-3.73035e-11
3.24185e-11
7.54952e-12
1.24345e-11
-4.44089e-13
4.44089e-13
-3.5083e-11
-4.70735e-11
4.70735e-11
3.4639e-11
0
-3.4639e-11
-3.01981e-11
1.02141e-11
0
4.70735e-11
3.90799e-11
-4.57412e-11
-9.76996e-12
4.84057e-11
2.22045e-12
-8.88178e-12
1.42109e-11
-1.95399e-11
8.88178e-13
-2.62013e-11
0
5.15143e-11
-3.4639e-11
8.43769e-12
0
0
1.77636e-11
-4.88498e-12
-6.21725e-12
0
0
8.74856e-11
1.77636e-12
-8.30447e-11
0
-6.21725e-12
1.77636e-12
-1.77636e-12
9.99201e-11
-7.99361e-12
-8.57092e-11
9.23706e-11
-6.66134e-12
0
9.32587e-12
-8.79297e-11
8.30447e-11
3.37508e-11
7.99361e-12
-1.9984e-11
8.88178e-13
2.13163e-11
-4.39648e-11
0
4.17444e-11
-1.5099e-11
1.33227e-12
4.88498e-12
0
0
-4.13003e-11
4.9738e-11
3.9968e-12
8.88178e-12
-5.77316e-12
-2.66454e-12
2.70894e-11
-1.77636e-12
-3.06422e-11
-5.15143e-11
-1.02141e-11
5.72875e-11
1.95399e-11
-1.11022e-11
2.66454e-11
-2.70894e-11
-1.33227e-12
5.24025e-11
-2.66454e-12
3.55271e-12
-2.53131e-11
-4.52971e-11
1.9984e-11
1.68754e-11
0
0
7.99361e-12
-3.9968e-12
5.77316e-11
1.86517e-11
-3.19744e-11
-3.24185e-11
-2.70894e-11
-2.04281e-11
3.55271e-11
2.57572e-11
1.90958e-11
1.19904e-11
2.35367e-11
1.77636e-12
9.32587e-12
-4.88498e-11
-3.10862e-12
1.73195e-11
0
1.77636e-11
-3.55271e-12
3.37508e-11
4.88498e-12
-1.68754e-11
-5.77316e-12
-3.19744e-11
4.84057e-11
4.79616e-11
-1.77636e-12
-1.77636e-12
4.44089e-13
4.70735e-11
0
-1.64313e-11
-5.32907e-12
-3.06422e-11
3.01981e-11
2.22045e-11
0
-4.88498e-12
-3.55271e-12
4.88498e-12
8.92619e-11
-1.28786e-11
0
-4.44089e-12
-1.03029e-10
1.15463e-11
-4.44089e-13
-1.02141e-11
1.28786e-11
1.82077e-11
4.44089e-12
1.77636e-12
8.52651e-11
7.9492e-11
-9.37028e-11
-8.08242e-11
9.76996e-12
-3.55271e-12
8.4821e-11
5.10703e-11
-1.46549e-11
-1.06581e-11
1.55431e-11
2.13163e-11
-4.39648e-11
-1.46549e-11
4.13003e-11
0
-2.84217e-11
1.19904e-11
-2.66454e-11
-1.42109e-11
3.28626e-11
0
-1.33227e-12
7.99361e-12
-1.77636e-12
9.32587e-12
-4.70735e-11
-5.01821e-11
4.13003e-11
3.24185e-11
7.10543e-12
7.54952e-12
-1.46549e-11
-4.44089e-11
-3.24185e-11
-8.88178e-13
4.13003e-11
-2.44249e-11
3.64153e-11
-4.44089e-13
-1.5099e-11
4.17444e-11
2.4869e-11
-1.59872e-11
-3.68594e-11
-1.82077e-11
-9.76996e-12
4.44089e-13
-4.44089e-13
1.11022e-11
-1.59872e-11
-3.64153e-11
9.32587e-12
6.21725e-12
1.06581e-11
5.50671e-11
2.39808e-11
-1.86517e-11
-3.9968e-12
1.06581e-11
2.62013e-11
-3.64153e-11
-6.66134e-12
1.02141e-11
-8.88178e-13
1.73195e-11
3.4639e-11
-1.28786e-11
4.88498e-12
0
-4.88498e-12
-2.13163e-11
4.61853e-11
4.84057e-11
-3.55271e-12
-1.77636e-12
3.9968e-12
3.5083e-11
-2.84217e-11
-1.9984e-11
-4.88498e-12
1.64313e-11
1.59872e-11
-4.75175e-11
-2.22045e-12
3.4639e-11
-4.04121e-11
0
5.32907e-12
0
-1.64313e-11
-1.64313e-11
1.64313e-11
1.11022e-11
-8.88178e-13
8.92619e-11
-2.22045e-12
-9.01501e-11
7.72715e-11
-1.42109e-11
-7.37188e-11
9.9476e-11
-4.44089e-12
-7.9492e-11
0
-1.33227e-12
7.86038e-11
-3.9968e-12
7.54952e-12
-5.41789e-11
-1.77636e-12
5.77316e-11
-9.32587e-12
0
-2.66454e-11
5.77316e-12
8.88178e-12
-1.02141e-11
4.44089e-13
4.04121e-11
0
2.39808e-11
8.43769e-12
-4.44089e-11
-2.22045e-12
3.10862e-11
8.88178e-13
2.57572e-11
6.66134e-12
0
4.44089e-13
-1.24345e-11
-5.4623e-11
8.88178e-13
-8.88178e-13
3.55271e-11
2.66454e-11
1.82077e-11
5.32907e-12
-4.52971e-11
-5.32907e-12
5.06262e-11
2.4869e-11
1.24345e-11
-8.88178e-12
-5.32907e-12
3.06422e-11
3.37508e-11
-1.37668e-11
-3.10862e-12
1.33227e-11
-3.68594e-11
-4.4853e-11
0
3.77476e-11
-1.33227e-11
-5.19584e-11
0
5.32907e-12
4.44089e-13
-5.77316e-12
-6.66134e-12
4.04121e-11
4.26326e-11
1.02141e-11
-1.19904e-11
-4.88498e-12
2.35367e-11
4.35207e-11
-3.28626e-11
-1.37668e-11
4.52971e-11
-3.15303e-11
9.76996e-12
0
-2.35367e-11
9.76996e-12
4.4853e-11
-1.37668e-11
-1.90958e-11
1.37668e-11
3.33067e-11
-2.79776e-11
-3.90799e-11
-1.06581e-11
-1.37668e-11
2.70894e-11
-3.55271e-12
9.28146e-11
4.44089e-13
-3.68594e-11
1.03473e-10
-5.15143e-11
0
-1.33227e-12
0
-1.5099e-11
1.01252e-10
3.9968e-12
-8.52651e-11
8.57092e-11
8.34888e-11
-9.63674e-11
-8.08242e-11
7.99361e-12
-3.10862e-12
2.66454e-12
5.9952e-11
0
-4.08562e-11
1.06581e-11
4.21885e-11
-1.68754e-11
-1.46549e-11
-3.10862e-11
-1.46549e-11
5.19584e-11
4.44089e-12
0
5.24025e-11
0
-5.77316e-11
-1.59872e-11
5.01821e-11
-5.77316e-12
-2.30926e-11
4.88498e-12
-3.15303e-11
-3.9968e-12
6.08402e-11
5.06262e-11
-9.76996e-12
3.10862e-12
-4.4853e-11
-1.5099e-11
0
5.77316e-12
5.24025e-11
-3.9968e-12
3.9968e-12
5.32907e-11
-1.24345e-11
-7.99361e-12
1.77636e-12
0
0
-4.17444e-11
1.5099e-11
0
-3.01981e-11
0
3.4639e-11
7.99361e-12
-3.81917e-11
8.88178e-12
4.70735e-11
1.06581e-11
1.24345e-11
4.66294e-11
2.22045e-12
-4.70735e-11
1.77636e-12
5.68434e-11
-6.03961e-11
0
2.57572e-11
-4.70735e-11
-6.08402e-11
5.32907e-12
0
3.55271e-12
1.06581e-11
1.73195e-11
4.75175e-11
-1.06581e-11
-2.70894e-11
1.64313e-11
5.72875e-11
4.08562e-11
1.77636e-12
-4.04121e-11
-5.9508e-11
4.79616e-11
3.15303e-11
2.22045e-12
-3.24185e-11
-5.32907e-12
4.88498e-12
1.82077e-11
-1.19904e-11
2.22045e-12
9.32587e-11
-1.9984e-11
-1.01252e-10
0
1.59872e-11
2.22045e-12
0
8.52651e-11
0
0
8.30447e-11
-2.22045e-12
2.22045e-12
-8.30447e-11
-2.22045e-12
8.52651e-11
8.34888e-11
-8.57092e-11
-8.88178e-11
8.08242e-11
9.19265e-11
-7.9492e-11
-8.57092e-11
-1.64313e-11
0
1.06581e-11
9.01501e-11
0
-9.05942e-11
0
1.01696e-10
9.32587e-11
-9.72555e-11
-6.66134e-12
-4.44089e-13
-8.70415e-11
4.44089e-13
4.44089e-13
-6.21725e-12
-1.59872e-11
7.54952e-12
8.43769e-12
-1.64313e-11
8.92619e-11
1.33227e-11
-9.72555e-11
9.01501e-11
1.73195e-11
6.66134e-12
-3.55271e-12
-8.12683e-11
7.63833e-11
-1.59872e-11
4.44089e-13
0
-6.9722e-11
0
8.92619e-11
0
0
8.52651e-11
-1.33227e-12
-8.30447e-11
-8.52651e-11
-1.5099e-11
-1.33227e-12
1.01252e-10
1.82077e-11
4.44089e-13
-1.46549e-11
0
1.11022e-11
-1.01252e-10
8.61533e-11
1.02585e-10
-8.70415e-11
0
9.23706e-11
0
0
6.39488e-11
-8.34888e-11
-4.75175e-11
-1.77636e-12
-1.5099e-11
1.77636e-12
-1.5099e-11
1.77636e-12
4.44089e-13
-8.57092e-11
1.95399e-11
-1.73195e-11
4.44089e-13
0
-1.68754e-11
1.00364e-10
-1.33227e-12
-1.33227e-12
-1.77636e-12
8.43769e-11
-8.21565e-11
-8.34888e-11
1.33227e-12
8.30447e-11
8.34888e-11
8.88178e-13
-5.77316e-12
2.22045e-12
0
-2.22045e-12
1.77636e-12
0
4.44089e-13
0
-8.30447e-11
-8.03801e-11
-4.79616e-11
-3.55271e-12
-4.44089e-13
3.9968e-12
-2.22045e-12
0
8.88178e-13
0
8.17124e-11
8.08242e-11
4.44089e-12
1.77636e-12
-2.22045e-12
-1.33227e-12
0
0
-1.06581e-11
0
9.14824e-11
8.08242e-11
4.44089e-12
-4.44089e-12
-1.64313e-11
-1.19904e-11
9.9476e-11
-4.44089e-13
4.44089e-13
8.88178e-13
8.88178e-13
1.01252e-10
5.32907e-12
8.88178e-13
0
8.4821e-11
0
0
-9.14824e-11
0
9.23706e-11
1.33227e-12
-1.59872e-11
1.77636e-12
1.04361e-10
8.43769e-11
0
0
-1.95399e-11
0
2.04281e-11
1.33227e-12
-8.17124e-11
-7.99361e-12
0
6.66134e-12
8.70415e-11
0
-1.33227e-12
-3.10862e-12
4.44089e-13
8.9706e-11
-4.44089e-13
1.19904e-11
-1.33227e-12
7.28306e-11
-1.02141e-11
-7.50511e-11
1.24345e-11
-1.77636e-12
8.39329e-11
8.83738e-11
-9.9476e-11
-5.77316e-12
1.03917e-10
9.23706e-11
0
0
-4.44089e-13
0
1.33227e-12
1.33227e-12
-3.9968e-12
-4.44089e-13
6.21725e-12
4.44089e-13
0
0
-8.70415e-11
0
0
-8.70415e-11
-4.79616e-11
-3.9968e-12
0
3.9968e-12
-2.22045e-12
0
8.88178e-13
0
8.17124e-11
8.08242e-11
-7.99361e-12
2.62013e-11
0
1.46549e-11
-1.06581e-11
0
-3.9968e-12
-3.73035e-11
1.15463e-10
1.37668e-10
-6.30607e-11
-2.13163e-11
3.24185e-11
-8.43769e-12
2.9754e-11
0
-4.66294e-11
0
4.66294e-11
2.93099e-11
1.86517e-11
-1.42109e-11
0
1.42109e-11
0
2.66454e-12
-2.4869e-11
4.44089e-13
2.57572e-11
-2.22045e-12
-1.9984e-11
8.88178e-12
-1.11022e-11
-8.43769e-12
2.9754e-11
0
-3.4639e-11
0
2.88658e-11
2.44249e-11
-1.46549e-11
8.43769e-12
0
-8.43769e-12
1.46549e-11
0
-3.9968e-12
1.42109e-11
9.14824e-11
8.70415e-11
1.24345e-11
-2.66454e-11
1.77636e-12
2.75335e-11
1.46549e-11
0
4.44089e-13
0
8.30447e-11
9.90319e-11
-1.02141e-11
-1.86517e-11
1.55431e-11
2.22045e-11
-4.30767e-11
-4.44089e-13
2.04281e-11
8.88178e-13
1.03029e-10
8.08242e-11
-1.46549e-11
-4.26326e-11
4.44089e-13
2.75335e-11
1.46549e-11
0
1.77636e-12
0
-8.88178e-13
1.59872e-11
-8.34888e-11
-9.28146e-11
-1.77636e-12
3.55271e-12
0
0
-1.33227e-11
0
1.03473e-10
9.05942e-11
-9.9476e-11
3.10862e-12
1.68754e-11
8.4821e-11
0
-8.70415e-11
-9.76996e-12
0
9.14824e-11
8.21565e-11
0
-2.17604e-11
-2.9754e-11
5.15143e-11
0
-2.9754e-11
2.57572e-11
0
9.05942e-11
1.16795e-10
0
3.55271e-12
3.28626e-11
-3.59712e-11
-4.35207e-11
0
4.66294e-11
0
-5.32907e-12
3.10862e-11
3.64153e-11
2.57572e-11
-4.04121e-11
1.42109e-11
3.01981e-11
-4.13003e-11
-3.10862e-12
3.10862e-12
1.04361e-10
1.26565e-10
0
5.32907e-11
0
-5.32907e-11
0
0
5.32907e-11
0
-1.59872e-11
3.77476e-11
0
3.06422e-11
0
-3.06422e-11
0
0
-1.24345e-11
2.93099e-11
4.21885e-11
0
0
1.02141e-11
4.39648e-11
-5.41789e-11
-2.66454e-11
4.39648e-11
3.68594e-11
0
-1.64313e-11
-6.21725e-12
-1.86517e-11
-5.32907e-11
3.10862e-11
2.70894e-11
-4.88498e-12
3.06422e-11
-8.88178e-13
-2.9754e-11
-3.10862e-12
2.26485e-11
-1.73195e-11
9.76996e-12
4.30767e-11
-5.28466e-11
-2.66454e-11
4.39648e-11
3.24185e-11
-2.75335e-11
-1.11022e-11
2.04281e-11
0
9.63674e-11
-1.73195e-11
-7.90479e-11
0
-1.68754e-11
9.59233e-11
0
5.77316e-12
1.01696e-10
-1.19904e-11
-4.44089e-12
1.64313e-11
-1.19904e-11
-4.44089e-13
1.64313e-11
8.43769e-11
0
0
8.34888e-11
-1.19904e-11
-1.42109e-11
0
1.42109e-11
0
2.66454e-12
7.10543e-12
0
7.10543e-12
1.06581e-11
-4.44089e-12
1.64313e-11
0
-1.24345e-11
-1.42109e-11
0
2.53131e-11
0
8.52651e-11
9.72555e-11
-3.24185e-11
-8.88178e-13
2.53131e-11
4.70735e-11
-3.9968e-12
0
-1.77636e-12
0
9.59233e-11
9.01501e-11
-1.33227e-11
5.68434e-11
-4.44089e-11
-1.24345e-11
4.39648e-11
-4.39648e-11
8.43769e-12
0
5.77316e-12
5.77316e-11
0
-4.26326e-11
-4.70735e-11
2.9754e-11
2.22045e-11
-1.42109e-11
0
-2.62013e-11
3.19744e-11
5.41789e-11
-2.66454e-12
2.93099e-11
1.5099e-11
1.06581e-11
-5.55112e-11
1.46549e-11
3.06422e-11
-4.44089e-13
2.66454e-11
8.88178e-13
-1.33227e-11
-4.44089e-11
5.77316e-11
2.17604e-11
-5.86198e-11
-1.55431e-11
5.77316e-11
3.81917e-11
4.44089e-13
0
2.4869e-11
-1.64313e-11
-4.70735e-11
2.9754e-11
-3.9968e-12
-1.42109e-11
2.62013e-11
-2.62013e-11
3.19744e-11
5.41789e-11
-8.30447e-11
9.54792e-11
-1.77636e-12
-7.90479e-11
0
-1.77636e-12
8.30447e-11
0
2.22045e-12
8.52651e-11
-7.90479e-11
1.77636e-12
-2.22045e-12
-1.33227e-12
0
0
1.77636e-12
0
7.90479e-11
8.08242e-11
2.9754e-11
-2.17604e-11
-2.9754e-11
5.15143e-11
0
-2.9754e-11
-1.68754e-11
2.75335e-11
1.33671e-10
8.88178e-11
0
5.37348e-11
4.75175e-11
-5.41789e-11
-1.02141e-11
0
1.68754e-11
0
-1.64313e-11
3.77476e-11
5.06262e-11
2.62013e-11
-1.46549e-11
2.93099e-11
-5.77316e-12
-1.46549e-11
-8.88178e-12
-3.73035e-11
1.04361e-10
1.26565e-10
-3.4639e-11
-8.88178e-12
0
-2.62013e-11
3.5083e-11
-4.44089e-13
-8.43769e-12
0
1.11022e-11
3.77476e-11
-6.21725e-12
-1.64313e-11
-2.66454e-11
1.64313e-11
0
0
1.33227e-11
0
1.77636e-11
3.10862e-11
4.39648e-11
3.01981e-11
-2.62013e-11
-3.06422e-11
0
0
3.01981e-11
4.44089e-13
6.66134e-12
3.77476e-11
9.76996e-12
-6.21725e-12
-2.79776e-11
8.88178e-12
2.53131e-11
-2.75335e-11
-2.53131e-11
-4.44089e-13
1.9984e-11
1.90958e-11
-6.08402e-11
2.04281e-11
4.4853e-11
-6.30607e-11
1.55431e-11
4.4853e-11
-1.33227e-12
0
-1.46549e-11
-4.44089e-13
8.92619e-11
8.17124e-11
-8.57092e-11
3.9968e-12
0
-8.57092e-11
8.17124e-11
0
5.32907e-12
8.70415e-11
-1.5099e-11
-8.30447e-11
1.77636e-11
8.39329e-11
0
-8.70415e-11
4.44089e-13
0
8.79297e-11
8.79297e-11
-4.66294e-11
-1.02141e-11
6.12843e-11
-1.90958e-11
-1.5099e-11
2.9754e-11
1.02141e-11
0
-2.22045e-12
-7.10543e-12
0
3.15303e-11
8.88178e-13
-2.66454e-12
-2.9754e-11
1.77636e-12
3.06422e-11
8.88178e-13
8.39329e-11
8.57092e-11
-1.33227e-11
6.66134e-12
3.9968e-12
6.21725e-12
4.08562e-11
-1.68754e-11
4.44089e-12
-3.68594e-11
9.19265e-11
1.37668e-10
0
-1.33227e-12
1.59872e-11
-3.15303e-11
1.15463e-11
5.32907e-12
-5.32907e-11
0
4.9738e-11
1.95399e-11
2.79776e-11
-4.08562e-11
1.33227e-12
3.9968e-11
-4.92939e-11
0
5.10703e-11
0
8.52651e-11
8.74856e-11
1.5099e-11
-1.28786e-11
4.44089e-13
1.90958e-11
-1.02141e-11
0
3.55271e-12
0
9.37028e-11
8.74856e-11
-3.06422e-11
-2.08722e-11
2.30926e-11
-8.88178e-12
1.19904e-11
1.42109e-11
-5.68434e-11
9.32587e-12
5.77316e-11
1.33227e-11
3.28626e-11
-3.4639e-11
1.33227e-12
3.9968e-11
-1.02141e-11
0
-1.82077e-11
0
1.15463e-10
8.74856e-11
1.73195e-11
1.33227e-12
7.01661e-11
-1.77636e-12
-7.06102e-11
6.21725e-12
8.88178e-13
0
8.34888e-11
8.34888e-11
-1.59872e-11
-9.14824e-11
1.03917e-10
9.23706e-11
0
0
-4.44089e-13
0
1.33227e-12
1.33227e-12
1.5099e-11
2.70894e-11
-2.9754e-11
2.66454e-12
0
-2.9754e-11
3.10862e-11
2.79776e-11
7.28306e-11
7.68274e-11
0
3.90799e-11
-6.21725e-12
1.06581e-11
-4.35207e-11
-6.66134e-12
3.10862e-11
0
1.06581e-10
9.37028e-11
1.33227e-11
1.33227e-12
2.70894e-11
-4.88498e-12
3.10862e-12
-1.02141e-11
9.76996e-12
4.44089e-13
2.66454e-12
2.57572e-11
0
5.41789e-11
3.01981e-11
-3.68594e-11
7.10543e-12
-1.77636e-11
-5.19584e-11
-8.88178e-13
4.04121e-11
4.17444e-11
-2.93099e-11
-8.88178e-12
2.93099e-11
7.99361e-12
-5.77316e-12
0
5.77316e-12
-2.66454e-12
8.65974e-11
9.05942e-11
3.28626e-11
-4.08562e-11
1.33227e-12
3.9968e-11
-4.92939e-11
0
-9.76996e-12
0
1.46105e-10
8.74856e-11
2.22045e-12
-5.77316e-12
-2.66454e-12
7.99361e-12
-2.4869e-11
-5.41789e-11
4.44089e-13
5.15143e-11
2.26485e-11
-3.10862e-12
-3.5083e-11
3.64153e-11
4.21885e-11
-2.62013e-11
1.06581e-11
0
-1.59872e-11
4.04121e-11
1.82077e-11
1.37668e-11
-8.57092e-11
2.66454e-12
-1.73195e-11
-2.66454e-12
1.02141e-11
0
2.66454e-12
0
8.34888e-11
7.9492e-11
8.43769e-11
-7.19425e-11
-8.57092e-11
4.66294e-11
7.50511e-11
-5.01821e-11
-7.23865e-11
-1.77636e-12
0
4.88498e-12
-8.88178e-13
4.44089e-12
2.66454e-12
2.17604e-11
-2.79776e-11
-5.63993e-11
4.88498e-12
5.77316e-11
1.02585e-10
7.9492e-11
-1.86517e-11
-5.32907e-11
3.10862e-11
5.68434e-11
-5.32907e-12
1.33227e-12
-8.88178e-13
0
7.99361e-11
7.32747e-11
-4.88498e-11
-1.64313e-11
5.59552e-11
4.44089e-11
-1.59872e-11
-6.21725e-12
1.64313e-11
5.32907e-12
8.39329e-11
8.4821e-11
-1.06581e-11
-5.77316e-12
1.55431e-11
-4.88498e-12
0
1.11022e-11
-3.06422e-11
4.88498e-12
2.84217e-11
-2.22045e-12
2.62013e-11
3.4639e-11
2.57572e-11
-9.32587e-12
8.88178e-13
-2.70894e-11
-2.9754e-11
4.39648e-11
2.79776e-11
4.44089e-12
-4.39648e-11
-5.77316e-12
5.63993e-11
-4.57412e-11
0
5.19584e-11
-3.06422e-11
5.32907e-12
2.79776e-11
-2.22045e-12
1.37668e-11
2.30926e-11
-3.86358e-11
1.02141e-11
4.17444e-11
-5.32907e-11
-7.99361e-12
1.11022e-11
1.5099e-11
5.32907e-11
0
-8.88178e-13
5.63993e-11
-4.57412e-11
-4.88498e-12
5.10703e-11
3.55271e-12
4.88498e-12
0
-2.22045e-12
-8.57092e-11
2.08722e-11
3.10862e-12
8.30447e-11
0
-8.34888e-11
-5.77316e-12
4.44089e-13
6.83897e-11
6.30607e-11
-1.55431e-11
-5.77316e-12
1.03917e-10
9.23706e-11
0
0
-4.44089e-13
0
1.33227e-12
1.33227e-12
0
-2.66454e-12
2.93099e-11
-2.66454e-11
-1.5099e-11
2.9754e-11
1.64313e-11
0
4.79616e-11
4.92939e-11
0
5.37348e-11
-8.88178e-13
-3.55271e-11
2.66454e-11
0
-3.4639e-11
0
3.90799e-11
3.10862e-11
1.33227e-11
1.33227e-12
2.70894e-11
-4.88498e-12
3.10862e-12
-1.02141e-11
-1.86517e-11
4.44089e-13
3.10862e-11
2.57572e-11
8.43769e-12
4.9738e-11
2.66454e-12
-4.88498e-12
6.66134e-12
0
-6.26166e-11
0
6.30607e-11
1.11022e-11
-5.37348e-11
-8.88178e-13
6.08402e-11
-5.90639e-11
-6.21725e-12
6.03961e-11
-5.37348e-11
-2.66454e-12
4.30767e-11
-1.28786e-11
-2.57572e-11
3.01981e-11
6.08402e-11
-4.04121e-11
-1.02141e-11
5.9508e-11
3.55271e-12
0
7.99361e-12
1.77636e-12
2.75335e-11
-3.68594e-11
3.10862e-12
5.50671e-11
-1.24345e-11
-2.66454e-12
7.10543e-12
4.88498e-12
-2.22045e-12
-7.99361e-12
4.44089e-13
-3.4639e-11
5.9952e-11
-1.86517e-11
-1.06581e-11
6.03961e-11
-4.92939e-11
-2.66454e-12
4.30767e-11
-1.28786e-11
8.52651e-11
1.24345e-11
-1.06581e-11
8.52651e-11
-7.01661e-11
-8.74856e-11
-1.59872e-11
0
1.00808e-10
9.05942e-11
-8.43769e-11
-2.22045e-12
8.65974e-11
2.22045e-12
0
0
-4.44089e-13
0
-8.65974e-11
-8.70415e-11
8.57092e-11
9.01501e-11
-9.05942e-11
4.44089e-13
0
-9.01501e-11
4.88498e-12
-4.44089e-13
8.52651e-11
8.9706e-11
0
1.64313e-11
0
-1.64313e-11
1.68754e-11
0
0
0
0
1.73195e-11
8.39329e-11
8.65974e-11
-8.30447e-11
-7.28306e-11
1.77636e-12
-1.33227e-12
-8.88178e-13
2.22045e-12
8.88178e-13
1.77636e-12
1.9984e-11
8.12683e-11
-8.88178e-13
-8.03801e-11
7.90479e-11
0
-9.54792e-11
4.44089e-13
9.50351e-11
7.86038e-11
1.00364e-10
6.21725e-12
-8.83738e-11
-3.10862e-12
3.9968e-12
-3.55271e-12
7.99361e-11
6.21725e-12
4.44089e-12
8.34888e-11
-8.57092e-11
-3.55271e-12
7.28306e-11
7.10543e-12
-7.06102e-11
2.66454e-12
-1.86517e-11
0
9.54792e-11
7.68274e-11
1.02141e-11
0
6.21725e-12
-6.21725e-12
8.30447e-11
5.32907e-12
-8.83738e-11
4.44089e-13
8.92619e-11
8.34888e-11
1.15463e-11
-8.61533e-11
-1.28786e-11
-2.22045e-12
1.03029e-10
-1.42109e-11
-8.30447e-11
1.04361e-10
0
-8.39329e-11
-4.44089e-12
-1.33227e-12
5.32907e-12
-3.9968e-12
-8.39329e-11
-7.90479e-11
0
0
-1.77636e-12
-1.77636e-12
)
;

boundaryField
{
    frontAndBack
    {
        type            calculated;
        value           nonuniform List<scalar> 
600
(
-497.018
-497.018
-497.018
-497.018
-497.018
-497.018
-497.018
-497.018
-497.018
-497.018
-2.97307
-2.97307
-2.97307
-2.97307
-2.97307
-2.97307
-2.97307
-2.97307
-2.97307
-2.97307
-0.00893964
-0.00893964
-0.00893964
-0.00893964
-0.00893964
-0.00893964
-0.00893964
-0.00893964
-0.00893964
-0.00893965
-1.79888e-05
-1.79888e-05
-1.79888e-05
-1.79888e-05
-1.79888e-05
-1.79888e-05
-1.79888e-05
-1.79888e-05
-1.79888e-05
-1.79888e-05
-2.73142e-08
-2.73142e-08
-2.73235e-08
-2.72196e-08
-2.73173e-08
-2.72968e-08
-2.72125e-08
-2.7323e-08
-2.7236e-08
-2.72635e-08
-5.59552e-11
-5.4623e-11
-6.17284e-11
-9.90319e-11
-4.52971e-11
-6.17284e-11
1.86517e-11
-6.83897e-11
-9.72555e-11
2.66454e-11
8.34888e-11
1.68754e-11
0
0
1.03029e-10
-1.64313e-11
2.22045e-12
8.26006e-11
-8.03801e-11
-6.21725e-12
0
-1.06581e-11
1.01696e-10
0
8.52651e-11
1.01696e-10
0
1.33227e-11
7.41629e-11
-8.4821e-11
0
-2.66454e-12
-4.44089e-13
-8.57092e-11
-9.9476e-11
1.64313e-11
-9.99201e-11
-9.59233e-11
-1.95399e-11
-7.63833e-11
7.90479e-11
1.5099e-11
-8.08242e-11
6.21725e-12
-8.30447e-11
-9.81437e-11
1.42109e-11
-5.32907e-12
-7.63833e-11
8.65974e-11
-497.018
-497.018
-497.018
-497.018
-497.018
-497.018
-497.018
-497.018
-497.018
-497.018
-2.97307
-2.97307
-2.97307
-2.97307
-2.97307
-2.97307
-2.97307
-2.97307
-2.97307
-2.97307
-0.00893965
-0.00893965
-0.00893965
-0.00893965
-0.00893965
-0.00893965
-0.00893965
-0.00893965
-0.00893965
-0.00893965
-1.79888e-05
-1.79888e-05
-1.79888e-05
-1.79888e-05
-1.79888e-05
-1.79888e-05
-1.79888e-05
-1.79888e-05
-1.79888e-05
-1.79889e-05
-2.72635e-08
-2.73164e-08
-2.73435e-08
-2.73173e-08
-2.73168e-08
-2.73142e-08
-2.73279e-08
-2.73173e-08
-2.73368e-08
-2.72302e-08
-5.63993e-11
-6.12843e-11
-5.86198e-11
-9.32587e-12
-6.17284e-11
-7.10543e-11
-5.63993e-11
-6.12843e-11
-7.10543e-11
-5.19584e-11
4.44089e-13
0
-4.44089e-13
7.10543e-12
0
1.37668e-11
4.88498e-12
-3.55271e-12
8.61533e-11
-8.43769e-11
-8.88178e-13
-3.55271e-12
1.77636e-11
-8.30447e-11
1.9984e-11
3.10862e-12
-4.88498e-12
6.21725e-12
1.82077e-11
8.52651e-11
-8.39329e-11
-2.22045e-12
-4.44089e-13
1.02141e-11
0
1.77636e-12
-2.04281e-11
-7.54952e-12
-8.61533e-11
8.4821e-11
1.33227e-12
1.03917e-10
-1.68754e-11
0
-1.9984e-11
1.06581e-11
-1.5099e-11
-9.32587e-12
8.30447e-11
-8.43769e-11
1.77636e-12
-4.88498e-12
-2.22045e-12
2.66454e-12
8.70415e-11
-1.77636e-12
1.24345e-11
-3.55271e-12
1.01252e-10
8.39329e-11
2.22045e-12
0
-3.10862e-12
7.90479e-11
0
9.99201e-11
-8.57092e-11
-4.88498e-12
3.9968e-12
0
-2.66454e-12
7.54952e-12
2.66454e-12
0
-7.4607e-11
1.33227e-12
0
9.81437e-11
4.44089e-13
-8.88178e-13
3.9968e-12
0
-8.88178e-13
0
8.57092e-11
-8.61533e-11
0
9.32587e-12
8.52651e-11
0
-3.9968e-12
8.30447e-11
7.9492e-11
-1.64313e-11
3.9968e-12
7.9492e-11
3.9968e-12
1.77636e-12
-1.77636e-12
4.44089e-13
4.44089e-13
-6.21725e-12
-6.66134e-12
2.22045e-12
-8.88178e-11
-6.66134e-12
-3.10862e-12
-1.68754e-11
-1.02141e-11
-2.22045e-12
0
-8.43769e-11
-8.17124e-11
1.59872e-11
-8.88178e-13
3.9968e-12
-8.88178e-13
-8.34888e-11
-8.03801e-11
1.77636e-12
-2.22045e-12
7.10543e-12
8.88178e-12
-8.08242e-11
4.44089e-12
9.76996e-12
4.44089e-12
0
-7.86038e-11
-8.30447e-11
5.77316e-12
4.84057e-11
-1.77636e-12
-4.44089e-12
8.03801e-11
-8.83738e-11
8.08242e-11
0
8.08242e-11
-2.22045e-12
-3.9968e-12
-1.33227e-12
-8.88178e-13
0
-1.33227e-12
-8.88178e-13
-1.77636e-12
3.9968e-12
2.66454e-12
8.52651e-11
0
8.34888e-11
9.01501e-11
4.44089e-13
9.01501e-11
0
1.01252e-10
0
-1.5099e-11
-1.33227e-12
8.52651e-11
-8.57092e-11
0
4.44089e-13
1.73195e-11
8.92619e-11
1.82077e-11
9.23706e-11
1.77636e-12
-1.33227e-12
0
-8.88178e-11
-9.05942e-11
-6.21725e-12
6.66134e-12
0
4.44089e-13
0
4.44089e-13
-1.77636e-12
0
8.08242e-11
0
-1.59872e-11
-3.55271e-12
0
-1.46549e-11
0
-8.57092e-11
8.43769e-11
8.30447e-11
9.19265e-11
1.01696e-10
7.54952e-12
-8.12683e-11
8.52651e-11
0
6.39488e-11
1.95399e-11
-8.21565e-11
-2.22045e-12
-7.9492e-11
9.32587e-11
8.43769e-12
7.63833e-11
-1.33227e-12
1.11022e-11
-8.34888e-11
-1.73195e-11
-8.34888e-11
2.22045e-12
-8.57092e-11
-9.72555e-11
-1.64313e-11
-1.59872e-11
-8.30447e-11
-1.01252e-10
-4.75175e-11
4.44089e-13
1.33227e-12
-8.30447e-11
-1.64313e-11
-6.66134e-12
8.92619e-11
4.44089e-13
-8.52651e-11
8.61533e-11
-1.77636e-12
0
8.30447e-11
-2.22045e-12
0
-4.44089e-13
1.33227e-11
0
-1.5099e-11
1.02585e-10
-1.5099e-11
-1.68754e-11
8.34888e-11
8.52651e-11
1.06581e-11
-8.70415e-11
-9.72555e-11
-6.9722e-11
-1.33227e-12
-8.70415e-11
1.77636e-12
1.00364e-10
8.88178e-13
-5.77316e-12
-4.79616e-11
4.44089e-12
4.44089e-12
5.32907e-12
-1.59872e-11
-8.17124e-11
-4.44089e-13
-9.9476e-11
-3.9968e-12
2.22045e-12
-3.55271e-12
1.77636e-12
-4.44089e-12
8.88178e-13
1.77636e-12
-7.99361e-12
1.19904e-11
-5.77316e-12
-4.44089e-13
0
-4.44089e-13
-2.22045e-12
-1.64313e-11
0
1.04361e-10
0
-1.33227e-12
1.03917e-10
6.21725e-12
-2.22045e-12
3.9968e-12
-1.33227e-12
-1.19904e-11
8.4821e-11
8.43769e-11
6.66134e-12
7.28306e-11
9.23706e-11
4.44089e-13
1.77636e-12
-2.22045e-12
0
9.9476e-11
0
0
8.70415e-11
-1.02141e-11
0
0
0
0
0
-4.44089e-13
0
0
0
-7.50511e-11
0
0
4.44089e-13
8.88178e-13
-1.06581e-11
4.44089e-13
-9.14824e-11
-1.95399e-11
-1.33227e-12
1.24345e-11
-4.44089e-13
-8.70415e-11
0
0
0
8.88178e-13
0
0
-3.10862e-12
-1.77636e-12
0
0
-8.30447e-11
8.17124e-11
9.14824e-11
8.88178e-13
9.23706e-11
2.04281e-11
4.44089e-13
8.39329e-11
1.33227e-12
0
-8.03801e-11
8.08242e-11
8.08242e-11
1.01252e-10
1.33227e-12
1.33227e-12
8.9706e-11
8.83738e-11
1.33227e-12
-8.70415e-11
-8.43769e-11
8.57092e-11
0
8.39329e-11
1.9984e-11
1.00364e-10
-8.57092e-11
1.02141e-11
1.15463e-11
-4.44089e-12
-2.22045e-12
9.01501e-11
1.64313e-11
8.65974e-11
8.12683e-11
6.21725e-12
-3.55271e-12
0
-8.61533e-11
-1.33227e-12
8.65974e-11
-9.05942e-11
0
-8.30447e-11
-8.88178e-13
-8.83738e-11
7.28306e-11
6.21725e-12
-1.28786e-11
5.32907e-12
2.22045e-12
4.44089e-13
-1.64313e-11
-7.28306e-11
-8.03801e-11
-3.10862e-12
7.10543e-12
-6.21725e-12
-2.22045e-12
-3.9968e-12
0
0
1.68754e-11
1.77636e-12
7.90479e-11
3.9968e-12
-7.06102e-11
8.30447e-11
1.03029e-10
-8.39329e-11
0
-9.01501e-11
0
-1.33227e-12
0
-3.55271e-12
2.66454e-12
5.32907e-12
-1.42109e-11
-7.90479e-11
-4.44089e-13
4.88498e-12
0
-8.88178e-13
-9.54792e-11
7.99361e-11
-1.86517e-11
-8.83738e-11
-8.30447e-11
0
0
-4.44089e-13
0
2.22045e-12
4.44089e-13
6.21725e-12
0
4.44089e-13
1.04361e-10
0
-8.65974e-11
8.52651e-11
0
8.88178e-13
9.50351e-11
4.44089e-12
9.54792e-11
8.92619e-11
0
-1.77636e-12
-8.70415e-11
8.9706e-11
1.73195e-11
1.77636e-12
7.86038e-11
8.34888e-11
7.68274e-11
8.34888e-11
-8.39329e-11
-1.77636e-12
)
;
    }
    left
    {
        type            calculated;
        value           nonuniform List<scalar> 
100
(
-988.108
-988.108
-988.108
-988.108
-988.108
-988.108
-988.108
-988.108
-988.108
-988.108
-988.108
-988.108
-988.108
-988.108
-988.108
-988.108
-988.108
-988.108
-988.108
-988.108
-988.108
-988.108
-988.108
-988.108
-988.108
-988.108
-988.108
-988.108
-988.108
-988.108
-988.108
-988.108
-988.108
-988.108
-988.108
-988.108
-988.108
-988.108
-988.108
-988.108
-988.108
-988.108
-988.108
-988.108
-988.108
-988.108
-988.108
-988.108
-988.108
-988.108
-988.108
-988.108
-988.108
-988.108
-988.108
-988.108
-988.108
-988.108
-988.108
-988.108
-988.108
-988.108
-988.108
-988.108
-988.108
-988.108
-988.108
-988.108
-988.108
-988.108
-988.108
-988.108
-988.108
-988.108
-988.108
-988.108
-988.108
-988.108
-988.108
-988.108
-988.108
-988.108
-988.108
-988.108
-988.108
-988.108
-988.108
-988.108
-988.108
-988.108
-988.108
-988.108
-988.108
-988.108
-988.108
-988.108
-988.108
-988.108
-988.108
-988.108
)
;
    }
    right
    {
        type            calculated;
        value           uniform 0;
    }
    lowerWall
    {
        type            calculated;
        value           nonuniform List<scalar> 
300
(
-497.018
-497.018
-497.018
-497.018
-497.018
-497.018
-497.018
-497.018
-497.018
-497.018
-2.97307
-2.97307
-2.97307
-2.97307
-2.97307
-2.97307
-2.97307
-2.97307
-2.97307
-2.97307
-0.00893964
-0.00893964
-0.00893964
-0.00893964
-0.00893964
-0.00893964
-0.00893964
-0.00893964
-0.00893964
-0.00893965
-1.79888e-05
-1.79888e-05
-1.79888e-05
-1.79888e-05
-1.79888e-05
-1.79888e-05
-1.79888e-05
-1.79888e-05
-1.79889e-05
-1.79888e-05
-2.73142e-08
-2.73408e-08
-2.73244e-08
-2.73048e-08
-2.73448e-08
-2.73235e-08
-2.73142e-08
-2.73399e-08
-2.72129e-08
-2.72635e-08
-5.59552e-11
-5.72875e-11
-6.17284e-11
-5.72875e-11
-4.30767e-11
3.95239e-11
2.22045e-11
-9.76996e-12
2.13163e-11
-5.63993e-11
8.34888e-11
1.01252e-10
0
8.57092e-11
1.03029e-10
-1.24345e-11
1.95399e-11
9.9476e-11
-8.08242e-11
4.44089e-13
0
3.10862e-12
1.01696e-10
0
8.30447e-11
0
-7.41629e-11
-8.30447e-11
0
-8.88178e-13
0
-8.65974e-11
-4.44089e-13
-8.57092e-11
-9.9476e-11
1.28786e-11
-1.9984e-11
0
-2.04281e-11
-8.39329e-11
7.90479e-11
8.88178e-13
-8.08242e-11
6.21725e-12
-8.79297e-11
-9.81437e-11
-1.77636e-12
-4.44089e-12
-7.54952e-11
1.33227e-12
1.77636e-12
-4.88498e-12
-2.22045e-12
2.66454e-12
-2.66454e-12
-1.77636e-12
1.82077e-11
-9.01501e-11
1.01252e-10
0
2.22045e-12
0
-3.10862e-12
-4.44089e-12
4.44089e-12
9.99201e-11
4.44089e-12
7.72715e-11
3.9968e-12
8.52651e-11
-2.66454e-12
8.92619e-11
2.66454e-12
0
1.95399e-11
-7.99361e-12
1.77636e-12
-1.42109e-11
-8.52651e-11
0
3.9968e-12
0
8.61533e-11
0
4.44089e-13
-8.57092e-11
8.52651e-11
-7.37188e-11
8.57092e-11
0
-3.9968e-12
1.33227e-12
-3.9968e-12
0
7.90479e-11
9.23706e-11
7.9492e-11
9.9476e-11
8.34888e-11
8.30447e-11
4.44089e-13
-1.5099e-11
-7.99361e-12
8.61533e-11
7.77156e-11
-6.66134e-12
-9.37028e-11
-4.44089e-12
-9.63674e-11
-2.22045e-12
0
-8.4821e-11
2.22045e-12
-8.88178e-13
-7.99361e-11
0
-8.08242e-11
-7.9492e-11
-8.08242e-11
2.22045e-12
-2.22045e-12
1.68754e-11
-7.72715e-11
-8.08242e-11
-7.72715e-11
9.32587e-12
9.76996e-12
0
7.99361e-12
-8.30447e-11
5.77316e-12
4.79616e-11
8.21565e-11
-4.44089e-12
8.08242e-11
-8.79297e-11
-3.55271e-12
-1.33227e-12
-3.10862e-12
-2.22045e-12
-3.9968e-12
-1.33227e-12
-2.66454e-12
0
-1.33227e-12
8.30447e-11
8.4821e-11
7.86038e-11
2.66454e-12
8.52651e-11
-5.77316e-12
-4.79616e-11
-9.9476e-11
-1.19904e-11
-7.90479e-11
-1.5099e-11
-1.59872e-11
8.43769e-11
-1.55431e-11
-8.43769e-11
2.22045e-12
-3.9968e-12
3.10862e-12
-4.44089e-12
1.77636e-12
-8.30447e-11
-9.14824e-11
-7.19425e-11
-5.77316e-12
-2.22045e-12
0
0
1.68754e-11
1.64313e-11
-2.22045e-12
1.77636e-11
1.03917e-10
-8.57092e-11
1.03917e-10
8.65974e-11
-2.22045e-12
3.9968e-12
8.4821e-11
-1.19904e-11
-1.33227e-12
8.39329e-11
9.23706e-11
4.66294e-11
9.23706e-11
2.22045e-12
1.77636e-12
-2.22045e-12
0
-4.44089e-13
0
0
0
7.50511e-11
0
0
0
0
-8.70415e-11
1.64313e-11
0
-8.70415e-11
0
-5.01821e-11
0
0
4.44089e-13
8.88178e-13
-9.76996e-12
8.43769e-11
1.77636e-12
4.44089e-13
-4.44089e-13
-7.23865e-11
-4.44089e-13
-4.44089e-13
0
0
0
0
0
0
0
-1.77636e-12
0
0
-8.30447e-11
8.17124e-11
9.14824e-11
0
7.90479e-11
8.79297e-11
1.33227e-12
0
1.33227e-12
-8.65974e-11
-8.03801e-11
8.08242e-11
8.21565e-11
8.34888e-11
8.08242e-11
8.79297e-11
1.33227e-12
4.88498e-12
1.33227e-12
-8.70415e-11
)
;
    }
    upperWall
    {
        type            calculated;
        value           nonuniform List<scalar> 
300
(
-497.018
-497.018
-497.018
-497.018
-497.018
-497.018
-497.018
-497.018
-497.018
-497.018
-2.97307
-2.97307
-2.97307
-2.97307
-2.97307
-2.97307
-2.97307
-2.97307
-2.97307
-2.97307
-0.00893965
-0.00893965
-0.00893965
-0.00893965
-0.00893965
-0.00893965
-0.00893965
-0.00893965
-0.00893965
-0.00893965
-1.79888e-05
-1.79888e-05
-1.79888e-05
-1.79888e-05
-1.79888e-05
-1.79888e-05
-1.79888e-05
-1.79888e-05
-1.79888e-05
-1.79889e-05
-2.72635e-08
-2.72937e-08
-2.73146e-08
-2.73084e-08
-2.73439e-08
-2.72977e-08
-2.73439e-08
-2.72951e-08
-2.73066e-08
-2.72302e-08
2.66454e-11
-6.4837e-11
-6.12843e-11
3.19744e-11
-6.12843e-11
3.9968e-11
-6.12843e-11
-6.12843e-11
3.9968e-11
-5.19584e-11
-6.21725e-12
8.30447e-11
2.66454e-12
-1.02141e-11
1.42109e-11
1.33227e-11
1.33227e-11
-3.9968e-12
-8.88178e-13
-8.43769e-11
-8.4821e-11
0
2.04281e-11
-8.57092e-11
-8.88178e-13
8.88178e-13
2.08722e-11
1.01696e-10
-8.26006e-11
8.52651e-11
-7.63833e-11
-8.92619e-11
1.73195e-11
1.33227e-11
6.66134e-12
8.88178e-13
6.21725e-12
-7.54952e-12
-4.88498e-12
8.4821e-11
8.65974e-11
1.42109e-11
-1.73195e-11
-1.33227e-11
2.04281e-11
-8.70415e-11
-6.21725e-12
-9.05942e-11
-1.82077e-11
-8.43769e-11
8.39329e-11
4.44089e-12
-1.9984e-11
2.66454e-12
-4.88498e-12
4.88498e-12
0
-3.55271e-12
4.88498e-12
-1.33227e-12
0
9.05942e-11
8.88178e-13
-4.44089e-13
-6.21725e-12
8.92619e-11
5.32907e-12
9.28146e-11
1.82077e-11
-1.33227e-12
-8.88178e-13
-7.99361e-12
-8.88178e-13
-7.10543e-12
0
-1.28786e-11
0
4.44089e-13
-1.19904e-11
-1.77636e-12
0
-8.4821e-11
1.73195e-11
1.59872e-11
0
0
-1.64313e-11
-3.68594e-11
2.22045e-12
8.43769e-11
4.44089e-13
6.66134e-12
2.66454e-12
7.99361e-12
8.74856e-11
-4.44089e-12
-1.64313e-11
1.03473e-10
9.32587e-11
-8.21565e-11
-2.22045e-12
-8.88178e-12
-1.9984e-11
8.12683e-11
1.77636e-12
-1.03029e-10
1.64313e-11
-5.15143e-11
-1.9984e-11
-8.34888e-11
1.77636e-12
8.70415e-11
8.88178e-13
-4.44089e-13
-8.30447e-11
1.15463e-11
1.11022e-11
0
-1.01252e-10
1.33227e-12
-8.30447e-11
9.32587e-12
0
-8.12683e-11
0
-4.44089e-13
-8.88178e-13
-1.33227e-12
0
8.30447e-11
-2.22045e-12
-5.32907e-12
1.64313e-11
8.30447e-11
-6.21725e-12
-1.02141e-11
8.92619e-11
0
1.59872e-11
8.34888e-11
8.52651e-11
8.34888e-11
2.66454e-12
-1.59872e-11
1.77636e-12
1.28786e-11
-2.22045e-12
-1.5099e-11
2.22045e-12
8.88178e-13
-3.9968e-12
-8.34888e-11
0
-8.30447e-11
8.92619e-11
1.73195e-11
-8.57092e-11
-8.57092e-11
8.52651e-11
-4.44089e-12
-4.44089e-13
-9.28146e-11
9.63674e-11
9.54792e-11
8.17124e-11
1.33227e-12
2.66454e-12
2.08722e-11
1.24345e-11
-1.33227e-12
6.21725e-12
-1.77636e-12
-1.73195e-11
-1.77636e-12
-8.57092e-11
7.01661e-11
-1.73195e-11
3.10862e-12
-1.06581e-11
5.32907e-12
4.44089e-13
3.55271e-12
-7.90479e-11
-7.90479e-11
3.9968e-12
-1.77636e-12
-2.66454e-12
8.30447e-11
8.52651e-11
-3.9968e-12
0
0
0
0
0
-7.06102e-11
1.02141e-11
0
-7.01661e-11
-8.39329e-11
0
0
-1.68754e-11
-1.77636e-12
-8.57092e-11
6.21725e-12
0
-8.34888e-11
-8.74856e-11
-7.90479e-11
-8.70415e-11
-1.33227e-11
9.59233e-11
8.30447e-11
8.17124e-11
8.88178e-13
2.66454e-12
-5.77316e-12
-1.59872e-11
0
0
0
0
0
0
0
0
4.44089e-13
0
0
0
1.03473e-10
5.77316e-12
2.22045e-12
5.32907e-12
8.34888e-11
8.34888e-11
6.83897e-11
1.00808e-10
-1.77636e-12
-8.70415e-11
9.05942e-11
1.01696e-10
8.52651e-11
8.70415e-11
8.34888e-11
7.9492e-11
6.30607e-11
9.05942e-11
-1.77636e-12
)
;
    }
}


// ************************************************************************* //
