/*--------------------------------*- C++ -*----------------------------------*\
  =========                 |
  \\      /  F ield         | OpenFOAM: The Open Source CFD Toolbox
   \\    /   O peration     | Website:  https://openfoam.org
    \\  /    A nd           | Version:  10
     \\/     M anipulation  |
\*---------------------------------------------------------------------------*/
FoamFile
{
    format      ascii;
    class       volScalarField;
    location    "0.2";
    object      gradTz;
}
// * * * * * * * * * * * * * * * * * * * * * * * * * * * * * * * * * * * * * //

dimensions      [0 -1 0 1 0 0 0];

internalField   nonuniform List<scalar> 
3000
(
-1.5854e-10
-2.66454e-12
-4.44089e-13
-4.44089e-13
-8.88178e-13
-2.22045e-12
-1.77636e-12
8.88178e-13
-8.88178e-13
-1.02141e-11
-1.59872e-10
2.66454e-12
-4.88498e-12
-2.22045e-12
-3.10862e-12
-7.10543e-12
-3.10862e-12
-1.77636e-12
-7.10543e-12
0
-1.61204e-10
-8.88178e-13
-1.77636e-12
-9.76996e-12
-4.88498e-12
-2.66454e-12
-4.88498e-12
-1.77636e-12
-7.54952e-12
-1.33227e-12
-1.6076e-10
3.9968e-12
-1.77636e-12
-3.55271e-12
-9.76996e-12
-8.88178e-12
-3.10862e-12
-1.19904e-11
-2.66454e-12
-4.88498e-12
-1.59872e-10
-2.22045e-12
-2.22045e-12
-2.66454e-12
-4.88498e-12
-4.88498e-12
-4.88498e-12
-1.02141e-11
-1.24345e-11
-6.21725e-12
-1.5854e-10
0
-1.77636e-12
3.9968e-12
-4.88498e-12
-2.22045e-12
-5.77316e-12
4.44089e-13
-7.99361e-12
-2.22045e-12
-1.59872e-10
-4.44089e-13
-2.66454e-12
-3.55271e-12
-2.66454e-12
-1.46549e-11
-8.88178e-13
-1.11022e-11
-4.44089e-13
-6.21725e-12
-1.58984e-10
-3.10862e-12
-8.88178e-13
-7.10543e-12
-1.33227e-12
-1.77636e-12
-5.32907e-12
-1.02141e-11
-7.10543e-12
-5.32907e-12
-1.5854e-10
-2.66454e-12
-3.10862e-12
-4.88498e-12
-7.10543e-12
-6.66134e-12
-4.44089e-13
-1.77636e-12
-5.77316e-12
-5.77316e-12
8.43769e-12
3.10862e-12
-1.33227e-12
-8.43769e-12
-2.22045e-12
-8.43769e-12
-1.15463e-11
6.21725e-12
-2.22045e-12
-8.88178e-13
-1.51879e-10
-3.55271e-12
3.55271e-12
-4.44089e-13
-2.66454e-12
0
-2.66454e-12
-9.76996e-12
7.54952e-12
-8.88178e-12
-1.59428e-10
-1.33227e-12
-1.33227e-12
3.9968e-12
-7.10543e-12
0
-1.77636e-12
-1.33227e-12
2.22045e-12
-1.33227e-12
-1.63425e-10
1.33227e-12
0
-1.33227e-11
0
0
-5.77316e-12
0
-1.55431e-11
-8.88178e-12
-1.56763e-10
2.22045e-12
-4.88498e-12
-6.21725e-12
-1.42109e-11
-1.77636e-11
-3.55271e-12
-1.02141e-11
-6.66134e-12
-4.44089e-12
-1.6076e-10
-6.21725e-12
3.55271e-12
-6.21725e-12
-5.32907e-12
-5.32907e-12
-7.10543e-12
-1.82077e-11
-1.5099e-11
-6.21725e-12
-1.55875e-10
2.22045e-12
0
-3.55271e-12
2.22045e-12
-8.43769e-12
-5.77316e-12
1.33227e-12
-1.55431e-11
-3.10862e-12
-1.6076e-10
0
-1.33227e-12
-8.88178e-12
-8.43769e-12
-1.55431e-11
-9.32587e-12
-1.33227e-11
-8.43769e-12
-6.66134e-12
-1.59428e-10
-7.10543e-12
-2.66454e-12
-3.10862e-12
-2.22045e-12
0
-6.66134e-12
-1.28786e-11
-8.43769e-12
-6.21725e-12
-1.52323e-10
2.22045e-12
-1.02141e-11
-6.21725e-12
-1.59872e-11
-1.55431e-11
-8.88178e-12
-8.43769e-12
-8.43769e-12
4.44089e-13
1.11022e-11
-3.9968e-12
-1.77636e-12
-7.99361e-12
-2.66454e-12
-1.19904e-11
-1.28786e-11
-4.44089e-12
4.44089e-13
-4.44089e-13
3.10862e-12
2.22045e-12
1.33227e-12
-3.55271e-12
0
1.33227e-12
0
-1.33227e-12
-8.88178e-13
0
0
-2.22045e-12
2.66454e-12
2.66454e-12
0
4.44089e-12
1.77636e-12
-1.33227e-12
5.77316e-12
-3.9968e-12
1.33227e-12
0
-3.9968e-12
0
-4.44089e-13
-5.77316e-12
-4.44089e-13
-5.32907e-12
-1.77636e-12
-2.66454e-12
8.88178e-13
-3.10862e-12
0
3.55271e-12
-4.44089e-12
-2.66454e-12
0
2.22045e-12
-4.44089e-13
4.44089e-13
2.22045e-12
4.44089e-13
2.22045e-12
7.10543e-12
7.99361e-12
5.77316e-12
4.44089e-13
-6.21725e-12
4.88498e-12
8.43769e-12
1.33227e-12
8.88178e-13
-5.32907e-12
-4.44089e-12
5.77316e-12
1.77636e-12
6.21725e-12
0
-2.66454e-12
-6.21725e-12
4.44089e-13
3.9968e-12
6.21725e-12
-2.66454e-12
2.66454e-12
6.66134e-12
-3.10862e-12
-6.66134e-12
4.44089e-13
8.43769e-12
0
-8.88178e-13
0
3.55271e-12
-4.44089e-12
-6.21725e-12
5.32907e-12
-1.33227e-12
5.32907e-12
5.32907e-12
-4.44089e-13
4.88498e-12
-7.10543e-12
2.66454e-12
-1.77636e-12
-2.22045e-12
-3.10862e-12
0
-3.10862e-12
-4.44089e-13
0
-2.22045e-12
5.32907e-12
4.44089e-13
1.77636e-12
-1.77636e-12
1.28786e-11
-1.06581e-11
3.10862e-12
1.33227e-12
-7.10543e-12
1.33227e-12
-4.44089e-12
0
0
-2.66454e-12
2.66454e-12
9.32587e-12
0
-3.10862e-12
1.33227e-12
4.44089e-13
-4.88498e-12
-4.44089e-13
0
-6.21725e-12
0
4.44089e-13
-4.88498e-12
-7.54952e-12
-3.9968e-12
-4.88498e-12
-7.54952e-12
3.10862e-12
-5.32907e-12
-4.44089e-13
0
-8.43769e-12
0
0
0
0
0
0
4.44089e-13
0
4.88498e-12
-4.88498e-12
0
0
-4.44089e-13
-4.44089e-13
-5.77316e-12
1.06581e-11
0
0
0
6.21725e-12
0
0
-4.44089e-12
-5.77316e-12
-7.10543e-12
1.77636e-12
-7.54952e-12
0
4.44089e-13
-1.77636e-12
0
0
2.66454e-12
0
-8.88178e-13
2.66454e-12
4.44089e-13
0
4.44089e-13
2.66454e-12
4.44089e-13
6.21725e-12
-2.66454e-12
2.66454e-12
2.22045e-12
-8.43769e-12
-7.10543e-12
-4.88498e-12
6.21725e-12
-3.9968e-12
6.21725e-12
0
0
0
0
-1.33227e-12
0
0
0
7.99361e-12
0
0
-5.32907e-12
0
0
3.55271e-12
0
0
-8.88178e-13
8.88178e-13
-3.55271e-12
0
-3.10862e-12
-3.55271e-12
1.33227e-12
3.55271e-12
-2.66454e-12
0
8.43769e-12
-1.11022e-11
8.43769e-12
8.88178e-13
8.88178e-13
-4.44089e-13
1.33227e-12
4.44089e-12
-3.10862e-12
2.22045e-12
-5.32907e-12
8.88178e-13
2.66454e-12
0
-3.10862e-12
1.77636e-12
6.21725e-12
-1.77636e-12
4.44089e-13
0
4.44089e-13
3.55271e-12
-5.77316e-12
-3.55271e-12
-8.88178e-13
1.33227e-12
-3.9968e-12
-3.10862e-12
-4.44089e-12
2.66454e-12
2.22045e-12
-1.33227e-12
-3.55271e-12
3.10862e-12
-2.66454e-12
-3.55271e-12
4.44089e-12
-6.21725e-12
-7.99361e-12
-5.77316e-12
1.77636e-12
7.10543e-12
-2.66454e-12
-7.99361e-12
1.33227e-12
1.77636e-12
0
3.9968e-12
-5.77316e-12
-7.54952e-12
-7.10543e-12
-1.33227e-12
-5.32907e-12
5.77316e-12
-4.44089e-13
-7.54952e-12
-5.32907e-12
-1.33227e-12
-8.43769e-12
4.44089e-13
-3.55271e-12
2.66454e-12
-2.22045e-12
-2.22045e-12
-6.21725e-12
1.77636e-12
-2.22045e-12
-8.88178e-13
1.77636e-12
4.88498e-12
-3.10862e-12
-3.55271e-12
-3.10862e-12
-3.55271e-12
6.66134e-12
0
0
-6.21725e-12
-5.77316e-12
0
0
-3.55271e-12
7.10543e-12
0
3.10862e-12
-3.10862e-12
-1.33227e-12
-5.77316e-12
-3.10862e-12
-1.33227e-12
-1.77636e-12
0
7.54952e-12
-8.88178e-13
0
0
2.22045e-12
-3.9968e-12
2.22045e-12
0
0
-8.88178e-12
-7.99361e-12
-1.33227e-12
-1.77636e-12
2.22045e-12
5.32907e-12
-2.22045e-12
2.66454e-12
0
2.22045e-12
0
3.9968e-12
4.44089e-13
3.10862e-12
3.9968e-12
1.33227e-12
4.44089e-13
0
-7.99361e-12
0
0
-4.44089e-13
5.77316e-12
-6.21725e-12
-1.33227e-12
0
-4.44089e-13
0
6.21725e-12
-4.44089e-12
0
7.99361e-12
3.9968e-12
7.54952e-12
7.99361e-12
1.33227e-12
0
0
-4.44089e-13
0
0
-4.44089e-13
5.77316e-12
7.99361e-12
0
0
3.9968e-12
0
-4.44089e-13
6.21725e-12
-2.66454e-12
3.55271e-12
-2.66454e-12
2.22045e-12
3.55271e-12
1.33227e-12
0
0
4.88498e-12
0
-6.21725e-12
0
0
2.66454e-12
-4.44089e-13
0
8.43769e-12
-4.44089e-13
0
-6.66134e-12
0
0
5.77316e-12
-2.22045e-12
-4.44089e-12
8.88178e-13
-4.44089e-13
0
5.77316e-12
6.21725e-12
-2.22045e-12
-8.88178e-13
-3.10862e-12
3.10862e-12
3.9968e-12
0
4.44089e-13
0
0
0
0
2.66454e-12
4.44089e-13
3.9968e-12
4.88498e-12
0
0
1.19904e-11
-1.77636e-12
2.22045e-12
1.06581e-11
-7.54952e-12
9.32587e-12
4.44089e-12
3.55271e-12
-2.22045e-12
-3.9968e-12
6.66134e-12
1.33227e-12
7.10543e-12
0
-4.44089e-13
3.55271e-12
8.88178e-13
-1.77636e-12
0
7.10543e-12
6.21725e-12
7.99361e-12
3.55271e-12
0
-4.44089e-13
-4.44089e-13
2.22045e-12
-8.88178e-13
6.21725e-12
4.44089e-12
1.33227e-12
-6.66134e-12
-5.77316e-12
-5.77316e-12
1.77636e-12
-5.77316e-12
5.77316e-12
6.66134e-12
-1.33227e-12
-1.77636e-12
5.77316e-12
6.66134e-12
-5.77316e-12
-6.21725e-12
2.22045e-12
3.55271e-12
1.33227e-12
8.88178e-13
8.43769e-12
-9.32587e-12
7.99361e-12
5.77316e-12
3.9968e-12
-3.9968e-12
3.55271e-12
-2.66454e-12
4.44089e-13
6.66134e-12
0
6.66134e-12
0
-2.22045e-12
-4.44089e-13
-2.22045e-12
-4.44089e-13
-2.22045e-12
1.02141e-11
4.44089e-13
2.22045e-12
-6.21725e-12
-2.22045e-12
-3.55271e-12
-2.22045e-12
5.77316e-12
-2.22045e-12
-2.22045e-12
-2.22045e-12
-1.77636e-12
1.33227e-12
6.66134e-12
-4.44089e-13
-1.77636e-12
2.22045e-12
-2.22045e-12
-6.66134e-12
8.88178e-13
-6.21725e-12
-8.88178e-13
-3.9968e-12
5.32907e-12
0
1.33227e-12
-1.02141e-11
0
0
-1.77636e-12
-8.88178e-13
-8.88178e-13
4.88498e-12
0
0
1.11022e-11
0
0
1.33227e-12
0
1.77636e-12
-3.10862e-12
1.77636e-12
0
0
7.54952e-12
0
0
-5.32907e-12
0
5.32907e-12
4.44089e-12
-1.33227e-12
-8.88178e-13
0
4.44089e-13
0
0
4.44089e-13
-5.77316e-12
0
0
3.9968e-12
0
4.44089e-12
-7.10543e-12
4.44089e-12
5.77316e-12
-8.43769e-12
-3.9968e-12
-5.32907e-12
-4.44089e-12
-8.88178e-13
-6.21725e-12
0
0
5.32907e-12
0
5.32907e-12
-5.77316e-12
0
8.43769e-12
4.44089e-13
-5.77316e-12
0
6.21725e-12
0
0
-3.9968e-12
0
-2.22045e-12
0
0
7.99361e-12
-4.44089e-13
-2.22045e-12
0
6.66134e-12
-4.44089e-13
0
0
0
-4.88498e-12
-7.10543e-12
3.9968e-12
0
6.21725e-12
0
4.44089e-13
1.77636e-12
0
3.9968e-12
-1.33227e-12
1.77636e-12
0
-6.66134e-12
-6.21725e-12
1.33227e-12
3.9968e-12
-3.10862e-12
-4.88498e-12
-3.9968e-12
3.9968e-12
-3.10862e-12
0
3.55271e-12
1.02141e-11
1.77636e-12
0
-8.88178e-13
-8.43769e-12
1.58984e-10
-1.33227e-12
4.44089e-12
-9.32587e-12
1.02141e-11
-8.88178e-12
8.88178e-13
-8.88178e-13
-9.32587e-12
1.58096e-10
1.62537e-10
1.33227e-12
4.44089e-12
-8.88178e-13
1.33227e-12
-1.33227e-12
1.33227e-12
-1.77636e-12
1.33227e-12
1.55875e-10
1.5854e-10
-3.9968e-12
3.9968e-12
-8.88178e-13
-2.66454e-12
2.66454e-12
0
9.32587e-12
5.77316e-12
1.62981e-10
1.58984e-10
-2.22045e-12
-4.44089e-12
1.64313e-11
4.88498e-12
1.68754e-11
4.44089e-12
6.21725e-12
7.54952e-12
1.56319e-10
1.55875e-10
-3.10862e-12
3.55271e-12
-4.44089e-13
-8.88178e-13
5.32907e-12
3.55271e-12
8.88178e-13
1.77636e-12
1.61204e-10
1.58096e-10
-5.77316e-12
7.99361e-12
0
-4.44089e-13
1.77636e-12
5.77316e-12
2.22045e-12
3.9968e-12
1.63425e-10
1.56319e-10
2.66454e-12
3.9968e-12
8.43769e-12
3.55271e-12
9.32587e-12
7.10543e-12
2.22045e-12
1.77636e-12
1.58096e-10
1.6076e-10
-2.66454e-12
7.54952e-12
6.21725e-12
5.32907e-12
4.88498e-12
0
7.10543e-12
4.88498e-12
1.54987e-10
1.60316e-10
2.22045e-12
5.32907e-12
8.43769e-12
3.9968e-12
-4.44089e-13
1.42109e-11
8.88178e-12
7.54952e-12
1.54543e-10
1.66533e-10
5.77316e-12
3.9968e-12
3.10862e-12
1.15463e-11
3.10862e-12
1.33227e-12
3.55271e-12
1.33227e-11
-4.44089e-12
1.63425e-10
-5.32907e-12
8.43769e-12
1.33227e-12
2.22045e-12
0
9.32587e-12
0
3.55271e-12
1.6076e-10
1.66533e-10
-3.9968e-12
1.77636e-12
3.55271e-12
8.88178e-13
-8.88178e-13
1.77636e-12
3.10862e-12
7.54952e-12
1.53655e-10
1.54543e-10
3.9968e-12
1.11022e-11
4.88498e-12
4.88498e-12
6.21725e-12
5.77316e-12
7.54952e-12
4.88498e-12
1.67866e-10
1.59428e-10
-1.33227e-12
2.66454e-12
9.76996e-12
4.88498e-12
9.32587e-12
0
8.88178e-12
3.9968e-12
1.5854e-10
1.58984e-10
3.9968e-12
2.22045e-12
4.88498e-12
4.88498e-12
0
-4.44089e-13
3.10862e-12
4.88498e-12
1.59872e-10
1.55875e-10
3.9968e-12
7.54952e-12
7.99361e-12
-8.88178e-13
-8.88178e-13
2.66454e-12
6.66134e-12
4.88498e-12
1.61204e-10
1.55431e-10
2.22045e-12
2.22045e-12
8.88178e-12
3.9968e-12
7.54952e-12
2.22045e-12
7.99361e-12
-8.88178e-13
1.61648e-10
1.61648e-10
2.66454e-12
7.99361e-12
5.77316e-12
3.10862e-12
1.77636e-12
4.88498e-12
1.77636e-12
-1.77636e-12
1.54543e-10
1.5854e-10
3.9968e-12
1.02141e-11
7.99361e-12
7.99361e-12
5.32907e-12
8.88178e-12
3.9968e-12
7.54952e-12
1.55431e-10
1.66978e-10
1.33227e-12
3.55271e-12
2.66454e-12
1.02141e-11
-7.54952e-12
0
1.02141e-11
1.15463e-11
-5.77316e-12
-1.33227e-11
-7.54952e-12
-2.22045e-12
-1.06581e-11
3.9968e-12
-1.37668e-11
-5.32907e-12
-9.32587e-12
-1.06581e-11
-7.54952e-12
-2.22045e-12
-3.10862e-12
-1.33227e-12
-3.10862e-12
-1.02141e-11
-2.22045e-12
-2.66454e-12
-1.33227e-12
-1.33227e-12
-5.32907e-12
-7.99361e-12
-2.66454e-12
-8.88178e-12
-2.66454e-12
-5.77316e-12
4.44089e-13
-2.66454e-12
-8.88178e-12
8.88178e-13
-7.10543e-12
-8.43769e-12
-8.88178e-12
-8.43769e-12
-9.76996e-12
0
-8.43769e-12
-3.55271e-12
-2.66454e-12
-2.66454e-12
-4.44089e-12
-3.10862e-12
-2.66454e-12
-4.88498e-12
-1.73195e-11
0
-4.88498e-12
-2.66454e-12
-2.66454e-12
-5.77316e-12
-4.44089e-13
-4.88498e-12
-1.19904e-11
-3.10862e-12
-4.44089e-13
-4.88498e-12
-2.22045e-12
-1.19904e-11
-8.43769e-12
4.44089e-13
-1.55431e-11
-7.54952e-12
-2.66454e-12
-2.22045e-12
-3.10862e-12
0
-2.22045e-12
0
-3.10862e-12
-1.02141e-11
0
-6.21725e-12
-1.77636e-12
-7.10543e-12
-1.33227e-12
-9.32587e-12
-6.21725e-12
-1.33227e-12
-6.21725e-12
-1.33227e-12
-1.77636e-12
-1.24345e-11
-2.66454e-12
-1.02141e-11
-1.15463e-11
-4.88498e-12
-3.10862e-12
0
-7.10543e-12
-6.21725e-12
-1.33227e-11
-1.06581e-11
-1.33227e-12
-1.06581e-11
-1.19904e-11
-9.76996e-12
-1.06581e-11
-1.33227e-12
0
-4.88498e-12
-4.44089e-12
-1.11022e-11
-7.10543e-12
-9.32587e-12
-8.88178e-13
-6.21725e-12
-8.43769e-12
-5.32907e-12
-8.88178e-12
-5.77316e-12
0
-3.55271e-12
-2.22045e-12
-8.43769e-12
4.44089e-13
-9.76996e-12
-1.77636e-12
-2.66454e-12
-7.99361e-12
0
0
-3.10862e-12
-7.54952e-12
-2.66454e-12
-4.44089e-12
-9.76996e-12
-5.77316e-12
-4.44089e-13
-2.66454e-12
-3.9968e-12
-7.99361e-12
-8.88178e-13
-8.43769e-12
-2.22045e-12
-6.21725e-12
-8.88178e-13
-7.99361e-12
-2.22045e-12
-3.10862e-12
-6.21725e-12
-8.88178e-13
-3.10862e-12
-8.43769e-12
-1.77636e-12
-1.90958e-11
-8.43769e-12
-1.77636e-12
-8.43769e-12
-2.66454e-12
-1.37668e-11
2.22045e-12
-8.88178e-12
-1.37668e-11
-8.88178e-13
-4.44089e-12
-9.76996e-12
-7.54952e-12
-9.32587e-12
-8.43769e-12
-3.9968e-12
-1.46549e-11
-5.32907e-12
-4.44089e-12
-4.88498e-12
-8.43769e-12
-4.44089e-12
-2.22045e-12
-4.44089e-12
-5.77316e-12
-1.37668e-11
-2.66454e-12
-4.44089e-13
-5.32907e-12
-1.02141e-11
-3.55271e-12
-1.64313e-11
-4.44089e-13
-7.99361e-12
1.77636e-12
-1.77636e-12
-3.10862e-12
-7.99361e-12
-4.44089e-12
-1.5099e-11
-1.86517e-11
-1.33227e-11
-5.77316e-12
-4.44089e-12
4.44089e-13
-9.76996e-12
-1.33227e-11
-1.24345e-11
-1.33227e-11
-1.15463e-11
-1.15463e-11
-1.19904e-11
-1.15463e-11
-1.33227e-11
-2.22045e-12
-8.88178e-12
0
8.88178e-13
-8.88178e-13
-6.66134e-12
-8.88178e-13
-9.32587e-12
8.88178e-12
0
0
-8.88178e-13
6.21725e-12
-4.88498e-12
-1.77636e-12
-7.99361e-12
-1.33227e-12
-6.21725e-12
1.77636e-12
2.66454e-12
-8.43769e-12
8.88178e-13
2.22045e-12
2.22045e-12
0
5.32907e-12
1.77636e-12
-2.66454e-12
-2.22045e-12
-8.88178e-13
8.43769e-12
-8.88178e-13
3.10862e-12
4.88498e-12
-3.10862e-12
6.66134e-12
0
-5.77316e-12
-1.77636e-12
-4.44089e-12
-4.44089e-13
4.44089e-12
-3.55271e-12
-5.32907e-12
-4.44089e-12
4.44089e-12
5.77316e-12
-7.10543e-12
-2.22045e-12
-4.44089e-12
-6.21725e-12
0
-2.22045e-12
-2.66454e-12
-3.9968e-12
8.88178e-13
-1.33227e-12
-2.66454e-12
3.10862e-12
-4.44089e-13
5.32907e-12
-4.44089e-13
-3.10862e-12
7.10543e-12
-4.88498e-12
4.44089e-13
1.33227e-12
-8.88178e-13
-4.88498e-12
-8.88178e-13
1.77636e-12
1.33227e-12
0
4.44089e-12
3.10862e-12
-3.9968e-12
-1.33227e-12
-6.66134e-12
0
-4.88498e-12
0
-5.77316e-12
-1.33227e-12
0
-1.33227e-12
2.22045e-12
-3.9968e-12
-8.88178e-13
4.44089e-13
-7.54952e-12
7.54952e-12
-3.9968e-12
0
0
-1.19904e-11
-4.44089e-13
0
8.88178e-13
8.88178e-12
-1.02141e-11
-4.44089e-13
3.9968e-12
-1.77636e-12
-2.66454e-12
0
0
-1.02141e-11
6.21725e-12
0
0
0
0
-2.66454e-12
4.88498e-12
3.10862e-12
3.10862e-12
0
0
1.33227e-12
2.66454e-12
-4.44089e-13
-4.88498e-12
-8.88178e-12
3.10862e-12
3.10862e-12
0
-3.9968e-12
-3.9968e-12
1.33227e-12
-6.21725e-12
0
-3.9968e-12
6.21725e-12
-7.54952e-12
3.10862e-12
2.22045e-12
-4.88498e-12
-4.88498e-12
-7.99361e-12
-4.88498e-12
-4.44089e-13
0
-4.44089e-13
0
6.21725e-12
0
6.21725e-12
6.21725e-12
0
4.44089e-13
0
6.21725e-12
-4.44089e-12
2.66454e-12
4.44089e-12
0
4.88498e-12
1.77636e-12
7.99361e-12
-4.44089e-12
2.66454e-12
3.9968e-12
2.66454e-12
4.88498e-12
2.66454e-12
4.88498e-12
0
-3.9968e-12
2.22045e-12
2.22045e-12
4.88498e-12
0
-3.9968e-12
-6.21725e-12
0
1.77636e-12
0
0
0
6.21725e-12
-2.66454e-12
0
3.9968e-12
-4.44089e-12
4.44089e-12
0
8.43769e-12
4.88498e-12
0
4.88498e-12
-3.9968e-12
4.44089e-12
2.22045e-12
1.77636e-12
8.88178e-13
1.77636e-12
-1.33227e-12
1.11022e-11
1.33227e-12
2.22045e-12
1.77636e-12
-1.77636e-12
-2.22045e-12
0
1.02141e-11
-1.77636e-12
8.88178e-13
9.32587e-12
-8.43769e-12
9.32587e-12
0
0
0
7.54952e-12
3.9968e-12
5.32907e-12
3.9968e-12
7.54952e-12
-5.32907e-12
0
8.43769e-12
-2.22045e-12
0
-2.66454e-12
4.44089e-13
-5.32907e-12
-6.21725e-12
8.88178e-13
-4.44089e-12
3.10862e-12
-8.43769e-12
8.88178e-13
1.33227e-12
0
4.44089e-13
-7.54952e-12
-3.55271e-12
6.21725e-12
-2.22045e-12
4.88498e-12
0
-7.54952e-12
7.10543e-12
5.32907e-12
6.21725e-12
0
-3.10862e-12
-1.33227e-12
4.88498e-12
2.66454e-12
5.32907e-12
-4.44089e-12
-3.10862e-12
5.32907e-12
6.21725e-12
2.22045e-12
-3.10862e-12
-1.77636e-12
-8.88178e-12
-4.88498e-12
0
-3.10862e-12
2.66454e-12
0
6.21725e-12
2.66454e-12
1.33227e-12
-7.54952e-12
7.10543e-12
-3.55271e-12
0
4.44089e-13
-4.88498e-12
3.9968e-12
-6.21725e-12
8.88178e-13
-3.9968e-12
4.44089e-13
7.99361e-12
6.21725e-12
7.54952e-12
5.77316e-12
0
3.9968e-12
0
-2.22045e-12
-8.88178e-13
-7.10543e-12
2.22045e-12
2.66454e-12
-1.33227e-12
-8.88178e-13
4.44089e-13
0
1.02141e-11
0
9.32587e-12
-2.22045e-12
-9.32587e-12
-1.33227e-12
-3.10862e-12
-1.15463e-11
4.44089e-13
2.66454e-12
-4.44089e-13
4.44089e-13
1.06581e-11
0
-3.9968e-12
-4.44089e-13
0
-6.21725e-12
2.22045e-12
-2.22045e-12
-3.10862e-12
3.10862e-12
0
0
-3.55271e-12
-3.10862e-12
7.99361e-12
1.77636e-12
7.10543e-12
-1.33227e-12
-4.44089e-13
0
8.43769e-12
5.77316e-12
5.32907e-12
6.21725e-12
1.33227e-12
8.43769e-12
-6.66134e-12
0
-1.33227e-12
-2.22045e-12
5.32907e-12
6.21725e-12
5.77316e-12
0
-5.32907e-12
-4.44089e-13
-6.21725e-12
-2.66454e-12
-8.88178e-13
-2.66454e-12
-2.22045e-12
2.22045e-12
2.22045e-12
5.77316e-12
-2.66454e-12
-2.22045e-12
8.88178e-13
8.88178e-13
-3.9968e-12
-3.55271e-12
-6.66134e-12
-5.32907e-12
-3.9968e-12
-2.66454e-12
2.66454e-12
-4.44089e-13
-6.21725e-12
-3.9968e-12
-5.32907e-12
-3.10862e-12
4.44089e-12
4.44089e-13
-3.9968e-12
-6.21725e-12
-4.44089e-12
3.9968e-12
0
3.9968e-12
0
-2.66454e-12
-3.55271e-12
0
8.88178e-13
0
1.33227e-12
0
0
5.32907e-12
-4.44089e-12
5.77316e-12
-3.9968e-12
2.22045e-12
1.77636e-12
-8.43769e-12
2.66454e-12
-1.77636e-12
-1.77636e-12
8.88178e-13
1.77636e-12
1.33227e-12
-4.44089e-13
-1.15463e-11
4.44089e-13
-1.77636e-12
1.33227e-12
1.11022e-11
4.44089e-13
-8.88178e-13
-8.43769e-12
-1.77636e-12
0
-3.9968e-12
0
-8.43769e-12
-1.33227e-12
4.44089e-13
4.44089e-13
-1.77636e-12
4.44089e-13
-5.32907e-12
0
-1.33227e-12
4.88498e-12
-4.44089e-13
-3.9968e-12
2.66454e-12
0
8.88178e-13
0
5.32907e-12
4.44089e-12
1.77636e-12
6.66134e-12
-7.10543e-12
7.99361e-12
-8.88178e-13
8.88178e-13
-1.33227e-12
7.10543e-12
3.55271e-12
7.99361e-12
-5.77316e-12
-3.55271e-12
-4.44089e-12
-5.77316e-12
5.77316e-12
-6.66134e-12
4.44089e-13
-4.44089e-12
-7.10543e-12
-2.22045e-12
5.77316e-12
-4.44089e-13
4.44089e-12
-1.77636e-12
3.55271e-12
7.10543e-12
1.77636e-12
-8.88178e-13
0
4.88498e-12
-2.66454e-12
3.10862e-12
4.44089e-13
1.33227e-12
-2.66454e-12
-2.22045e-12
-3.9968e-12
-4.88498e-12
-3.9968e-12
-6.66134e-12
1.33227e-12
-2.22045e-12
4.44089e-12
1.33227e-12
8.88178e-13
0
-2.22045e-12
5.32907e-12
-6.21725e-12
3.55271e-12
5.77316e-12
-7.99361e-12
4.44089e-13
-7.99361e-12
-2.22045e-12
4.44089e-12
-1.77636e-12
3.55271e-12
-2.66454e-12
4.88498e-12
7.54952e-12
-2.22045e-12
-2.22045e-12
-3.9968e-12
-3.10862e-12
0
-3.10862e-12
0
-1.77636e-12
-8.88178e-12
1.15463e-11
1.77636e-12
1.02141e-11
1.77636e-12
1.11022e-11
8.88178e-13
7.54952e-12
-4.44089e-13
-8.88178e-13
0
0
0
-4.44089e-13
-8.88178e-13
4.44089e-13
-2.66454e-12
2.66454e-12
0
-3.10862e-12
-1.33227e-12
0
3.10862e-12
-4.44089e-13
-8.43769e-12
-2.22045e-12
-3.10862e-12
-7.54952e-12
0
2.22045e-12
-4.44089e-12
-5.32907e-12
-6.66134e-12
0
-7.10543e-12
-4.44089e-12
0
0
-7.10543e-12
2.66454e-12
-8.88178e-13
-4.44089e-13
2.66454e-12
-4.44089e-13
6.21725e-12
0
0
3.10862e-12
-4.88498e-12
4.88498e-12
4.44089e-12
-2.66454e-12
-2.22045e-12
0
2.66454e-12
2.22045e-12
0
3.10862e-12
0
-3.9968e-12
1.77636e-12
6.21725e-12
2.22045e-12
-4.44089e-13
8.88178e-13
-1.33227e-12
4.44089e-13
3.9968e-12
4.88498e-12
3.10862e-12
-3.9968e-12
7.99361e-12
3.9968e-12
4.44089e-13
4.44089e-12
-4.44089e-13
0
-3.9968e-12
0
-3.55271e-12
-8.88178e-13
0
-2.22045e-12
0
-3.55271e-12
-2.66454e-12
-8.43769e-12
0
2.66454e-12
1.77636e-12
-4.44089e-12
-7.10543e-12
2.22045e-12
3.9968e-12
1.77636e-12
-5.32907e-12
-1.77636e-12
0
0
-1.33227e-12
1.33227e-12
8.88178e-12
-2.22045e-12
-1.77636e-12
-3.10862e-12
-1.02141e-11
4.44089e-13
8.88178e-13
1.15463e-11
2.66454e-12
1.11022e-11
3.9968e-12
1.02141e-11
1.15463e-11
8.88178e-13
9.32587e-12
1.15463e-11
9.32587e-12
0
6.66134e-12
4.88498e-12
1.15463e-11
1.77636e-12
1.33227e-12
2.66454e-12
8.88178e-13
8.88178e-13
7.99361e-12
8.88178e-13
0
8.88178e-13
7.54952e-12
3.55271e-12
5.32907e-12
4.44089e-13
-8.88178e-13
1.77636e-12
4.88498e-12
8.88178e-13
3.10862e-12
-1.77636e-12
7.10543e-12
7.10543e-12
6.21725e-12
1.59872e-11
8.88178e-13
3.9968e-12
2.22045e-12
6.21725e-12
1.06581e-11
5.32907e-12
2.22045e-12
3.55271e-12
-2.66454e-12
4.88498e-12
-1.77636e-12
-8.88178e-13
-8.88178e-13
1.06581e-11
4.44089e-13
9.32587e-12
1.42109e-11
1.37668e-11
7.54952e-12
0
5.77316e-12
3.9968e-12
1.19904e-11
5.77316e-12
1.15463e-11
4.88498e-12
1.42109e-11
2.22045e-12
-2.66454e-12
6.66134e-12
1.02141e-11
5.77316e-12
8.88178e-13
1.02141e-11
6.66134e-12
1.24345e-11
8.88178e-13
9.32587e-12
0
8.88178e-12
2.22045e-12
7.54952e-12
-1.33227e-12
1.11022e-11
3.10862e-12
0
1.33227e-12
0
7.10543e-12
3.10862e-12
5.32907e-12
1.33227e-12
1.24345e-11
-9.76996e-12
1.02141e-11
9.76996e-12
-8.88178e-12
8.88178e-13
-8.43769e-12
1.02141e-11
8.88178e-13
1.77636e-12
-6.66134e-12
1.15463e-11
1.33227e-12
1.33227e-12
3.9968e-12
1.11022e-11
1.15463e-11
1.33227e-12
1.02141e-11
1.33227e-11
7.54952e-12
2.66454e-12
3.9968e-12
7.10543e-12
1.06581e-11
3.10862e-12
2.66454e-12
6.21725e-12
3.9968e-12
2.22045e-12
8.88178e-12
2.22045e-12
-2.22045e-12
2.22045e-12
1.55431e-11
9.76996e-12
0
8.88178e-12
2.22045e-12
8.43769e-12
7.99361e-12
7.10543e-12
-1.33227e-12
0
1.77636e-12
-1.33227e-12
5.32907e-12
9.76996e-12
7.54952e-12
5.77316e-12
3.10862e-12
7.10543e-12
3.9968e-12
-1.33227e-12
2.22045e-12
3.10862e-12
-4.44089e-13
3.10862e-12
-4.44089e-13
2.66454e-12
2.66454e-12
1.33227e-11
5.77316e-12
1.33227e-11
9.76996e-12
9.32587e-12
7.10543e-12
1.77636e-12
0
5.32907e-12
8.43769e-12
2.66454e-12
7.99361e-12
7.10543e-12
7.99361e-12
8.88178e-13
5.32907e-12
8.43769e-12
1.46549e-11
4.88498e-12
5.77316e-12
1.59872e-11
5.77316e-12
1.68754e-11
7.10543e-12
3.10862e-12
1.33227e-12
4.88498e-12
2.22045e-12
1.59872e-11
-1.77636e-12
1.02141e-11
-1.77636e-12
8.43769e-12
7.99361e-12
-1.77636e-12
4.88498e-12
-1.77636e-12
5.77316e-12
3.55271e-12
8.88178e-12
0
8.43769e-12
9.76996e-12
-7.54952e-12
2.22045e-12
3.10862e-12
1.19904e-11
1.06581e-11
-5.77316e-12
-5.77316e-12
-8.88178e-12
-5.77316e-12
-5.32907e-12
-7.99361e-12
-5.77316e-12
-7.54952e-12
-5.77316e-12
4.88498e-12
-7.10543e-12
-3.55271e-12
-3.10862e-12
-2.22045e-12
-3.55271e-12
-2.22045e-12
-3.10862e-12
-3.10862e-12
-8.88178e-12
3.55271e-12
0
-8.88178e-12
-2.66454e-12
-4.44089e-12
-4.44089e-12
0
-4.44089e-12
-6.21725e-12
-4.44089e-12
-5.77316e-12
-8.88178e-13
-8.88178e-13
-2.66454e-12
0
0
-1.19904e-11
4.44089e-13
-1.46549e-11
0
-1.24345e-11
-3.9968e-12
-1.33227e-11
-3.10862e-12
-1.46549e-11
-1.46549e-11
-1.06581e-11
-1.46549e-11
-3.10862e-12
-1.46549e-11
-1.19904e-11
-2.66454e-12
8.88178e-13
-8.88178e-13
-1.33227e-11
-1.33227e-11
-1.11022e-11
-1.33227e-11
-8.88178e-13
-1.11022e-11
-1.33227e-12
-2.66454e-12
-2.22045e-12
-4.44089e-12
-2.66454e-12
-2.66454e-12
-1.11022e-11
-2.66454e-12
-9.76996e-12
-1.77636e-12
-2.66454e-12
1.33227e-12
-2.66454e-12
-2.66454e-12
0
-8.88178e-13
-5.77316e-12
0
-2.66454e-12
8.88178e-13
-4.44089e-12
0
8.88178e-13
-4.44089e-12
-1.33227e-11
-1.33227e-11
-1.11022e-11
-1.33227e-11
-9.76996e-12
-1.33227e-11
-1.19904e-11
-2.22045e-12
-6.21725e-12
-1.24345e-11
-1.33227e-11
-1.33227e-11
-1.28786e-11
-1.33227e-11
-1.77636e-12
-1.33227e-11
1.06581e-11
-4.88498e-12
-7.99361e-12
-6.66134e-12
-4.88498e-12
4.88498e-12
-7.54952e-12
-4.88498e-12
-9.32587e-12
-4.88498e-12
5.77316e-12
-3.9968e-12
4.44089e-13
-5.77316e-12
-4.88498e-12
4.44089e-13
-3.9968e-12
-3.9968e-12
-8.88178e-13
-3.55271e-12
4.88498e-12
0
-4.44089e-12
0
0
-4.44089e-12
-6.21725e-12
-4.44089e-12
2.66454e-12
-4.44089e-12
-6.21725e-12
-7.99361e-12
-3.55271e-12
-3.10862e-12
-5.32907e-12
-8.88178e-13
-1.28786e-11
-4.88498e-12
-1.37668e-11
-6.66134e-12
-1.11022e-11
-8.43769e-12
-1.86517e-11
8.88178e-13
-1.90958e-11
-1.90958e-11
-1.86517e-11
-1.90958e-11
1.77636e-12
-1.90958e-11
-1.37668e-11
-3.9968e-12
-1.77636e-12
0
-1.46549e-11
-1.46549e-11
-1.46549e-11
-1.46549e-11
-6.21725e-12
-1.02141e-11
-1.19904e-11
-1.33227e-12
-8.43769e-12
1.33227e-12
-1.33227e-12
-8.43769e-12
-1.46549e-11
-1.33227e-12
-8.43769e-12
0
-1.19904e-11
4.44089e-13
-3.9968e-12
-9.32587e-12
0
-4.44089e-12
1.33227e-12
0
-8.88178e-13
-3.55271e-12
-1.15463e-11
-1.77636e-12
-6.21725e-12
1.77636e-12
-1.19904e-11
-1.90958e-11
-1.46549e-11
-1.19904e-11
-1.06581e-11
-1.5099e-11
-1.37668e-11
-1.37668e-11
-4.44089e-12
-5.32907e-12
-1.37668e-11
-1.06581e-11
-1.42109e-11
-1.37668e-11
5.77316e-12
-1.37668e-11
1.11022e-11
0
-1.77636e-12
0
0
-1.33227e-12
8.88178e-13
0
1.02141e-11
0
4.44089e-12
5.77316e-12
1.33227e-12
4.44089e-13
1.33227e-12
1.33227e-12
4.44089e-13
1.33227e-12
2.22045e-12
6.66134e-12
-8.88178e-12
-2.22045e-12
7.10543e-12
2.66454e-12
3.10862e-12
3.55271e-12
-3.10862e-12
3.55271e-12
7.10543e-12
3.55271e-12
8.88178e-12
-5.77316e-12
-2.66454e-12
-3.55271e-12
0
0
4.44089e-13
0
3.55271e-12
0
1.11022e-11
-2.66454e-12
1.77636e-12
2.66454e-12
-2.66454e-12
3.55271e-12
-8.88178e-13
-2.66454e-12
4.44089e-12
-2.66454e-12
1.33227e-12
2.22045e-12
1.77636e-12
-4.88498e-12
-6.21725e-12
0
-3.9968e-12
-4.44089e-13
-3.10862e-12
-8.43769e-12
-9.76996e-12
-4.44089e-12
-4.44089e-13
1.77636e-12
3.10862e-12
0
-7.54952e-12
3.10862e-12
-3.55271e-12
3.10862e-12
-7.54952e-12
8.88178e-13
-4.44089e-12
-2.66454e-12
0
-2.66454e-12
-8.88178e-13
-4.88498e-12
3.10862e-12
0
-4.88498e-12
-2.22045e-12
1.33227e-12
0
-6.21725e-12
0
-7.54952e-12
-8.88178e-13
-3.55271e-12
-5.77316e-12
4.44089e-13
-1.11022e-11
4.44089e-13
6.21725e-12
1.77636e-12
8.88178e-13
1.33227e-12
1.77636e-12
8.43769e-12
1.77636e-12
-4.44089e-13
4.44089e-13
3.55271e-12
0
0
-1.02141e-11
0
0
1.77636e-12
0
0
0
0
0
0
0
0
0
-6.66134e-12
3.9968e-12
0
-8.88178e-12
-3.9968e-12
0
0
-3.9968e-12
3.9968e-12
-3.9968e-12
0
-3.9968e-12
-4.44089e-13
4.44089e-13
2.66454e-12
0
4.44089e-12
2.66454e-12
0
4.44089e-12
0
0
0
6.21725e-12
0
-3.9968e-12
0
0
6.21725e-12
0
-4.44089e-12
0
0
0
2.66454e-12
-7.10543e-12
0
-4.44089e-13
-4.44089e-13
-8.88178e-13
3.9968e-12
-4.44089e-12
-1.33227e-12
-3.55271e-12
7.10543e-12
-8.88178e-13
-3.55271e-12
3.9968e-12
0
-3.55271e-12
-8.88178e-13
-3.55271e-12
2.66454e-12
-4.44089e-13
3.9968e-12
5.77316e-12
-3.9968e-12
4.44089e-12
0
-3.9968e-12
-3.55271e-12
0
0
-1.77636e-12
8.88178e-13
4.44089e-13
-4.44089e-13
4.44089e-13
4.88498e-12
-8.88178e-13
0
2.22045e-12
-8.88178e-13
2.66454e-12
9.32587e-12
0
1.77636e-12
9.32587e-12
2.22045e-12
1.77636e-12
0
1.77636e-12
-8.88178e-13
8.88178e-12
-1.77636e-12
1.33227e-12
0
1.19904e-11
0
0
-1.02141e-11
0
1.77636e-12
8.88178e-13
-6.66134e-12
4.44089e-13
8.88178e-13
-3.55271e-12
4.44089e-13
8.88178e-13
4.44089e-13
1.77636e-12
-1.77636e-12
-1.77636e-12
8.88178e-13
0
8.88178e-13
8.88178e-13
-1.33227e-12
8.88178e-13
0
8.88178e-13
0
5.32907e-12
-3.55271e-12
6.21725e-12
-7.54952e-12
1.77636e-12
1.77636e-12
-1.33227e-12
8.88178e-13
-7.54952e-12
0
7.10543e-12
-3.55271e-12
-8.88178e-13
4.44089e-12
-3.55271e-12
0
3.10862e-12
-7.54952e-12
3.10862e-12
-1.77636e-12
0
1.33227e-12
0
8.43769e-12
2.66454e-12
-1.77636e-12
3.55271e-12
3.55271e-12
8.43769e-12
9.32587e-12
5.77316e-12
3.10862e-12
8.88178e-13
0
2.66454e-12
4.88498e-12
0
1.77636e-12
0
9.32587e-12
-4.44089e-13
2.66454e-12
2.22045e-12
-8.88178e-13
-1.77636e-12
7.54952e-12
2.22045e-12
-7.99361e-12
-8.88178e-13
0
1.77636e-12
8.88178e-13
-4.44089e-13
7.99361e-12
2.66454e-12
4.44089e-12
3.55271e-12
0
8.43769e-12
9.76996e-12
0
0
-6.21725e-12
4.44089e-13
-1.77636e-12
4.44089e-13
4.44089e-13
-6.66134e-12
4.44089e-13
0
1.02141e-11
-2.66454e-12
-1.77636e-12
1.06581e-11
1.02141e-11
1.06581e-11
1.06581e-11
9.76996e-12
1.06581e-11
6.21725e-12
8.88178e-13
0
6.66134e-12
8.88178e-13
8.88178e-13
0
8.88178e-13
7.54952e-12
0
-9.76996e-12
0
8.43769e-12
-2.66454e-12
-8.88178e-13
8.43769e-12
-6.21725e-12
7.10543e-12
-2.66454e-12
7.10543e-12
1.15463e-11
6.21725e-12
-5.77316e-12
1.33227e-12
8.88178e-13
-2.66454e-12
1.77636e-12
-8.88178e-13
3.10862e-12
5.77316e-12
0
-6.21725e-12
3.9968e-12
3.9968e-12
7.99361e-12
3.9968e-12
2.66454e-12
-4.44089e-13
-3.55271e-12
-4.44089e-13
4.44089e-13
4.44089e-12
-3.55271e-12
3.9968e-12
3.9968e-12
4.44089e-12
3.55271e-12
4.44089e-12
2.22045e-12
3.55271e-12
1.02141e-11
4.44089e-12
8.88178e-13
-4.88498e-12
3.9968e-12
4.44089e-12
-2.66454e-12
4.44089e-12
-7.99361e-12
4.44089e-12
8.88178e-12
0
0
0
2.66454e-12
0
-3.55271e-12
-4.44089e-12
0
2.66454e-12
4.44089e-13
-5.77316e-12
-4.44089e-13
-3.9968e-12
0
-4.44089e-13
0
-6.21725e-12
-1.77636e-12
1.33227e-12
2.66454e-12
0
-9.76996e-12
-4.88498e-12
-3.10862e-12
-8.88178e-12
-8.88178e-13
-4.44089e-13
-7.10543e-12
-4.44089e-13
-7.10543e-12
-8.88178e-12
1.24345e-11
0
0
-1.02141e-11
0
0
0
-1.33227e-12
-1.15463e-11
-3.9968e-12
7.99361e-12
4.44089e-13
0
3.9968e-12
-8.88178e-13
-7.54952e-12
-1.77636e-12
0
6.21725e-12
3.9968e-12
-3.9968e-12
-8.43769e-12
0
0
3.9968e-12
0
-1.33227e-12
0
-9.32587e-12
-1.77636e-12
0
-5.32907e-12
7.54952e-12
0
-1.77636e-12
2.22045e-12
8.88178e-13
8.43769e-12
-8.88178e-13
-4.44089e-13
1.77636e-12
-2.66454e-12
2.22045e-12
1.77636e-12
1.33227e-12
3.9968e-12
4.88498e-12
4.44089e-12
1.33227e-12
-8.43769e-12
-3.9968e-12
2.66454e-12
-1.33227e-12
-4.44089e-12
4.88498e-12
-8.43769e-12
-5.32907e-12
-1.33227e-12
-1.06581e-11
1.33227e-12
-7.10543e-12
-8.88178e-13
4.44089e-13
-7.10543e-12
3.55271e-12
-4.44089e-13
-2.22045e-12
0
-1.02141e-11
-6.21725e-12
3.9968e-12
4.44089e-13
-4.88498e-12
2.22045e-12
-8.88178e-13
-5.77316e-12
5.32907e-12
-4.88498e-12
-4.44089e-13
-4.44089e-13
-7.54952e-12
3.55271e-12
0
-7.54952e-12
1.77636e-12
-4.44089e-13
3.55271e-12
0
-1.02141e-11
-1.77636e-12
0
8.88178e-13
0
1.02141e-11
-4.44089e-13
0
-8.88178e-13
0
-1.02141e-11
-1.02141e-11
-4.44089e-13
0
0
0
0
0
4.44089e-13
0
0
4.44089e-12
-4.88498e-12
0
4.44089e-12
-4.88498e-12
1.77636e-12
3.9968e-12
0
0
0
0
-4.88498e-12
2.66454e-12
-3.10862e-12
-4.44089e-12
6.66134e-12
-3.10862e-12
-3.10862e-12
-3.10862e-12
-1.06581e-11
0
0
0
0
0
4.44089e-13
0
-3.10862e-12
0
8.88178e-13
0
3.10862e-12
-4.44089e-13
0
3.10862e-12
0
6.66134e-12
-1.77636e-12
7.10543e-12
1.33227e-12
0
-3.9968e-12
2.66454e-12
8.88178e-13
-7.99361e-12
4.44089e-13
0
-8.43769e-12
0
-1.19904e-11
-8.43769e-12
-7.99361e-12
3.9968e-12
-4.44089e-13
-7.99361e-12
3.55271e-12
0
6.66134e-12
0
-8.88178e-12
-2.22045e-12
0
-5.77316e-12
8.88178e-13
0
8.88178e-13
7.99361e-12
3.10862e-12
8.88178e-13
0
6.66134e-12
8.88178e-13
-3.10862e-12
2.22045e-12
8.88178e-13
-3.10862e-12
8.43769e-12
-7.10543e-12
0
-3.10862e-12
-1.77636e-12
7.54952e-12
-8.88178e-13
3.10862e-12
7.10543e-12
1.33227e-12
-8.88178e-13
-8.88178e-13
-8.88178e-13
7.54952e-12
1.11022e-11
-9.32587e-12
8.88178e-12
1.11022e-11
1.11022e-11
1.11022e-11
1.11022e-11
1.11022e-11
1.24345e-11
-4.44089e-13
2.22045e-12
1.11022e-11
1.24345e-11
-1.77636e-12
1.11022e-11
2.66454e-12
6.21725e-12
3.10862e-12
-1.33227e-12
4.88498e-12
-1.77636e-12
2.66454e-12
8.43769e-12
-1.77636e-12
-1.77636e-12
1.33227e-12
-1.77636e-12
8.88178e-13
-1.77636e-12
4.44089e-13
8.88178e-13
1.5099e-11
5.77316e-12
0
-8.88178e-13
3.10862e-12
0
0
0
-9.76996e-12
8.88178e-13
3.10862e-12
1.02141e-11
4.44089e-13
3.10862e-12
4.88498e-12
1.33227e-12
1.77636e-12
4.44089e-13
5.77316e-12
7.54952e-12
1.46549e-11
3.10862e-12
0
4.44089e-12
1.33227e-12
7.54952e-12
1.06581e-11
1.77636e-12
1.11022e-11
-8.88178e-13
7.10543e-12
1.33227e-12
4.44089e-13
7.10543e-12
4.44089e-13
8.88178e-13
2.22045e-12
4.44089e-13
3.55271e-12
7.10543e-12
-4.44089e-13
3.55271e-12
7.10543e-12
1.33227e-12
1.02141e-11
8.88178e-12
1.77636e-12
7.10543e-12
1.02141e-11
9.76996e-12
6.21725e-12
2.66454e-12
-2.22045e-12
6.21725e-12
1.11022e-11
-2.22045e-12
8.88178e-13
1.06581e-11
8.88178e-13
1.28786e-11
5.77316e-12
8.88178e-12
1.02141e-11
-3.10862e-12
0
4.44089e-13
1.33227e-12
4.44089e-13
0
1.15463e-11
3.10862e-12
1.06581e-11
1.33227e-12
1.33227e-12
1.33227e-12
1.33227e-12
8.88178e-13
1.33227e-12
-1.11022e-11
-8.88178e-13
1.46549e-11
1.02141e-11
-8.88178e-13
1.46549e-11
1.33227e-12
-8.88178e-13
0
-8.88178e-13
9.32587e-12
6.66134e-12
2.22045e-12
-4.44089e-13
2.22045e-12
2.22045e-12
1.77636e-12
2.22045e-12
6.21725e-12
2.22045e-12
1.33227e-12
0
1.28786e-11
3.55271e-12
3.10862e-12
3.10862e-12
8.88178e-13
2.66454e-12
3.9968e-12
3.10862e-12
4.44089e-13
8.88178e-12
1.77636e-12
7.99361e-12
1.33227e-12
1.77636e-12
5.32907e-12
1.77636e-12
6.66134e-12
1.77636e-12
5.32907e-12
-1.33227e-12
1.90958e-11
4.44089e-13
0
7.99361e-12
8.88178e-13
-1.33227e-12
1.37668e-11
8.88178e-13
1.28786e-11
7.54952e-12
7.99361e-12
1.77636e-12
4.44089e-13
7.99361e-12
2.66454e-12
0
0
0
2.66454e-12
3.10862e-12
-1.33227e-12
8.43769e-12
0
-1.33227e-12
1.28786e-11
8.88178e-13
0
0
1.06581e-11
8.43769e-12
6.66134e-12
4.88498e-12
-1.77636e-12
6.66134e-12
1.15463e-11
-3.10862e-12
8.88178e-12
1.15463e-11
3.10862e-12
1.28786e-11
-2.66454e-12
1.02141e-11
1.06581e-11
-2.66454e-12
0
8.88178e-13
2.22045e-12
8.88178e-13
-1.06581e-11
)
;

boundaryField
{
    frontAndBack
    {
        type            calculated;
        value           uniform 0;
    }
    left
    {
        type            calculated;
        value           nonuniform List<scalar> 
100
(
-1.5854e-10
-1.59872e-10
-1.61204e-10
-1.6076e-10
-1.59872e-10
-1.5854e-10
-1.59872e-10
-1.58984e-10
-1.5854e-10
8.43769e-12
-1.51879e-10
-1.59428e-10
-1.63425e-10
-1.56763e-10
-1.6076e-10
-1.55875e-10
-1.6076e-10
-1.59428e-10
-1.52323e-10
1.11022e-11
3.10862e-12
0
1.33227e-12
8.88178e-13
2.22045e-12
1.33227e-12
4.44089e-13
0
-4.44089e-13
0
-7.10543e-12
1.33227e-12
-3.9968e-12
0
-4.44089e-13
-4.44089e-12
2.66454e-12
-2.66454e-12
0
-5.32907e-12
-3.10862e-12
8.88178e-13
-3.10862e-12
-8.88178e-13
-2.66454e-12
1.33227e-12
-4.44089e-13
-6.21725e-12
6.66134e-12
3.10862e-12
0
-1.77636e-12
3.10862e-12
-6.21725e-12
7.54952e-12
7.99361e-12
2.22045e-12
2.66454e-12
-2.22045e-12
3.10862e-12
3.9968e-12
4.44089e-12
8.88178e-13
2.22045e-12
5.77316e-12
1.33227e-12
4.44089e-13
1.02141e-11
-2.22045e-12
-6.21725e-12
-8.88178e-13
1.77636e-12
5.32907e-12
0
-5.32907e-12
0
-2.22045e-12
0
0
-4.88498e-12
-8.43769e-12
1.58096e-10
1.55875e-10
1.62981e-10
1.56319e-10
1.61204e-10
1.63425e-10
1.58096e-10
1.54987e-10
1.54543e-10
-4.44089e-12
1.6076e-10
1.53655e-10
1.67866e-10
1.5854e-10
1.59872e-10
1.61204e-10
1.61648e-10
1.54543e-10
1.55431e-10
)
;
    }
    right
    {
        type            calculated;
        value           nonuniform List<scalar> 
100
(
4.88498e-12
3.55271e-12
-5.77316e-12
-1.24345e-11
-1.19904e-11
-1.33227e-12
-2.66454e-12
-4.44089e-12
-1.19904e-11
1.06581e-11
5.77316e-12
4.88498e-12
-6.21725e-12
-1.11022e-11
-1.37668e-11
-1.19904e-11
-1.19904e-11
-1.15463e-11
-1.37668e-11
1.11022e-11
4.44089e-12
-8.88178e-12
8.88178e-12
1.11022e-11
1.33227e-12
-9.76996e-12
-7.54952e-12
-4.88498e-12
4.44089e-13
-4.44089e-13
0
0
-4.44089e-13
0
0
-1.33227e-12
2.66454e-12
0
-8.88178e-13
-8.88178e-13
1.77636e-12
-1.77636e-12
0
0
-1.77636e-12
9.32587e-12
9.32587e-12
0
9.76996e-12
0
6.21725e-12
-9.76996e-12
1.15463e-11
0
4.44089e-13
1.02141e-11
8.88178e-12
4.44089e-13
2.66454e-12
-7.10543e-12
-1.15463e-11
6.21725e-12
-9.32587e-12
-8.88178e-13
1.33227e-12
-1.06581e-11
-1.02141e-11
-4.44089e-13
-1.02141e-11
-1.02141e-11
0
0
-1.06581e-11
8.88178e-13
1.33227e-12
-1.19904e-11
-8.88178e-12
0
-3.10862e-12
7.54952e-12
-4.44089e-13
4.88498e-12
4.44089e-13
-9.76996e-12
5.77316e-12
1.11022e-11
3.55271e-12
1.02141e-11
8.88178e-13
0
-1.11022e-11
9.32587e-12
1.33227e-12
4.44089e-13
5.32907e-12
1.28786e-11
2.66454e-12
1.06581e-11
3.10862e-12
-1.06581e-11
)
;
    }
    lowerWall
    {
        type            calculated;
        value           nonuniform List<scalar> 
300
(
-1.5854e-10
-1.51879e-10
3.10862e-12
-7.10543e-12
-3.10862e-12
0
3.9968e-12
-8.88178e-13
-8.43769e-12
-4.44089e-12
-2.66454e-12
-3.55271e-12
2.22045e-12
1.33227e-12
-3.55271e-12
0
4.88498e-12
-8.88178e-13
1.58984e-10
1.63425e-10
-4.44089e-13
3.55271e-12
1.33227e-12
-4.44089e-12
1.33227e-12
2.22045e-12
0
4.88498e-12
-1.33227e-12
-5.32907e-12
-4.44089e-13
-4.44089e-13
-3.55271e-12
0
3.55271e-12
-3.9968e-12
0
0
4.44089e-12
8.43769e-12
-8.88178e-13
-2.66454e-12
0
0
-2.66454e-12
2.22045e-12
1.19904e-11
0
-9.32587e-12
1.33227e-12
-2.22045e-12
0
1.33227e-12
-2.66454e-12
0
0
-1.77636e-12
1.11022e-11
1.02141e-11
2.22045e-12
-1.77636e-12
-2.66454e-12
0
2.66454e-12
8.43769e-12
0
2.22045e-12
0
-8.88178e-12
0
8.88178e-13
-9.76996e-12
-1.33227e-12
9.32587e-12
-1.11022e-11
-8.88178e-12
1.06581e-11
0
8.88178e-13
9.32587e-12
-8.88178e-13
7.54952e-12
-8.88178e-13
0
8.43769e-12
-7.99361e-12
-7.54952e-12
1.33227e-12
-8.88178e-13
0
-1.02141e-11
-8.88178e-12
0
-3.10862e-12
8.88178e-13
-1.33227e-12
9.32587e-12
0
-9.32587e-12
3.55271e-12
-5.77316e-12
-4.44089e-12
0
-1.77636e-12
-2.22045e-12
4.44089e-13
4.44089e-13
8.88178e-13
4.44089e-13
1.77636e-12
-1.33227e-11
-1.11022e-11
8.88178e-13
-2.66454e-12
0
2.66454e-12
-8.88178e-13
7.54952e-12
8.88178e-13
-6.66134e-12
-7.54952e-12
-7.10543e-12
-8.88178e-13
0
1.02141e-11
-4.44089e-13
-8.43769e-12
-4.44089e-13
1.15463e-11
1.15463e-11
-2.22045e-12
-9.32587e-12
-6.66134e-12
0
-1.77636e-12
4.44089e-13
-1.77636e-12
-8.88178e-13
2.66454e-12
1.33227e-12
-1.06581e-11
-8.88178e-13
-8.88178e-13
-1.02141e-11
8.88178e-13
1.06581e-11
0
0
1.11022e-11
1.33227e-12
3.9968e-12
-6.21725e-12
-9.32587e-12
6.21725e-12
9.32587e-12
0
-3.9968e-12
0
3.9968e-12
3.9968e-12
-1.37668e-11
-8.43769e-12
8.88178e-12
0
-8.43769e-12
-3.9968e-12
0
0
1.02141e-11
1.11022e-11
-5.32907e-12
-5.32907e-12
0
0
9.32587e-12
-4.44089e-13
-8.43769e-12
-4.44089e-13
1.15463e-11
1.15463e-11
-9.32587e-12
-8.88178e-12
0
0
0
0
-1.33227e-12
-8.88178e-13
8.88178e-13
1.33227e-12
-1.06581e-11
-5.77316e-12
-8.88178e-13
0
0
-6.21725e-12
4.44089e-13
4.44089e-13
9.32587e-12
1.02141e-11
-5.77316e-12
-4.88498e-12
0
4.44089e-13
8.88178e-12
1.02141e-11
-8.88178e-12
-1.02141e-11
1.11022e-11
1.15463e-11
-5.77316e-12
-7.99361e-12
-1.77636e-12
3.55271e-12
-1.77636e-12
-2.66454e-12
1.24345e-11
-4.44089e-13
-9.32587e-12
3.10862e-12
-8.88178e-12
-6.66134e-12
0
0
1.33227e-12
-1.77636e-12
0
0
8.88178e-12
1.06581e-11
-5.77316e-12
-4.88498e-12
0
0
0
1.06581e-11
0
0
1.11022e-11
1.33227e-12
-5.32907e-12
4.88498e-12
-1.33227e-12
-1.02141e-11
1.19904e-11
1.02141e-11
-1.02141e-11
0
1.11022e-11
1.33227e-12
-7.99361e-12
-7.54952e-12
8.88178e-13
0
0
1.06581e-11
0
0
1.11022e-11
1.33227e-12
-5.77316e-12
-4.88498e-12
0
0
0
1.06581e-11
0
0
1.11022e-11
1.33227e-12
-7.54952e-12
-9.32587e-12
1.02141e-11
1.77636e-12
-1.02141e-11
9.76996e-12
0
4.44089e-13
1.11022e-11
8.88178e-13
-5.77316e-12
-4.88498e-12
0
0
0
1.06581e-11
-1.33227e-12
0
1.24345e-11
1.33227e-12
4.88498e-12
5.77316e-12
4.44089e-12
0
1.77636e-12
6.21725e-12
-1.15463e-11
0
-4.44089e-13
-1.11022e-11
)
;
    }
    upperWall
    {
        type            calculated;
        value           nonuniform List<scalar> 
300
(
8.43769e-12
1.11022e-11
0
-5.32907e-12
3.10862e-12
3.10862e-12
-6.21725e-12
-4.88498e-12
1.54543e-10
1.55431e-10
3.10862e-12
-3.9968e-12
-2.22045e-12
0
-3.10862e-12
3.9968e-12
-8.88178e-13
-3.9968e-12
1.66533e-10
1.66978e-10
-1.33227e-12
-1.77636e-12
5.32907e-12
0
-1.33227e-12
0
-3.9968e-12
3.9968e-12
5.77316e-12
1.33227e-12
-8.43769e-12
-7.99361e-12
4.44089e-13
3.55271e-12
-5.77316e-12
4.44089e-13
5.32907e-12
-3.10862e-12
3.9968e-12
3.55271e-12
-2.22045e-12
-2.66454e-12
1.77636e-12
0
-3.10862e-12
0
0
0
3.10862e-12
2.66454e-12
-8.43769e-12
-1.19904e-11
-1.77636e-12
0
-1.33227e-12
0
1.33227e-12
3.55271e-12
1.15463e-11
1.02141e-11
-1.15463e-11
-1.28786e-11
1.28786e-11
-8.88178e-13
-1.77636e-12
0
-1.02141e-11
1.02141e-11
3.10862e-12
-7.54952e-12
6.21725e-12
-4.44089e-12
-1.06581e-11
8.88178e-13
0
0
0
1.77636e-12
1.33227e-12
0
-2.22045e-12
4.44089e-13
3.10862e-12
-3.55271e-12
7.54952e-12
2.66454e-12
0
0
3.55271e-12
1.02141e-11
-8.88178e-13
-4.44089e-13
1.33227e-12
0
-8.88178e-13
4.44089e-13
-1.77636e-12
-8.88178e-13
1.33227e-11
1.15463e-11
-1.33227e-11
-1.33227e-11
0
2.22045e-12
4.44089e-13
-1.77636e-12
0
-1.77636e-12
1.33227e-12
3.55271e-12
-1.06581e-11
-1.24345e-11
0
1.77636e-12
0
8.88178e-13
-3.10862e-12
0
1.24345e-11
8.88178e-12
-1.33227e-12
-1.33227e-11
-1.19904e-11
8.88178e-13
1.02141e-11
1.77636e-12
0
0
-9.76996e-12
0
-1.06581e-11
-1.15463e-11
-4.44089e-13
1.77636e-12
0
1.33227e-12
-1.77636e-12
-1.33227e-12
1.02141e-11
8.43769e-12
-1.19904e-11
-1.15463e-11
0
-1.33227e-12
9.32587e-12
-4.44089e-13
-8.88178e-12
1.33227e-12
9.76996e-12
9.76996e-12
-9.76996e-12
-1.19904e-11
8.88178e-13
1.11022e-11
-2.22045e-12
-1.15463e-11
1.15463e-11
8.88178e-12
-8.88178e-12
-7.54952e-12
-1.06581e-11
-1.15463e-11
8.88178e-12
1.33227e-12
-9.32587e-12
4.44089e-13
1.77636e-12
-2.22045e-12
8.88178e-13
2.22045e-12
-1.33227e-12
-1.33227e-11
-1.02141e-11
2.22045e-12
-1.33227e-12
-1.77636e-12
1.02141e-11
-1.77636e-12
-8.43769e-12
3.10862e-12
0
-2.22045e-12
-4.44089e-13
1.77636e-12
-3.10862e-12
1.33227e-12
1.77636e-12
-3.10862e-12
1.02141e-11
1.19904e-11
-4.88498e-12
-8.88178e-12
3.9968e-12
-1.77636e-12
-1.15463e-11
1.11022e-11
1.11022e-11
-1.02141e-11
8.88178e-13
1.06581e-11
-2.22045e-12
-1.37668e-11
-1.11022e-11
2.66454e-12
0
0
-1.77636e-12
-1.77636e-12
1.28786e-11
1.28786e-11
-6.21725e-12
-4.44089e-12
4.44089e-13
9.32587e-12
0
-9.76996e-12
0
7.54952e-12
5.77316e-12
-2.66454e-12
-1.24345e-11
-5.32907e-12
6.21725e-12
0
-6.21725e-12
-4.88498e-12
8.88178e-13
-8.88178e-13
8.88178e-12
1.02141e-11
-1.33227e-11
-1.37668e-11
1.77636e-12
1.77636e-12
4.44089e-13
-3.10862e-12
0
3.10862e-12
1.02141e-11
1.06581e-11
-1.33227e-11
-1.06581e-11
8.88178e-13
9.32587e-12
-1.77636e-12
-8.88178e-12
1.02141e-11
7.10543e-12
-3.10862e-12
-2.66454e-12
-1.28786e-11
-1.42109e-11
1.33227e-12
2.22045e-12
4.44089e-13
-8.88178e-13
-4.44089e-13
1.33227e-12
0
0
-1.33227e-11
-1.37668e-11
1.77636e-12
1.77636e-12
4.44089e-13
-4.44089e-13
0
-8.88178e-13
4.44089e-13
8.88178e-13
-1.77636e-12
5.77316e-12
8.43769e-12
0
-6.66134e-12
-7.10543e-12
-8.88178e-13
-8.88178e-13
1.33227e-12
2.22045e-12
-1.33227e-11
-1.37668e-11
1.77636e-12
1.77636e-12
4.44089e-13
-4.44089e-13
0
-8.88178e-13
4.44089e-13
8.88178e-13
1.06581e-11
1.11022e-11
-4.44089e-13
-8.88178e-13
0
-7.10543e-12
-1.02141e-11
7.54952e-12
0
-1.06581e-11
)
;
    }
}


// ************************************************************************* //
