/*--------------------------------*- C++ -*----------------------------------*\
  =========                 |
  \\      /  F ield         | OpenFOAM: The Open Source CFD Toolbox
   \\    /   O peration     | Website:  https://openfoam.org
    \\  /    A nd           | Version:  10
     \\/     M anipulation  |
\*---------------------------------------------------------------------------*/
FoamFile
{
    format      ascii;
    class       volScalarField;
    location    "0.2";
    object      gradTx;
}
// * * * * * * * * * * * * * * * * * * * * * * * * * * * * * * * * * * * * * //

dimensions      [0 -1 0 1 0 0 0];

internalField   nonuniform List<scalar> 
3000
(
-499.6
-0.399508
-0.00016377
-4.58584e-08
-1.59872e-11
0
9.76996e-12
0
0
4.88498e-12
-499.6
-0.399508
-0.00016377
-4.58611e-08
-1.15463e-11
4.44089e-13
1.77636e-12
-4.44089e-13
0
1.77636e-12
-499.6
-0.399508
-0.00016377
-4.58642e-08
-1.59872e-11
0
0
1.06581e-11
-4.44089e-13
-6.66134e-12
-499.6
-0.399508
-0.00016377
-4.58504e-08
-3.10862e-12
-1.06581e-11
4.44089e-13
-4.44089e-13
-9.32587e-12
1.33227e-12
-499.6
-0.399508
-0.00016377
-4.58589e-08
-1.19904e-11
2.22045e-12
1.19904e-11
7.99361e-12
-1.11022e-11
-7.10543e-12
-499.6
-0.399508
-0.00016377
-4.58633e-08
-9.32587e-12
0
-1.77636e-12
1.11022e-11
1.33227e-12
-9.32587e-12
-499.6
-0.399508
-0.00016377
-4.58571e-08
-4.44089e-12
0
2.22045e-12
0
-1.11022e-11
1.02141e-11
-499.6
-0.399508
-0.00016377
-4.58606e-08
-1.5099e-11
-1.77636e-12
8.88178e-12
1.77636e-12
-1.06581e-11
-1.33227e-12
-499.6
-0.399508
-0.00016377
-4.58571e-08
-5.77316e-12
-7.99361e-12
-7.54952e-12
1.33227e-12
-3.55271e-12
-8.88178e-13
-499.6
-0.399508
-0.00016377
-4.58589e-08
-1.11022e-11
9.32587e-12
-6.21725e-12
-9.76996e-12
-3.10862e-12
1.19904e-11
-499.6
-0.399508
-0.00016377
-4.58575e-08
-1.82077e-11
-8.88178e-13
1.28786e-11
8.88178e-13
-1.06581e-11
0
-499.6
-0.399508
-0.00016377
-4.58602e-08
-1.5099e-11
0
7.54952e-12
-3.9968e-12
1.33227e-12
8.88178e-13
-499.6
-0.399508
-0.00016377
-4.58669e-08
-8.88178e-12
0
1.33227e-12
7.99361e-12
-4.44089e-13
-4.88498e-12
-499.6
-0.399508
-0.00016377
-4.5858e-08
-8.88178e-12
-4.44089e-12
-2.22045e-12
0
-2.22045e-12
-3.10862e-12
-499.6
-0.399508
-0.00016377
-4.58624e-08
-1.42109e-11
2.66454e-12
6.66134e-12
0
-7.10543e-12
4.44089e-13
-499.6
-0.399508
-0.00016377
-4.58673e-08
-1.55431e-11
0
1.33227e-12
7.54952e-12
0
-2.22045e-12
-499.6
-0.399508
-0.00016377
-4.58567e-08
-1.73195e-11
2.22045e-12
7.10543e-12
0
-7.54952e-12
-3.9968e-12
-499.6
-0.399508
-0.00016377
-4.58615e-08
-1.02141e-11
-4.88498e-12
0
0
-5.32907e-12
5.32907e-12
-499.6
-0.399508
-0.00016377
-4.58615e-08
-9.32587e-12
-4.44089e-13
-4.44089e-13
-5.32907e-12
-6.66134e-12
3.10862e-12
-499.6
-0.399508
-0.00016377
-4.58593e-08
-1.19904e-11
-1.33227e-12
9.32587e-12
0
-1.02141e-11
1.33227e-12
-499.6
-0.399508
-0.00016377
-4.58642e-08
-1.59872e-11
0
0
1.06581e-11
-4.44089e-13
-6.66134e-12
-499.6
-0.399508
-0.00016377
-4.58673e-08
-1.55431e-11
5.32907e-12
1.33227e-12
2.66454e-12
-4.44089e-13
4.44089e-13
-499.6
-0.399508
-0.00016377
-4.58642e-08
-3.55271e-12
-4.88498e-12
0
4.44089e-13
-7.99361e-12
7.99361e-12
-499.6
-0.399508
-0.00016377
-4.58602e-08
-1.42109e-11
0
6.66134e-12
-3.55271e-12
-3.10862e-12
4.44089e-13
-499.6
-0.399508
-0.00016377
-4.58678e-08
-1.11022e-11
0
-4.44089e-13
0
4.44089e-13
6.21725e-12
-499.6
-0.399508
-0.00016377
-4.58611e-08
-1.33227e-11
-8.43769e-12
7.99361e-12
4.44089e-13
-2.22045e-12
7.99361e-12
-499.6
-0.399508
-0.00016377
-4.58638e-08
-1.06581e-11
0
3.55271e-12
0
-3.9968e-12
3.9968e-12
-499.6
-0.399508
-0.00016377
-4.58589e-08
-1.24345e-11
-7.10543e-12
-2.66454e-12
0
-5.32907e-12
5.77316e-12
-499.6
-0.399508
-0.00016377
-4.58624e-08
-1.5099e-11
-4.44089e-13
-4.44089e-13
4.44089e-13
6.21725e-12
3.55271e-12
-499.6
-0.399508
-0.00016377
-4.58606e-08
-1.5099e-11
0
8.88178e-13
3.10862e-12
2.22045e-12
-2.22045e-12
-499.6
-0.399508
-0.00016377
-4.58598e-08
-1.24345e-11
-1.33227e-12
9.76996e-12
-4.44089e-13
-9.32587e-12
1.33227e-12
-499.6
-0.399508
-0.00016377
-4.58624e-08
-1.28786e-11
1.77636e-12
1.33227e-12
0
-2.22045e-12
1.77636e-12
-499.6
-0.399508
-0.00016377
-4.58642e-08
-1.42109e-11
0
1.77636e-12
6.21725e-12
1.33227e-12
-4.44089e-13
-499.6
-0.399508
-0.00016377
-4.58624e-08
-1.46549e-11
0
2.66454e-12
0
-4.44089e-12
4.44089e-13
-499.6
-0.399508
-0.00016377
-4.58562e-08
-1.55431e-11
-4.88498e-12
-4.88498e-12
4.44089e-12
7.54952e-12
-7.54952e-12
-499.6
-0.399508
-0.00016377
-4.58562e-08
-8.88178e-12
4.44089e-13
-1.33227e-12
-8.88178e-13
-6.66134e-12
-1.77636e-12
-499.6
-0.399508
-0.00016377
-4.58606e-08
-7.99361e-12
-4.44089e-12
-5.77316e-12
4.44089e-12
7.54952e-12
-7.54952e-12
-499.6
-0.399508
-0.00016377
-4.58669e-08
-2.04281e-11
5.32907e-12
4.44089e-12
0
1.77636e-12
0
-499.6
-0.399508
-0.00016377
-4.58562e-08
-1.33227e-11
-2.66454e-12
1.33227e-12
-3.9968e-12
-7.54952e-12
3.9968e-12
-499.6
-0.399508
-0.00016377
-4.58624e-08
-1.37668e-11
9.76996e-12
-4.44089e-13
-9.32587e-12
1.33227e-12
-1.77636e-12
-499.6
-0.399508
-0.00016377
-4.58593e-08
-1.86517e-11
2.66454e-12
1.24345e-11
7.10543e-12
-1.11022e-11
-8.43769e-12
-499.6
-0.399508
-0.00016377
-4.58624e-08
-2.08722e-11
4.88498e-12
7.10543e-12
-2.66454e-12
-7.10543e-12
2.66454e-12
-499.6
-0.399508
-0.00016377
-4.58624e-08
-5.77316e-12
0
-8.43769e-12
4.44089e-13
4.44089e-13
-4.44089e-13
-499.6
-0.399508
-0.00016377
-4.58602e-08
-1.42109e-11
4.44089e-12
1.77636e-12
-7.99361e-12
1.77636e-12
7.10543e-12
-499.6
-0.399508
-0.00016377
-4.58615e-08
-2.13163e-11
0
5.77316e-12
0
-5.77316e-12
5.77316e-12
-499.6
-0.399508
-0.00016377
-4.58624e-08
-1.5099e-11
-4.44089e-13
6.66134e-12
8.88178e-13
-1.33227e-12
3.55271e-12
-499.6
-0.399508
-0.00016377
-4.58624e-08
-1.33227e-11
0
5.77316e-12
0
0
5.77316e-12
-499.6
-0.399508
-0.00016377
-4.58682e-08
-7.99361e-12
5.77316e-12
-1.77636e-12
0
-1.77636e-12
-4.44089e-12
-499.6
-0.399508
-0.00016377
-4.5862e-08
-1.42109e-11
-4.44089e-13
7.54952e-12
4.44089e-13
-1.77636e-12
7.54952e-12
-499.6
-0.399508
-0.00016377
-4.58606e-08
-1.90958e-11
0
1.77636e-12
0
1.33227e-12
3.10862e-12
-499.6
-0.399508
-0.00016377
-4.58642e-08
-1.59872e-11
1.02141e-11
-8.88178e-13
0
1.33227e-12
-9.32587e-12
-499.6
-0.399508
-0.00016377
-4.58673e-08
-1.55431e-11
0
1.33227e-12
7.99361e-12
-3.9968e-12
-4.44089e-13
-499.6
-0.399508
-0.00016377
-4.58691e-08
-1.33227e-11
0
5.32907e-12
0
-5.32907e-12
5.77316e-12
-499.6
-0.399508
-0.00016377
-4.58624e-08
-8.88178e-12
6.66134e-12
-1.33227e-12
-6.21725e-12
-4.44089e-13
5.77316e-12
-499.6
-0.399508
-0.00016377
-4.58691e-08
-1.55431e-11
5.32907e-12
7.99361e-12
0
-7.99361e-12
2.66454e-12
-499.6
-0.399508
-0.00016377
-4.58624e-08
-2.04281e-11
-4.44089e-13
5.77316e-12
0
4.44089e-13
4.44089e-13
-499.6
-0.399508
-0.00016377
-4.58629e-08
-7.10543e-12
0
-2.66454e-12
5.77316e-12
2.22045e-12
-2.22045e-12
-499.6
-0.399508
-0.00016377
-4.58624e-08
-1.42109e-11
0
-3.9968e-12
0
1.77636e-12
-1.77636e-12
-499.6
-0.399508
-0.00016377
-4.58615e-08
-7.54952e-12
3.55271e-12
-2.22045e-12
3.10862e-12
-4.44089e-12
-2.66454e-12
-499.6
-0.399508
-0.00016377
-4.58646e-08
-9.76996e-12
1.02141e-11
1.77636e-12
0
8.88178e-13
-8.88178e-12
-499.6
-0.399508
-0.00016377
-4.58598e-08
-1.46549e-11
8.88178e-13
3.10862e-12
-1.33227e-12
-2.66454e-12
-4.44089e-13
-499.6
-0.399508
-0.00016377
-4.58651e-08
-1.95399e-11
3.9968e-12
7.54952e-12
0
-7.10543e-12
8.88178e-13
-499.6
-0.399508
-0.00016377
-4.58629e-08
-1.37668e-11
-4.44089e-13
0
0
6.21725e-12
7.10543e-12
-499.6
-0.399508
-0.00016377
-4.58598e-08
-7.54952e-12
-4.44089e-13
-4.88498e-12
4.88498e-12
6.21725e-12
-8.88178e-12
-499.6
-0.399508
-0.00016377
-4.58629e-08
-2.17604e-11
0
6.21725e-12
-4.44089e-13
0
0
-499.6
-0.399508
-0.00016377
-4.58624e-08
-1.95399e-11
5.77316e-12
4.44089e-12
-2.22045e-12
-8.88178e-13
0
-499.6
-0.399508
-0.00016377
-4.58633e-08
-7.54952e-12
0
-6.21725e-12
0
6.21725e-12
-4.44089e-13
-499.6
-0.399508
-0.00016377
-4.58686e-08
-1.64313e-11
0
-2.22045e-12
6.66134e-12
3.9968e-12
-3.9968e-12
-499.6
-0.399508
-0.00016377
-4.58633e-08
-7.54952e-12
5.77316e-12
-4.44089e-13
-6.21725e-12
-2.22045e-12
7.99361e-12
-499.6
-0.399508
-0.00016377
-4.58598e-08
-1.90958e-11
0
1.77636e-12
3.55271e-12
8.88178e-13
-1.33227e-12
-499.6
-0.399508
-0.00016377
-4.58509e-08
-1.77636e-11
0
1.11022e-11
-9.32587e-12
0
-8.88178e-13
-499.6
-0.399508
-0.00016377
-4.5858e-08
-1.02141e-11
0
0
0
0
0
-499.6
-0.399508
-0.00016377
-4.58629e-08
-1.24345e-11
-3.10862e-12
-2.66454e-12
-3.9968e-12
-5.77316e-12
5.77316e-12
-499.6
-0.399508
-0.00016377
-4.58678e-08
-2.04281e-11
0
4.44089e-13
1.77636e-12
-1.33227e-12
5.32907e-12
-499.6
-0.399508
-0.00016377
-4.58624e-08
-7.10543e-12
-6.21725e-12
-4.88498e-12
7.99361e-12
2.22045e-12
-5.77316e-12
-499.6
-0.399508
-0.00016377
-4.58629e-08
-5.77316e-12
-4.88498e-12
-3.55271e-12
0
1.77636e-12
4.44089e-12
-499.6
-0.399508
-0.00016377
-4.58642e-08
-1.64313e-11
0
-2.22045e-12
6.21725e-12
1.77636e-12
-3.55271e-12
-499.6
-0.399508
-0.00016377
-4.58669e-08
-1.24345e-11
0
5.77316e-12
0
-6.21725e-12
0
-499.6
-0.399508
-0.00016377
-4.58642e-08
-1.64313e-11
6.66134e-12
-2.22045e-12
-6.66134e-12
-1.33227e-12
8.43769e-12
-499.6
-0.399508
-0.00016377
-4.58606e-08
-1.37668e-11
0
0
1.02141e-11
-4.44089e-13
-8.43769e-12
-499.6
-0.399508
-0.00016377
-4.58651e-08
-4.44089e-12
4.44089e-13
-6.66134e-12
0
-3.55271e-12
-8.88178e-13
-499.6
-0.399508
-0.00016377
-4.5866e-08
-1.19904e-11
4.44089e-12
-4.44089e-13
-5.32907e-12
-6.66134e-12
3.10862e-12
-499.6
-0.399508
-0.00016377
-4.58615e-08
-1.33227e-11
-4.44089e-13
-4.44089e-13
4.44089e-13
4.44089e-13
3.55271e-12
-499.6
-0.399508
-0.00016377
-4.58589e-08
-1.42109e-11
0
6.66134e-12
-8.43769e-12
-2.66454e-12
-8.88178e-13
-499.6
-0.399508
-0.00016377
-4.58611e-08
-1.55431e-11
5.32907e-12
5.77316e-12
0
-5.77316e-12
-5.77316e-12
-499.6
-0.399508
-0.00016377
-4.5862e-08
-7.54952e-12
5.77316e-12
-2.22045e-12
-6.21725e-12
-4.44089e-13
3.9968e-12
-499.6
-0.399508
-0.00016377
-4.58633e-08
-1.82077e-11
4.44089e-13
2.22045e-12
-4.44089e-13
0
4.44089e-13
-499.6
-0.399508
-0.00016377
-4.58602e-08
-9.32587e-12
2.22045e-12
-1.77636e-12
8.88178e-13
6.66134e-12
-5.32907e-12
-499.6
-0.399508
-0.00016377
-4.5862e-08
-1.59872e-11
-4.44089e-13
7.54952e-12
3.9968e-12
-7.10543e-12
-3.9968e-12
-499.6
-0.399508
-0.00016377
-4.58646e-08
-1.19904e-11
1.02141e-11
-4.44089e-13
-7.54952e-12
-4.44089e-13
-3.10862e-12
-499.6
-0.399508
-0.00016377
-4.58589e-08
-1.11022e-11
0
8.88178e-13
-8.88178e-13
-9.76996e-12
8.88178e-13
-499.6
-0.399508
-0.00016377
-4.58598e-08
-1.28786e-11
0
0
-1.33227e-12
0
1.37668e-11
-499.6
-0.399508
-0.00016377
-4.58598e-08
-1.90958e-11
1.33227e-12
-4.44089e-13
2.66454e-12
-4.44089e-13
-1.77636e-12
-499.6
-0.399508
-0.00016377
-4.58482e-08
-1.24345e-11
4.44089e-13
1.33227e-12
-9.32587e-12
1.33227e-12
4.44089e-13
-499.6
-0.399508
-0.00016377
-4.58606e-08
-1.19904e-11
0
0
3.10862e-12
0
-3.10862e-12
-499.6
-0.399508
-0.00016377
-4.5858e-08
-1.46549e-11
-2.66454e-12
1.33227e-12
1.33227e-12
0
8.88178e-13
-499.6
-0.399508
-0.00016377
-4.58571e-08
-1.64313e-11
4.44089e-13
4.44089e-13
-4.44089e-13
-3.55271e-12
-2.22045e-12
-499.6
-0.399508
-0.00016377
-4.58575e-08
-1.42109e-11
-1.77636e-12
0
1.77636e-12
-8.88178e-13
-1.77636e-12
-499.6
-0.399508
-0.00016377
-4.58571e-08
-1.82077e-11
-2.66454e-12
7.99361e-12
2.66454e-12
-7.99361e-12
7.54952e-12
-499.6
-0.399508
-0.000163771
-4.58633e-08
-5.77316e-12
-4.44089e-13
-9.76996e-12
1.02141e-11
1.11022e-11
-1.02141e-11
1.77636e-12
2.22045e-12
-2.66454e-12
3.9968e-12
-3.9968e-12
4.44089e-13
0
-2.22045e-12
5.77316e-12
-3.9968e-12
-1.77636e-12
0
2.22045e-12
0
9.32587e-12
-1.77636e-12
-9.76996e-12
2.22045e-12
0
-4.44089e-13
0
-8.88178e-13
8.88178e-13
-8.88178e-13
5.77316e-12
-1.77636e-12
-4.88498e-12
8.88178e-13
-4.44089e-13
0
4.44089e-13
5.32907e-12
0
0
-1.77636e-12
2.22045e-12
1.33227e-12
-7.10543e-12
-8.88178e-13
0
2.22045e-12
0
-1.77636e-12
1.06581e-11
1.33227e-12
-1.15463e-11
0
1.33227e-12
4.88498e-12
-4.44089e-13
0
1.11022e-11
0
-8.88178e-12
4.44089e-12
-1.33227e-12
3.9968e-12
1.77636e-12
-1.02141e-11
0
8.88178e-13
-1.02141e-11
-4.44089e-13
0
8.88178e-13
-4.44089e-13
0
1.33227e-12
4.88498e-12
-4.44089e-13
-4.44089e-13
-4.44089e-13
9.76996e-12
1.33227e-12
1.77636e-12
-2.22045e-12
-8.88178e-12
0
0
4.44089e-13
1.02141e-11
8.88178e-13
0
1.02141e-11
-1.77636e-12
-1.02141e-11
-5.77316e-12
-8.88178e-13
5.77316e-12
4.44089e-13
1.02141e-11
0
-8.88178e-13
0
4.44089e-13
-2.22045e-12
1.77636e-12
-9.32587e-12
-2.22045e-12
1.15463e-11
-1.77636e-12
0
8.88178e-12
0
2.66454e-12
-2.66454e-12
-8.88178e-12
2.22045e-12
0
-4.44089e-13
-2.66454e-12
4.44089e-12
2.66454e-12
8.88178e-13
-1.77636e-12
0
-1.77636e-12
2.66454e-12
2.66454e-12
-7.99361e-12
-6.21725e-12
2.22045e-12
-8.88178e-13
0
8.43769e-12
2.22045e-12
-2.22045e-12
-7.99361e-12
2.22045e-12
8.43769e-12
-3.55271e-12
3.55271e-12
0
0
6.66134e-12
3.55271e-12
-2.22045e-12
-1.33227e-12
-8.88178e-13
8.88178e-13
5.77316e-12
2.22045e-12
-3.55271e-12
-3.9968e-12
6.21725e-12
0
-2.22045e-12
3.55271e-12
2.22045e-12
-1.77636e-12
-3.9968e-12
4.44089e-13
1.77636e-12
2.66454e-12
2.66454e-12
-3.10862e-12
-2.22045e-12
-5.32907e-12
3.10862e-12
4.88498e-12
4.44089e-13
2.22045e-12
3.9968e-12
0
3.55271e-12
-4.44089e-13
0
4.44089e-13
-3.9968e-12
4.44089e-13
-2.22045e-12
-1.77636e-12
8.43769e-12
1.77636e-12
0
-7.54952e-12
-8.88178e-13
0
0
7.99361e-12
2.66454e-12
4.44089e-13
1.77636e-12
2.66454e-12
2.66454e-12
-3.10862e-12
0
-4.44089e-12
0
7.54952e-12
1.33227e-12
1.19904e-11
-1.77636e-12
-1.02141e-11
8.88178e-13
-8.88178e-13
1.02141e-11
1.77636e-12
-5.32907e-12
9.32587e-12
0
-8.88178e-13
8.88178e-13
1.02141e-11
-1.33227e-12
-7.10543e-12
4.44089e-13
-2.22045e-12
4.88498e-12
-4.44089e-13
-3.9968e-12
-2.22045e-12
-3.55271e-12
2.22045e-12
8.43769e-12
-3.10862e-12
-3.10862e-12
-3.9968e-12
2.66454e-12
3.10862e-12
4.44089e-12
-7.10543e-12
4.44089e-13
3.10862e-12
-1.77636e-12
-2.22045e-12
3.10862e-12
3.9968e-12
-3.10862e-12
2.66454e-12
3.9968e-12
4.44089e-12
-1.77636e-12
1.33227e-12
0
4.44089e-13
0
-1.77636e-12
-3.9968e-12
-4.88498e-12
5.77316e-12
-7.10543e-12
0
0
-5.77316e-12
5.77316e-12
0
0
0
-5.77316e-12
-6.21725e-12
-4.44089e-12
7.99361e-12
0
-3.9968e-12
-3.9968e-12
4.44089e-12
0
-4.44089e-12
4.44089e-12
2.66454e-12
0
0
-3.9968e-12
1.33227e-12
5.77316e-12
0
-3.10862e-12
-3.9968e-12
3.9968e-12
5.77316e-12
-3.55271e-12
-4.44089e-13
3.55271e-12
-3.9968e-12
4.44089e-13
-4.44089e-13
2.22045e-12
5.77316e-12
0
1.77636e-12
-8.88178e-13
-6.66134e-12
-3.9968e-12
0
3.55271e-12
3.10862e-12
4.88498e-12
0
-1.33227e-12
-2.66454e-12
4.44089e-13
-4.44089e-13
2.22045e-12
4.44089e-13
-2.66454e-12
4.44089e-13
0
1.77636e-12
4.44089e-13
4.44089e-13
-8.88178e-13
0
0
0
8.43769e-12
-4.44089e-13
-7.10543e-12
-8.88178e-13
0
-3.10862e-12
-3.10862e-12
0
-4.44089e-13
8.88178e-13
3.10862e-12
7.99361e-12
-7.99361e-12
0
7.10543e-12
-8.88178e-13
0
3.10862e-12
1.33227e-12
0
-1.33227e-12
-4.44089e-13
2.66454e-12
2.66454e-12
-3.10862e-12
1.33227e-12
-2.66454e-12
1.33227e-12
3.55271e-12
-6.66134e-12
1.77636e-12
0
0
6.66134e-12
-3.55271e-12
-8.43769e-12
0
7.10543e-12
7.10543e-12
-7.10543e-12
-6.66134e-12
0
-4.44089e-13
7.10543e-12
1.33227e-12
0
-1.77636e-12
5.77316e-12
4.88498e-12
-4.44089e-13
8.88178e-13
0
-2.66454e-12
1.77636e-12
2.66454e-12
-4.44089e-13
-8.88178e-13
-1.33227e-12
6.21725e-12
1.77636e-12
-7.54952e-12
0
7.99361e-12
-2.22045e-12
-6.21725e-12
-3.10862e-12
1.33227e-12
0
-3.55271e-12
-2.66454e-12
-5.77316e-12
4.44089e-13
8.88178e-13
-1.33227e-12
9.32587e-12
3.9968e-12
0
5.32907e-12
0
-1.33227e-12
1.33227e-12
-6.21725e-12
2.66454e-12
3.55271e-12
-3.10862e-12
4.44089e-13
0
-1.77636e-12
1.77636e-12
1.77636e-12
7.54952e-12
-8.88178e-13
-6.66134e-12
8.88178e-12
-1.33227e-12
-8.88178e-13
8.88178e-13
3.55271e-12
0
4.44089e-12
2.66454e-12
-4.88498e-12
-2.22045e-12
4.88498e-12
-4.44089e-13
7.99361e-12
2.22045e-12
-4.88498e-12
0
5.32907e-12
-2.66454e-12
0
-5.77316e-12
-4.44089e-12
4.44089e-12
7.99361e-12
4.44089e-12
-2.66454e-12
-4.44089e-12
-5.77316e-12
2.66454e-12
1.33227e-12
2.66454e-12
-8.88178e-13
-5.77316e-12
-4.44089e-12
1.33227e-12
7.99361e-12
-6.66134e-12
-6.66134e-12
-2.22045e-12
0
5.32907e-12
8.88178e-13
-4.44089e-12
5.32907e-12
0
0
0
4.44089e-13
-4.44089e-13
-5.77316e-12
0
5.77316e-12
4.44089e-13
-3.55271e-12
4.44089e-12
5.32907e-12
0
-2.22045e-12
-8.88178e-13
-2.22045e-12
-4.44089e-12
4.44089e-12
1.33227e-12
1.77636e-12
0
0
-7.10543e-12
-7.10543e-12
7.99361e-12
6.21725e-12
-8.88178e-13
-5.32907e-12
-3.9968e-12
-4.44089e-13
0
7.99361e-12
3.9968e-12
-6.21725e-12
4.44089e-13
5.77316e-12
0
-8.88178e-13
2.66454e-12
-3.10862e-12
8.88178e-13
-3.55271e-12
0
4.88498e-12
-4.44089e-12
3.10862e-12
0
-8.88178e-13
3.10862e-12
-8.88178e-13
-1.33227e-12
0
0
1.02141e-11
0
-8.88178e-12
0
-1.33227e-12
8.88178e-13
0
1.11022e-11
-1.77636e-12
-8.88178e-12
1.02141e-11
-1.33227e-12
0
1.77636e-12
-1.02141e-11
9.32587e-12
3.9968e-12
8.88178e-13
-2.22045e-12
0
2.66454e-12
-6.21725e-12
0
6.21725e-12
-2.66454e-12
4.44089e-13
-8.88178e-13
4.44089e-13
-4.44089e-13
-4.88498e-12
7.54952e-12
0
1.77636e-12
-1.77636e-12
0
4.44089e-12
-1.77636e-12
-3.55271e-12
-4.88498e-12
-1.33227e-12
7.10543e-12
2.22045e-12
-1.77636e-12
2.22045e-12
-3.9968e-12
1.77636e-12
5.32907e-12
-1.33227e-12
2.22045e-12
-3.10862e-12
-7.99361e-12
1.77636e-12
3.9968e-12
0
0
2.66454e-12
0
7.54952e-12
1.77636e-12
-3.9968e-12
-4.44089e-12
-3.9968e-12
-3.10862e-12
6.21725e-12
3.10862e-12
2.66454e-12
1.77636e-12
3.10862e-12
0
1.33227e-12
-7.99361e-12
-1.33227e-12
4.88498e-12
0
2.22045e-12
-1.33227e-12
3.9968e-12
0
-2.22045e-12
0
-3.9968e-12
6.21725e-12
5.77316e-12
-4.44089e-13
-8.88178e-13
8.88178e-13
7.99361e-12
0
-1.33227e-12
-8.88178e-13
-5.77316e-12
3.9968e-12
3.9968e-12
0
0
-8.88178e-13
1.33227e-12
1.02141e-11
-1.77636e-12
4.44089e-13
-8.88178e-13
-1.19904e-11
8.88178e-13
0
-4.44089e-13
1.33227e-12
2.66454e-12
8.88178e-13
8.88178e-13
1.02141e-11
4.88498e-12
-1.19904e-11
-4.88498e-12
1.77636e-12
-1.33227e-12
1.02141e-11
4.88498e-12
-2.22045e-12
0
2.22045e-12
2.66454e-12
-6.21725e-12
-2.22045e-12
5.77316e-12
0
-3.9968e-12
1.33227e-12
-3.55271e-12
-1.33227e-12
4.44089e-12
0
-8.88178e-13
1.77636e-12
0
8.88178e-13
-7.54952e-12
-8.43769e-12
7.54952e-12
5.77316e-12
0
1.77636e-12
-1.77636e-12
-6.21725e-12
-5.77316e-12
0
7.10543e-12
-3.55271e-12
5.77316e-12
0
-1.77636e-12
5.77316e-12
3.55271e-12
-1.77636e-12
-5.32907e-12
-2.22045e-12
-2.66454e-12
4.44089e-13
0
1.77636e-12
-2.22045e-12
-4.88498e-12
1.33227e-12
4.44089e-13
1.77636e-12
7.54952e-12
3.10862e-12
-3.10862e-12
1.33227e-12
1.77636e-12
3.55271e-12
-4.88498e-12
-8.88178e-13
-8.88178e-13
0
3.9968e-12
5.32907e-12
-2.22045e-12
0
0
0
-2.22045e-12
5.77316e-12
5.77316e-12
-8.88178e-13
0
8.88178e-13
4.88498e-12
-3.9968e-12
-2.22045e-12
0
1.77636e-12
8.88178e-13
-7.10543e-12
0
6.21725e-12
-5.32907e-12
4.44089e-13
8.88178e-13
-4.44089e-13
-8.88178e-13
-2.66454e-12
1.77636e-12
1.33227e-12
-4.44089e-13
1.06581e-11
-4.44089e-13
-1.11022e-11
1.77636e-12
-2.22045e-12
0
7.99361e-12
-1.33227e-12
-4.88498e-12
0
0
1.77636e-12
-4.44089e-13
1.77636e-12
-6.66134e-12
0
6.66134e-12
-1.77636e-12
0
-2.66454e-12
8.88178e-13
1.33227e-12
4.44089e-13
0
5.77316e-12
0
2.66454e-12
1.77636e-12
-6.66134e-12
-8.88178e-13
6.66134e-12
0
3.10862e-12
1.33227e-12
0
0
-2.66454e-12
-9.32587e-12
4.44089e-13
-4.44089e-13
6.21725e-12
6.21725e-12
2.22045e-12
0
-5.77316e-12
-4.44089e-13
5.77316e-12
2.66454e-12
3.10862e-12
-1.33227e-12
-8.88178e-13
3.9968e-12
4.44089e-12
-1.33227e-12
0
8.88178e-13
-6.21725e-12
-6.21725e-12
0
4.88498e-12
0
-7.54952e-12
0
0
0
0
-2.66454e-12
3.9968e-12
6.66134e-12
2.66454e-12
-8.88178e-13
-4.44089e-13
4.44089e-12
4.88498e-12
-5.32907e-12
-2.66454e-12
7.99361e-12
-5.32907e-12
1.33227e-12
0
-3.9968e-12
1.77636e-12
5.77316e-12
-8.88178e-13
-3.10862e-12
1.33227e-12
4.44089e-12
-3.55271e-12
-6.21725e-12
-1.77636e-12
-4.44089e-13
3.10862e-12
-1.33227e-12
1.02141e-11
8.88178e-13
-9.76996e-12
1.24345e-11
-8.88178e-13
0
0
-8.88178e-13
-8.88178e-13
1.02141e-11
8.88178e-13
-8.43769e-12
1.06581e-11
6.21725e-12
-1.19904e-11
-4.88498e-12
4.44089e-13
-8.88178e-13
8.88178e-13
7.54952e-12
0
-5.77316e-12
1.77636e-12
5.77316e-12
-1.77636e-12
-2.22045e-12
-6.21725e-12
-1.33227e-12
8.88178e-12
-4.44089e-13
0
7.99361e-12
-8.88178e-13
-6.66134e-12
-2.22045e-12
6.66134e-12
-1.77636e-12
-3.10862e-12
0
-3.10862e-12
8.88178e-13
7.99361e-12
5.77316e-12
-4.44089e-13
8.88178e-13
-6.66134e-12
-1.77636e-12
0
8.88178e-13
5.32907e-12
8.88178e-13
2.22045e-12
7.10543e-12
-1.77636e-12
-3.10862e-12
8.88178e-13
0
0
-5.77316e-12
2.66454e-12
4.44089e-13
-4.44089e-12
-4.44089e-13
4.88498e-12
1.33227e-12
-4.44089e-12
0
5.32907e-12
3.10862e-12
1.77636e-12
4.88498e-12
8.88178e-13
-5.77316e-12
4.44089e-13
7.10543e-12
-7.54952e-12
0
2.66454e-12
-7.99361e-12
-7.99361e-12
4.44089e-13
0
-8.88178e-13
1.77636e-12
3.9968e-12
5.32907e-12
-1.33227e-12
-3.55271e-12
2.22045e-12
7.54952e-12
7.10543e-12
0
-7.10543e-12
-7.54952e-12
7.99361e-12
3.55271e-12
4.44089e-13
-3.9968e-12
-8.88178e-13
1.33227e-12
2.22045e-12
-8.88178e-13
4.44089e-13
8.43769e-12
-2.66454e-12
-1.02141e-11
0
2.22045e-12
4.44089e-13
0
1.11022e-11
0
0
9.32587e-12
-2.22045e-12
2.22045e-12
-9.32587e-12
-2.22045e-12
1.15463e-11
6.66134e-12
-1.02141e-11
-8.88178e-12
5.32907e-12
1.19904e-11
-4.88498e-12
-1.02141e-11
-3.10862e-12
8.88178e-13
4.44089e-13
2.66454e-12
0
-3.10862e-12
0
1.06581e-11
4.44089e-12
-8.43769e-12
-2.66454e-12
-8.88178e-13
-2.22045e-12
-4.44089e-13
4.44089e-13
-1.77636e-12
-1.77636e-12
1.77636e-12
0
-1.77636e-12
9.32587e-12
8.88178e-13
-8.88178e-12
3.10862e-12
3.10862e-12
2.66454e-12
-1.33227e-12
-3.55271e-12
1.77636e-12
-2.66454e-12
4.44089e-13
0
0
0
1.06581e-11
0
0
7.54952e-12
-1.33227e-12
-7.54952e-12
-8.43769e-12
-1.33227e-12
-4.44089e-13
1.02141e-11
3.10862e-12
0
-1.33227e-12
0
8.88178e-13
-1.06581e-11
7.99361e-12
1.19904e-11
-7.99361e-12
0
1.06581e-11
0
0
2.22045e-12
-8.88178e-12
0
-8.88178e-13
-8.88178e-13
0
-2.22045e-12
1.33227e-12
8.88178e-13
-9.32587e-12
3.10862e-12
-3.55271e-12
4.44089e-13
0
-2.22045e-12
9.76996e-12
-1.77636e-12
0
-2.22045e-12
9.76996e-12
-7.54952e-12
-9.32587e-12
0
9.32587e-12
9.76996e-12
8.88178e-13
-5.77316e-12
2.22045e-12
0
-2.22045e-12
1.77636e-12
0
4.44089e-13
0
-7.10543e-12
-5.77316e-12
0
-4.44089e-13
-8.88178e-13
1.33227e-12
-4.44089e-13
0
4.44089e-13
0
4.88498e-12
5.77316e-12
1.33227e-12
0
-8.88178e-13
0
0
0
-1.33227e-12
0
6.66134e-12
5.77316e-12
8.88178e-13
-8.88178e-13
-1.77636e-12
-4.44089e-13
1.06581e-11
-4.44089e-13
4.44089e-13
4.44089e-13
1.33227e-12
1.24345e-11
5.77316e-12
0
0
1.02141e-11
0
0
-1.19904e-11
0
1.28786e-11
1.33227e-12
-2.22045e-12
0
1.37668e-11
1.02141e-11
0
0
-1.02141e-11
0
1.11022e-11
1.33227e-12
-5.32907e-12
-8.88178e-13
0
8.88178e-13
1.11022e-11
-4.44089e-13
-8.88178e-13
-8.88178e-13
0
1.11022e-11
0
1.77636e-12
0
0
-1.77636e-12
-4.44089e-13
1.77636e-12
-8.88178e-13
9.76996e-12
1.06581e-11
-7.99361e-12
-1.77636e-12
1.37668e-11
1.19904e-11
0
0
-4.44089e-13
0
1.33227e-12
1.33227e-12
-3.9968e-12
-4.44089e-13
6.21725e-12
4.44089e-13
0
0
-1.19904e-11
0
4.44089e-13
-1.19904e-11
0
-1.33227e-12
0
1.33227e-12
-4.44089e-13
0
4.44089e-13
0
4.88498e-12
5.77316e-12
-1.33227e-12
3.55271e-12
-8.88178e-13
1.77636e-12
-4.44089e-13
0
-4.44089e-13
-5.77316e-12
1.24345e-11
1.82077e-11
-7.54952e-12
-3.10862e-12
3.9968e-12
-1.77636e-12
4.88498e-12
-8.88178e-13
-7.10543e-12
0
7.99361e-12
3.55271e-12
3.10862e-12
-2.22045e-12
0
2.22045e-12
-1.77636e-12
0
-2.22045e-12
0
3.55271e-12
0
-2.22045e-12
1.33227e-12
-1.33227e-12
-1.77636e-12
4.88498e-12
-8.88178e-13
-4.44089e-12
0
3.9968e-12
3.55271e-12
-2.22045e-12
1.77636e-12
0
-1.77636e-12
2.66454e-12
-4.44089e-13
-4.44089e-13
2.22045e-12
1.15463e-11
1.06581e-11
1.77636e-12
-3.10862e-12
-8.88178e-13
3.55271e-12
2.22045e-12
0
4.44089e-13
0
7.10543e-12
1.02141e-11
-1.77636e-12
-1.77636e-12
2.22045e-12
3.10862e-12
-7.54952e-12
4.44089e-13
3.9968e-12
4.44089e-13
7.99361e-12
5.32907e-12
-2.66454e-12
-5.77316e-12
0
3.55271e-12
2.66454e-12
-4.44089e-13
4.44089e-13
0
-4.44089e-13
2.66454e-12
-6.21725e-12
-1.02141e-11
-8.88178e-13
0
0
0
-4.44089e-13
0
1.19904e-11
1.19904e-11
-7.99361e-12
0
3.55271e-12
1.02141e-11
0
-1.11022e-11
-1.33227e-12
4.44089e-13
6.66134e-12
5.32907e-12
8.88178e-13
-3.10862e-12
-3.9968e-12
7.10543e-12
0
-4.88498e-12
3.55271e-12
0
1.15463e-11
1.46549e-11
0
4.44089e-13
3.9968e-12
-4.44089e-12
-6.21725e-12
0
6.66134e-12
0
-1.77636e-12
3.55271e-12
4.44089e-12
3.55271e-12
-5.32907e-12
1.77636e-12
3.9968e-12
-4.88498e-12
0
-1.33227e-12
3.55271e-12
8.88178e-12
0
8.43769e-12
0
-8.43769e-12
0
0
8.43769e-12
0
-2.22045e-12
6.66134e-12
0
4.44089e-12
0
-4.44089e-12
0
0
-1.77636e-12
4.44089e-12
5.77316e-12
0
4.44089e-13
1.33227e-12
7.54952e-12
-8.88178e-12
-3.10862e-12
7.10543e-12
4.88498e-12
0
-2.66454e-12
-4.44089e-13
-3.55271e-12
-7.99361e-12
4.44089e-12
3.9968e-12
-4.44089e-13
4.44089e-12
-4.44089e-13
-3.55271e-12
-4.44089e-13
2.66454e-12
-3.55271e-12
1.77636e-12
7.10543e-12
-8.88178e-12
-3.10862e-12
7.10543e-12
3.9968e-12
-3.10862e-12
-1.77636e-12
2.66454e-12
0
7.54952e-12
-2.22045e-12
-5.32907e-12
0
-2.22045e-12
7.54952e-12
0
5.77316e-12
1.28786e-11
-8.88178e-13
-8.88178e-13
1.77636e-12
-8.88178e-13
0
1.77636e-12
9.76996e-12
0
0
9.76996e-12
-8.88178e-13
-2.22045e-12
0
2.22045e-12
-1.77636e-12
0
1.77636e-12
0
8.88178e-13
1.77636e-12
-4.44089e-13
3.55271e-12
0
-1.77636e-12
-2.22045e-12
0
3.10862e-12
0
9.32587e-12
1.06581e-11
-4.44089e-12
-4.44089e-13
3.10862e-12
5.77316e-12
-8.88178e-13
0
4.44089e-13
0
1.15463e-11
1.02141e-11
-1.33227e-12
7.99361e-12
-6.66134e-12
-1.33227e-12
6.66134e-12
-6.66134e-12
8.88178e-13
0
8.88178e-13
7.54952e-12
0
-4.88498e-12
-7.99361e-12
2.66454e-12
3.9968e-12
-4.44089e-13
8.88178e-13
-4.88498e-12
3.55271e-12
8.88178e-12
4.44089e-13
3.55271e-12
2.22045e-12
8.88178e-13
-6.66134e-12
2.22045e-12
3.9968e-12
0
3.55271e-12
0
-8.88178e-13
-5.77316e-12
7.54952e-12
2.66454e-12
-7.54952e-12
-2.66454e-12
7.99361e-12
5.77316e-12
0
0
3.55271e-12
-2.66454e-12
-7.99361e-12
2.66454e-12
1.33227e-12
-4.44089e-13
3.55271e-12
-4.88498e-12
3.55271e-12
8.88178e-12
-9.32587e-12
6.66134e-12
0
-4.88498e-12
-4.44089e-13
0
7.10543e-12
0
2.22045e-12
1.02141e-11
-4.44089e-12
0
0
-8.88178e-13
0
0
8.88178e-13
0
4.44089e-12
5.77316e-12
4.88498e-12
-3.10862e-12
-3.9968e-12
7.10543e-12
-8.88178e-13
-3.9968e-12
-3.10862e-12
4.44089e-12
1.77636e-11
1.06581e-11
0
8.88178e-12
7.54952e-12
-9.32587e-12
-8.88178e-13
-4.44089e-13
3.10862e-12
0
-2.66454e-12
6.66134e-12
6.66134e-12
3.55271e-12
-3.10862e-12
3.9968e-12
0
-2.66454e-12
-4.44089e-13
-5.77316e-12
3.55271e-12
8.88178e-12
-6.21725e-12
-1.33227e-12
0
-4.88498e-12
6.21725e-12
0
-1.33227e-12
0
1.33227e-12
6.66134e-12
-1.77636e-12
-2.22045e-12
-2.66454e-12
2.22045e-12
0
0
1.77636e-12
0
1.33227e-12
3.55271e-12
6.66134e-12
3.9968e-12
-2.66454e-12
-3.9968e-12
0
0
3.10862e-12
8.88178e-13
4.44089e-13
4.88498e-12
8.88178e-13
-2.22045e-12
-3.9968e-12
2.66454e-12
3.55271e-12
-3.9968e-12
-3.55271e-12
0
3.10862e-12
2.22045e-12
-7.99361e-12
3.55271e-12
4.88498e-12
-7.99361e-12
1.77636e-12
5.77316e-12
0
0
-2.22045e-12
-8.88178e-13
1.06581e-11
4.88498e-12
-9.32587e-12
4.44089e-12
0
-9.76996e-12
5.77316e-12
0
4.44089e-12
1.11022e-11
-2.22045e-12
-9.32587e-12
3.55271e-12
1.02141e-11
-4.44089e-13
-1.06581e-11
0
0
1.15463e-11
1.19904e-11
-5.32907e-12
-3.10862e-12
7.99361e-12
-8.88178e-13
-3.10862e-12
4.44089e-12
1.33227e-12
0
0
-1.33227e-12
0
4.44089e-12
-4.44089e-13
0
-4.44089e-12
4.44089e-13
4.44089e-12
0
9.32587e-12
8.88178e-12
-4.44089e-13
4.44089e-13
-1.33227e-12
8.88178e-13
7.99361e-12
-3.10862e-12
0
-5.77316e-12
9.76996e-12
1.82077e-11
0
-4.44089e-13
1.33227e-12
-3.55271e-12
2.22045e-12
0
-7.99361e-12
0
7.10543e-12
3.10862e-12
3.9968e-12
-6.21725e-12
0
5.77316e-12
-5.77316e-12
0
6.21725e-12
0
9.76996e-12
8.88178e-12
3.10862e-12
-1.77636e-12
0
2.22045e-12
-2.22045e-12
0
8.88178e-13
0
1.11022e-11
9.32587e-12
-3.55271e-12
-3.10862e-12
3.55271e-12
-8.88178e-13
8.88178e-13
1.77636e-12
-7.99361e-12
1.77636e-12
7.99361e-12
1.77636e-12
3.9968e-12
-4.44089e-12
0
5.77316e-12
-2.22045e-12
0
-8.88178e-13
0
1.28786e-11
9.32587e-12
2.22045e-12
0
0
-4.44089e-13
4.44089e-13
8.88178e-13
0
0
9.76996e-12
9.76996e-12
-2.22045e-12
-1.19904e-11
1.37668e-11
1.19904e-11
0
0
-4.44089e-13
0
1.33227e-12
1.33227e-12
3.10862e-12
3.10862e-12
-4.44089e-12
1.33227e-12
0
-4.88498e-12
4.88498e-12
4.44089e-12
-8.88178e-13
8.88178e-13
0
5.77316e-12
-1.33227e-12
3.10862e-12
-7.54952e-12
-1.33227e-12
5.77316e-12
0
1.19904e-11
1.06581e-11
1.77636e-12
-1.77636e-12
3.10862e-12
4.44089e-13
1.33227e-12
-8.88178e-13
1.33227e-12
4.44089e-13
0
3.10862e-12
0
8.43769e-12
3.55271e-12
-4.88498e-12
1.77636e-12
-4.44089e-12
-6.66134e-12
0
5.32907e-12
7.10543e-12
-3.9968e-12
-3.10862e-12
4.44089e-12
2.22045e-12
0
0
0
-4.44089e-13
8.88178e-12
1.11022e-11
4.44089e-12
-6.21725e-12
0
5.77316e-12
-5.77316e-12
0
-2.22045e-12
0
1.77636e-11
9.32587e-12
8.88178e-13
-2.22045e-12
-1.33227e-12
3.10862e-12
-3.10862e-12
-8.43769e-12
0
7.54952e-12
2.66454e-12
0
-6.21725e-12
4.44089e-12
5.77316e-12
-4.88498e-12
2.66454e-12
0
-1.77636e-12
7.10543e-12
2.66454e-12
1.33227e-12
-9.32587e-12
4.44089e-13
-3.10862e-12
0
1.77636e-12
0
-8.88178e-13
0
4.88498e-12
2.66454e-12
8.88178e-12
0
-8.88178e-12
-4.44089e-13
4.44089e-13
-4.44089e-13
0
-8.88178e-13
0
1.33227e-12
0
4.44089e-13
4.44089e-13
3.10862e-12
-3.9968e-12
-7.54952e-12
1.33227e-12
7.10543e-12
7.99361e-12
5.32907e-12
-3.55271e-12
-7.99361e-12
4.44089e-12
8.43769e-12
-4.44089e-13
0
-4.44089e-13
0
1.77636e-12
0
-6.66134e-12
-3.10862e-12
7.54952e-12
6.21725e-12
-2.66454e-12
-1.33227e-12
3.55271e-12
4.44089e-13
8.43769e-12
9.76996e-12
-1.77636e-12
-2.22045e-12
2.66454e-12
0
0
2.22045e-12
-3.9968e-12
4.44089e-13
3.55271e-12
-4.44089e-13
3.10862e-12
5.77316e-12
2.66454e-12
-1.33227e-12
4.44089e-13
-4.44089e-12
-3.55271e-12
6.66134e-12
3.9968e-12
0
-6.66134e-12
-2.22045e-12
7.54952e-12
-4.44089e-12
0
6.66134e-12
-3.9968e-12
4.44089e-13
3.55271e-12
-4.44089e-13
2.22045e-12
3.9968e-12
-4.88498e-12
4.44089e-13
5.32907e-12
-6.21725e-12
-1.33227e-12
1.77636e-12
2.66454e-12
7.10543e-12
0
-8.88178e-13
7.54952e-12
-4.44089e-12
-1.33227e-12
7.10543e-12
8.88178e-13
0
0
-4.44089e-13
-9.32587e-12
3.10862e-12
0
8.88178e-12
0
-8.88178e-12
-1.33227e-12
0
1.33227e-12
0
-2.22045e-12
-1.77636e-12
1.37668e-11
1.19904e-11
0
0
-4.44089e-13
0
1.33227e-12
1.33227e-12
-8.88178e-13
0
3.9968e-12
-3.10862e-12
-3.10862e-12
4.44089e-12
3.10862e-12
0
-8.88178e-13
8.88178e-13
0
8.88178e-12
-4.44089e-13
-4.44089e-12
3.10862e-12
-4.44089e-13
-4.44089e-12
0
4.88498e-12
3.55271e-12
1.77636e-12
-1.77636e-12
3.10862e-12
4.44089e-13
1.33227e-12
-8.88178e-13
-2.22045e-12
8.88178e-13
3.10862e-12
3.10862e-12
8.88178e-13
7.99361e-12
0
-4.44089e-13
1.33227e-12
0
-9.32587e-12
0
9.32587e-12
1.33227e-12
-7.10543e-12
-4.44089e-13
7.99361e-12
-7.54952e-12
-8.88178e-13
8.43769e-12
-7.99361e-12
-8.88178e-13
5.32907e-12
-1.33227e-12
-2.66454e-12
5.77316e-12
7.99361e-12
-5.77316e-12
-2.22045e-12
7.99361e-12
8.88178e-13
0
1.77636e-12
0
3.9968e-12
-5.77316e-12
0
8.43769e-12
-2.66454e-12
-4.44089e-13
1.77636e-12
8.88178e-13
-4.44089e-13
-1.33227e-12
4.44089e-13
-5.32907e-12
7.99361e-12
-1.77636e-12
-2.66454e-12
7.99361e-12
-5.77316e-12
-8.88178e-13
5.32907e-12
-1.33227e-12
7.54952e-12
8.88178e-13
-6.66134e-12
7.99361e-12
0
-8.43769e-12
-2.66454e-12
8.88178e-13
1.19904e-11
1.19904e-11
-9.76996e-12
-2.22045e-12
1.19904e-11
2.22045e-12
0
0
-4.44089e-13
0
-1.11022e-11
-1.19904e-11
1.06581e-11
1.11022e-11
-1.15463e-11
0
4.44089e-13
-1.19904e-11
1.77636e-12
-4.44089e-13
9.76996e-12
1.11022e-11
0
2.22045e-12
0
-2.22045e-12
2.22045e-12
0
0
0
0
2.22045e-12
7.99361e-12
1.77636e-12
-7.54952e-12
-4.44089e-13
4.44089e-13
-4.44089e-13
0
4.44089e-13
-4.44089e-13
4.44089e-13
2.66454e-12
7.54952e-12
-4.44089e-13
-7.10543e-12
5.32907e-12
0
-7.54952e-12
0
7.54952e-12
4.88498e-12
1.24345e-11
1.33227e-12
-1.15463e-11
0
4.44089e-13
-8.88178e-13
5.77316e-12
8.88178e-13
4.44089e-12
9.76996e-12
-9.32587e-12
0
4.44089e-13
8.88178e-13
-4.44089e-13
4.44089e-13
-2.22045e-12
0
4.88498e-12
2.66454e-12
0
4.44089e-13
1.33227e-12
-1.33227e-12
8.43769e-12
1.77636e-12
-1.02141e-11
0
1.06581e-11
9.76996e-12
8.88178e-13
-7.99361e-12
-8.88178e-13
-4.44089e-13
1.11022e-11
-1.77636e-12
-8.88178e-12
1.37668e-11
0
-1.02141e-11
-4.44089e-12
-1.33227e-12
5.32907e-12
-3.9968e-12
-1.02141e-11
-5.32907e-12
0
0
0
-4.44089e-13
)
;

boundaryField
{
    frontAndBack
    {
        type            calculated;
        value           nonuniform List<scalar> 
600
(
-499.6
-499.6
-499.6
-499.6
-499.6
-499.6
-499.6
-499.6
-499.6
-499.6
-0.399508
-0.399508
-0.399508
-0.399508
-0.399508
-0.399508
-0.399508
-0.399508
-0.399508
-0.399508
-0.00016377
-0.00016377
-0.00016377
-0.00016377
-0.00016377
-0.00016377
-0.00016377
-0.00016377
-0.00016377
-0.00016377
-4.58584e-08
-4.58611e-08
-4.58642e-08
-4.58504e-08
-4.58589e-08
-4.58633e-08
-4.58571e-08
-4.58606e-08
-4.58571e-08
-4.58589e-08
-1.59872e-11
-1.15463e-11
-1.59872e-11
-3.10862e-12
-1.19904e-11
-9.32587e-12
-4.44089e-12
-1.5099e-11
-5.77316e-12
-1.11022e-11
0
4.44089e-13
0
-1.06581e-11
2.22045e-12
0
0
-1.77636e-12
-7.99361e-12
9.32587e-12
9.76996e-12
1.77636e-12
0
4.44089e-13
1.19904e-11
-1.77636e-12
2.22045e-12
8.88178e-12
-7.54952e-12
-6.21725e-12
0
-4.44089e-13
1.06581e-11
-4.44089e-13
7.99361e-12
1.11022e-11
0
1.77636e-12
1.33227e-12
-9.76996e-12
0
0
-4.44089e-13
-9.32587e-12
-1.11022e-11
1.33227e-12
-1.11022e-11
-1.06581e-11
-3.55271e-12
-3.10862e-12
4.88498e-12
1.77636e-12
-6.66134e-12
1.33227e-12
-7.10543e-12
-9.32587e-12
1.02141e-11
-1.33227e-12
-8.88178e-13
1.19904e-11
-499.6
-499.6
-499.6
-499.6
-499.6
-499.6
-499.6
-499.6
-499.6
-499.6
-0.399508
-0.399508
-0.399508
-0.399508
-0.399508
-0.399508
-0.399508
-0.399508
-0.399508
-0.399508
-0.00016377
-0.00016377
-0.00016377
-0.00016377
-0.00016377
-0.00016377
-0.00016377
-0.00016377
-0.00016377
-0.000163771
-4.58589e-08
-4.58598e-08
-4.58598e-08
-4.58482e-08
-4.58606e-08
-4.5858e-08
-4.58571e-08
-4.58575e-08
-4.58571e-08
-4.58633e-08
-1.11022e-11
-1.28786e-11
-1.90958e-11
-1.24345e-11
-1.19904e-11
-1.46549e-11
-1.64313e-11
-1.42109e-11
-1.82077e-11
-5.77316e-12
0
0
1.33227e-12
4.44089e-13
0
-2.66454e-12
4.44089e-13
-1.77636e-12
-2.66454e-12
-4.44089e-13
8.88178e-13
0
-4.44089e-13
1.33227e-12
0
1.33227e-12
4.44089e-13
0
7.99361e-12
-9.76996e-12
-8.88178e-13
-1.33227e-12
2.66454e-12
-9.32587e-12
3.10862e-12
1.33227e-12
-4.44089e-13
1.77636e-12
2.66454e-12
1.02141e-11
-9.76996e-12
0
-4.44089e-13
1.33227e-12
0
0
-3.55271e-12
-8.88178e-13
-7.99361e-12
1.11022e-11
8.88178e-13
1.37668e-11
-1.77636e-12
4.44089e-13
-3.10862e-12
8.88178e-13
-2.22045e-12
-1.77636e-12
7.54952e-12
-1.02141e-11
1.77636e-12
-1.77636e-12
0
4.44089e-13
2.22045e-12
0
8.88178e-13
-4.44089e-13
1.02141e-11
1.02141e-11
2.22045e-12
0
-8.88178e-13
5.32907e-12
0
1.11022e-11
-1.02141e-11
-4.44089e-13
8.88178e-13
0
-2.66454e-12
2.22045e-12
8.88178e-13
0
-1.77636e-12
0
-4.44089e-13
9.76996e-12
0
-8.88178e-13
3.9968e-12
0
-8.88178e-13
0
1.06581e-11
-8.88178e-12
0
1.33227e-12
1.02141e-11
0
-3.9968e-12
9.32587e-12
5.77316e-12
-1.77636e-12
1.33227e-12
4.44089e-12
8.88178e-13
1.77636e-12
-1.77636e-12
4.44089e-13
4.44089e-13
-1.77636e-12
-1.77636e-12
2.22045e-12
-1.15463e-11
-1.33227e-12
-4.44089e-13
-2.22045e-12
-1.02141e-11
-2.22045e-12
0
-9.76996e-12
-4.88498e-12
1.33227e-12
0
3.9968e-12
0
-8.88178e-12
-5.77316e-12
1.77636e-12
-2.22045e-12
2.22045e-12
8.88178e-13
-7.10543e-12
1.33227e-12
1.77636e-12
1.33227e-12
0
-8.88178e-13
-9.32587e-12
5.77316e-12
0
-4.44089e-13
-8.88178e-13
4.88498e-12
-1.02141e-11
4.88498e-12
0
5.77316e-12
-2.22045e-12
-3.9968e-12
-4.44089e-13
0
0
-4.44089e-13
0
-4.44089e-13
4.44089e-13
4.44089e-13
1.15463e-11
0
6.66134e-12
2.66454e-12
-4.44089e-13
3.10862e-12
0
1.02141e-11
0
-2.22045e-12
-1.77636e-12
1.11022e-11
-1.02141e-11
0
4.44089e-13
3.10862e-12
1.06581e-11
3.10862e-12
1.06581e-11
1.33227e-12
0
0
-8.88178e-12
-3.10862e-12
-1.77636e-12
2.66454e-12
0
0
0
8.88178e-13
-2.22045e-12
0
5.32907e-12
0
-1.77636e-12
-1.33227e-12
0
-1.33227e-12
0
-9.32587e-12
9.76996e-12
9.32587e-12
1.19904e-11
1.06581e-11
1.77636e-12
-3.55271e-12
7.54952e-12
0
2.22045e-12
3.10862e-12
-7.54952e-12
-2.22045e-12
-4.88498e-12
4.44089e-12
0
1.77636e-12
-1.33227e-12
8.88178e-13
-8.88178e-12
-3.55271e-12
-9.32587e-12
2.22045e-12
-1.02141e-11
-8.43769e-12
-1.77636e-12
-2.66454e-12
-7.54952e-12
-1.06581e-11
0
4.44089e-13
0
-9.32587e-12
-3.10862e-12
-2.66454e-12
9.32587e-12
4.44089e-13
-8.43769e-12
7.99361e-12
-8.88178e-13
0
9.32587e-12
-2.22045e-12
8.88178e-13
-8.88178e-13
8.88178e-13
0
-1.33227e-12
1.19904e-11
-8.88178e-13
-2.22045e-12
9.76996e-12
1.15463e-11
4.44089e-13
-2.22045e-12
-8.88178e-12
0
-4.44089e-13
-7.99361e-12
0
9.76996e-12
8.88178e-13
-5.77316e-12
0
1.33227e-12
8.88178e-13
5.77316e-12
-2.22045e-12
-5.32907e-12
0
-7.99361e-12
-3.9968e-12
2.22045e-12
-4.44089e-13
0
-8.88178e-13
0
0
-8.88178e-13
1.77636e-12
-1.77636e-12
-4.44089e-13
0
-8.88178e-13
-8.88178e-13
-1.77636e-12
0
1.37668e-11
0
0
1.37668e-11
6.21725e-12
-2.22045e-12
1.33227e-12
0
-4.44089e-13
1.02141e-11
1.02141e-11
8.88178e-13
0
1.19904e-11
4.44089e-13
1.77636e-12
-4.44089e-13
0
1.06581e-11
0
0
1.11022e-11
-1.77636e-12
0
0
0
0
0
-4.44089e-13
0
0
-4.44089e-13
-4.44089e-13
0
0
4.44089e-13
4.44089e-13
-1.33227e-12
4.44089e-13
-1.19904e-11
-1.02141e-11
-8.88178e-13
1.77636e-12
-4.44089e-13
-1.19904e-11
0
0
0
4.44089e-13
0
0
-8.88178e-13
-8.88178e-13
0
0
-7.10543e-12
4.88498e-12
6.66134e-12
1.33227e-12
1.28786e-11
1.11022e-11
0
9.76996e-12
1.33227e-12
4.44089e-13
-5.77316e-12
5.77316e-12
5.77316e-12
1.24345e-11
1.33227e-12
1.33227e-12
1.11022e-11
1.06581e-11
1.33227e-12
-1.19904e-11
-9.76996e-12
1.06581e-11
0
7.99361e-12
2.66454e-12
1.24345e-11
-9.32587e-12
0
8.88178e-13
-4.44089e-12
-2.22045e-12
1.11022e-11
2.22045e-12
1.77636e-12
7.54952e-12
1.33227e-12
0
4.44089e-13
-7.99361e-12
-1.33227e-12
1.19904e-11
-1.15463e-11
0
-7.54952e-12
-4.44089e-13
-1.15463e-11
4.44089e-13
1.33227e-12
-8.88178e-13
5.32907e-12
2.22045e-12
0
-2.22045e-12
-4.44089e-13
-7.10543e-12
0
8.88178e-13
-1.33227e-12
-4.44089e-13
-3.9968e-12
0
4.44089e-13
2.22045e-12
4.44089e-13
5.32907e-12
4.44089e-13
-4.44089e-13
8.43769e-12
1.11022e-11
-1.02141e-11
0
-1.19904e-11
0
-4.44089e-13
0
-8.88178e-13
4.44089e-13
1.77636e-12
-1.77636e-12
-5.32907e-12
-4.44089e-13
1.77636e-12
0
0
-7.54952e-12
5.77316e-12
-2.22045e-12
-1.02141e-11
-8.88178e-12
0
0
-4.44089e-13
0
4.44089e-13
0
8.88178e-13
0
0
1.37668e-11
0
-1.11022e-11
9.76996e-12
0
-4.44089e-13
7.54952e-12
4.44089e-12
4.88498e-12
1.06581e-11
0
0
-1.19904e-11
1.11022e-11
2.22045e-12
4.44089e-13
4.88498e-12
9.76996e-12
2.66454e-12
9.76996e-12
-1.02141e-11
-4.44089e-13
)
;
    }
    left
    {
        type            calculated;
        value           nonuniform List<scalar> 
100
(
-998.402
-998.402
-998.402
-998.402
-998.402
-998.402
-998.402
-998.402
-998.402
-998.402
-998.402
-998.402
-998.402
-998.402
-998.402
-998.402
-998.402
-998.402
-998.402
-998.402
-998.402
-998.402
-998.402
-998.402
-998.402
-998.402
-998.402
-998.402
-998.402
-998.402
-998.402
-998.402
-998.402
-998.402
-998.402
-998.402
-998.402
-998.402
-998.402
-998.402
-998.402
-998.402
-998.402
-998.402
-998.402
-998.402
-998.402
-998.402
-998.402
-998.402
-998.402
-998.402
-998.402
-998.402
-998.402
-998.402
-998.402
-998.402
-998.402
-998.402
-998.402
-998.402
-998.402
-998.402
-998.402
-998.402
-998.402
-998.402
-998.402
-998.402
-998.402
-998.402
-998.402
-998.402
-998.402
-998.402
-998.402
-998.402
-998.402
-998.402
-998.402
-998.402
-998.402
-998.402
-998.402
-998.402
-998.402
-998.402
-998.402
-998.402
-998.402
-998.402
-998.402
-998.402
-998.402
-998.402
-998.402
-998.402
-998.402
-998.402
)
;
    }
    right
    {
        type            calculated;
        value           uniform 0;
    }
    lowerWall
    {
        type            calculated;
        value           nonuniform List<scalar> 
300
(
-499.6
-499.6
-499.6
-499.6
-499.6
-499.6
-499.6
-499.6
-499.6
-499.6
-0.399508
-0.399508
-0.399508
-0.399508
-0.399508
-0.399508
-0.399508
-0.399508
-0.399508
-0.399508
-0.00016377
-0.00016377
-0.00016377
-0.00016377
-0.00016377
-0.00016377
-0.00016377
-0.00016377
-0.00016377
-0.00016377
-4.58584e-08
-4.58575e-08
-4.58642e-08
-4.58598e-08
-4.58593e-08
-4.58642e-08
-4.58598e-08
-4.58509e-08
-4.58651e-08
-4.58589e-08
-1.59872e-11
-1.82077e-11
-1.59872e-11
-1.24345e-11
-1.86517e-11
-1.59872e-11
-1.46549e-11
-1.77636e-11
-4.44089e-12
-1.11022e-11
0
-8.88178e-13
0
-1.33227e-12
2.66454e-12
1.02141e-11
8.88178e-13
0
4.44089e-13
0
9.76996e-12
1.28786e-11
0
9.76996e-12
1.24345e-11
-8.88178e-13
3.10862e-12
1.11022e-11
-6.66134e-12
8.88178e-13
0
8.88178e-13
1.06581e-11
-4.44089e-13
7.10543e-12
0
-1.33227e-12
-9.32587e-12
0
-8.88178e-13
0
-1.06581e-11
-4.44089e-13
-9.32587e-12
-1.11022e-11
1.33227e-12
-2.66454e-12
0
-3.55271e-12
-9.76996e-12
4.88498e-12
0
-6.66134e-12
1.33227e-12
-8.43769e-12
-9.32587e-12
-4.44089e-13
-8.88178e-13
-8.88178e-13
8.88178e-13
1.77636e-12
-1.77636e-12
0
4.44089e-13
-8.88178e-13
0
2.66454e-12
-1.11022e-11
1.02141e-11
0
2.22045e-12
0
-8.88178e-13
-8.88178e-13
8.88178e-13
1.11022e-11
8.88178e-13
1.77636e-12
8.88178e-13
1.11022e-11
-2.66454e-12
8.88178e-12
8.88178e-13
0
3.55271e-12
-1.77636e-12
8.88178e-13
-2.22045e-12
-8.43769e-12
0
3.9968e-12
0
1.02141e-11
0
0
-8.88178e-12
1.02141e-11
0
1.06581e-11
0
-3.9968e-12
2.66454e-12
-1.33227e-12
0
4.44089e-12
1.02141e-11
4.88498e-12
7.99361e-12
6.21725e-12
9.32587e-12
4.44089e-13
-2.66454e-12
-7.10543e-12
8.43769e-12
2.66454e-12
-1.33227e-12
-1.19904e-11
-1.33227e-12
-1.19904e-11
-2.22045e-12
0
-8.88178e-12
4.44089e-13
-4.44089e-13
-4.88498e-12
0
-4.88498e-12
-4.88498e-12
-4.88498e-12
2.22045e-12
-2.22045e-12
2.22045e-12
-2.22045e-12
-7.10543e-12
-2.22045e-12
1.77636e-12
1.77636e-12
0
4.44089e-13
-9.32587e-12
5.77316e-12
0
4.88498e-12
-8.88178e-13
4.88498e-12
-1.02141e-11
-1.33227e-12
0
-8.88178e-13
-2.22045e-12
-3.9968e-12
-4.44089e-13
-4.44089e-13
0
-4.44089e-13
9.32587e-12
1.02141e-11
1.77636e-12
8.88178e-13
1.15463e-11
-5.77316e-12
0
-7.99361e-12
-8.88178e-13
-4.44089e-12
-2.22045e-12
-2.22045e-12
8.88178e-12
-2.22045e-12
-9.76996e-12
2.22045e-12
-1.33227e-12
0
-8.88178e-13
0
-9.32587e-12
-1.19904e-11
0
-1.77636e-12
-2.22045e-12
0
0
3.55271e-12
1.77636e-12
0
3.55271e-12
1.37668e-11
-8.88178e-12
1.37668e-11
1.19904e-11
-2.22045e-12
1.33227e-12
1.02141e-11
-8.88178e-13
-8.88178e-13
1.02141e-11
1.19904e-11
-4.44089e-13
1.19904e-11
2.22045e-12
1.77636e-12
-4.44089e-13
0
0
0
-4.44089e-13
0
4.44089e-13
0
0
0
0
-1.11022e-11
1.77636e-12
0
-1.06581e-11
0
-4.44089e-13
0
0
4.44089e-13
4.44089e-13
-1.33227e-12
9.76996e-12
8.88178e-13
0
-4.44089e-13
0
-4.44089e-13
-4.44089e-13
0
0
4.44089e-13
0
0
0
0
-8.88178e-13
0
0
-7.10543e-12
4.88498e-12
6.66134e-12
0
4.44089e-12
1.15463e-11
1.33227e-12
0
1.33227e-12
-1.11022e-11
-5.77316e-12
5.77316e-12
5.32907e-12
9.76996e-12
5.77316e-12
1.19904e-11
1.33227e-12
1.33227e-12
1.33227e-12
-1.19904e-11
)
;
    }
    upperWall
    {
        type            calculated;
        value           nonuniform List<scalar> 
300
(
-499.6
-499.6
-499.6
-499.6
-499.6
-499.6
-499.6
-499.6
-499.6
-499.6
-0.399508
-0.399508
-0.399508
-0.399508
-0.399508
-0.399508
-0.399508
-0.399508
-0.399508
-0.399508
-0.00016377
-0.00016377
-0.00016377
-0.00016377
-0.00016377
-0.00016377
-0.00016377
-0.00016377
-0.00016377
-0.000163771
-4.58589e-08
-4.58593e-08
-4.58606e-08
-4.58624e-08
-4.58606e-08
-4.58646e-08
-4.58598e-08
-4.58606e-08
-4.58646e-08
-4.58633e-08
-1.11022e-11
-1.19904e-11
-1.5099e-11
-1.37668e-11
-1.90958e-11
-9.76996e-12
-1.90958e-11
-1.37668e-11
-1.19904e-11
-5.77316e-12
9.32587e-12
-1.33227e-12
0
9.76996e-12
0
1.02141e-11
0
0
1.02141e-11
-4.44089e-13
-6.21725e-12
9.32587e-12
8.88178e-13
-4.44089e-13
1.77636e-12
1.77636e-12
1.77636e-12
0
-4.44089e-13
-9.76996e-12
-9.76996e-12
0
3.10862e-12
-9.32587e-12
0
0
3.55271e-12
1.02141e-11
-7.54952e-12
1.02141e-11
-3.10862e-12
-1.02141e-11
2.22045e-12
1.33227e-12
1.33227e-12
8.88178e-13
8.88178e-13
-4.44089e-13
-4.44089e-13
1.11022e-11
1.19904e-11
1.33227e-12
-2.22045e-12
-1.77636e-12
3.10862e-12
-8.88178e-12
-1.33227e-12
-8.43769e-12
-3.10862e-12
-1.02141e-11
1.02141e-11
1.33227e-12
-2.66454e-12
4.44089e-13
-8.88178e-13
1.33227e-12
4.44089e-13
-1.33227e-12
1.33227e-12
-1.77636e-12
0
1.19904e-11
4.44089e-13
0
-1.33227e-12
1.02141e-11
8.88178e-13
1.02141e-11
2.22045e-12
0
-8.88178e-13
-1.77636e-12
-4.44089e-13
-1.77636e-12
0
-1.77636e-12
-4.44089e-13
8.88178e-13
-8.88178e-13
-2.22045e-12
0
-1.02141e-11
2.22045e-12
1.77636e-12
0
4.44089e-13
-8.88178e-13
-9.76996e-12
4.44089e-13
9.76996e-12
4.44089e-13
8.88178e-13
4.44089e-13
1.77636e-12
1.02141e-11
-8.88178e-13
-2.66454e-12
1.24345e-11
8.43769e-12
-7.54952e-12
-2.22045e-12
-8.88178e-13
-2.66454e-12
7.54952e-12
0
-1.19904e-11
1.77636e-12
-8.88178e-13
-2.66454e-12
-9.32587e-12
1.77636e-12
1.02141e-11
4.44089e-13
-8.88178e-13
-8.88178e-12
8.88178e-13
1.33227e-12
0
-1.02141e-11
0
-9.32587e-12
1.77636e-12
0
-6.66134e-12
0
0
-4.44089e-13
0
0
9.32587e-12
-2.22045e-12
-5.32907e-12
1.77636e-12
8.88178e-12
-1.33227e-12
-4.44089e-13
1.06581e-11
-8.88178e-13
2.22045e-12
9.76996e-12
1.15463e-11
9.32587e-12
4.44089e-13
-1.33227e-12
8.88178e-13
1.33227e-12
-4.44089e-13
-8.88178e-13
4.44089e-13
8.88178e-13
-3.9968e-12
-6.21725e-12
0
-9.32587e-12
1.06581e-11
2.22045e-12
-9.32587e-12
-9.32587e-12
7.54952e-12
-4.44089e-12
-4.44089e-13
-1.02141e-11
7.54952e-12
6.66134e-12
4.88498e-12
0
4.44089e-13
3.10862e-12
8.88178e-13
-1.33227e-12
6.21725e-12
-8.88178e-13
-2.22045e-12
0
-9.32587e-12
0
-3.10862e-12
0
-6.66134e-12
5.32907e-12
4.44089e-13
0
-5.32907e-12
-4.88498e-12
4.44089e-12
-4.44089e-13
0
8.88178e-12
7.99361e-12
-3.9968e-12
0
0
0
-4.44089e-13
0
4.44089e-13
1.77636e-12
0
0
-1.02141e-11
0
0
-2.22045e-12
0
-9.76996e-12
8.88178e-13
0
-8.88178e-12
-8.43769e-12
-5.32907e-12
-1.19904e-11
-4.44089e-13
7.54952e-12
7.10543e-12
5.77316e-12
0
-8.88178e-13
-1.33227e-12
-2.66454e-12
0
0
0
0
0
0
0
0
0
8.88178e-13
0
4.44089e-13
1.19904e-11
5.77316e-12
2.22045e-12
4.44089e-12
9.76996e-12
4.88498e-12
1.33227e-12
1.19904e-11
0
-1.19904e-11
1.19904e-11
1.28786e-11
1.02141e-11
1.11022e-11
9.76996e-12
2.66454e-12
0
1.19904e-11
-4.44089e-13
)
;
    }
}


// ************************************************************************* //
