/*--------------------------------*- C++ -*----------------------------------*\
  =========                 |
  \\      /  F ield         | OpenFOAM: The Open Source CFD Toolbox
   \\    /   O peration     | Website:  https://openfoam.org
    \\  /    A nd           | Version:  10
     \\/     M anipulation  |
\*---------------------------------------------------------------------------*/
FoamFile
{
    format      ascii;
    class       volScalarField;
    location    "0.4";
    object      gradTx;
}
// * * * * * * * * * * * * * * * * * * * * * * * * * * * * * * * * * * * * * //

dimensions      [0 -1 0 1 0 0 0];

internalField   nonuniform List<scalar> 
3000
(
-499.201
-0.798059
-0.000646231
-3.53227e-07
-1.5854e-10
0
2.08722e-11
0
0
1.64313e-11
-499.201
-0.798059
-0.000646231
-3.53236e-07
-1.51879e-10
0
5.32907e-12
-2.66454e-12
0
3.55271e-12
-499.201
-0.798059
-0.000646231
-3.53238e-07
-1.56763e-10
0
0
2.44249e-11
-4.44089e-13
-1.82077e-11
-499.201
-0.798059
-0.000646231
-3.53211e-07
-1.31006e-10
-2.30926e-11
0
0
-2.13163e-11
3.10862e-12
-499.201
-0.798059
-0.000646231
-3.5323e-07
-1.51879e-10
3.9968e-12
2.57572e-11
1.9984e-11
-2.53131e-11
-1.90958e-11
-499.201
-0.798059
-0.000646231
-3.53239e-07
-1.46549e-10
0
-4.44089e-12
2.44249e-11
4.44089e-12
-2.39808e-11
-499.201
-0.798059
-0.000646231
-3.53225e-07
-1.30118e-10
7.10543e-12
2.22045e-12
0
-2.4869e-11
1.42109e-11
-499.201
-0.798059
-0.000646231
-3.53234e-07
-1.5854e-10
-3.10862e-12
2.04281e-11
3.10862e-12
-2.35367e-11
-2.22045e-12
-499.201
-0.798059
-0.000646231
-3.53222e-07
-1.35003e-10
-2.04281e-11
-1.82077e-11
8.88178e-12
-4.88498e-12
-1.02141e-11
-499.201
-0.798059
-0.000646231
-3.5323e-07
-1.46105e-10
2.04281e-11
-6.21725e-12
-2.17604e-11
-1.37668e-11
2.35367e-11
-499.201
-0.798059
-0.000646231
-3.53229e-07
-1.62093e-10
-1.77636e-12
2.62013e-11
2.22045e-12
-2.22045e-11
-4.44089e-13
-499.201
-0.798059
-0.000646231
-3.53233e-07
-1.58096e-10
0
1.28786e-11
-6.66134e-12
2.66454e-12
1.77636e-12
-499.201
-0.798059
-0.000646231
-3.53246e-07
-1.46994e-10
0
1.77636e-12
1.64313e-11
-8.88178e-13
-9.32587e-12
-499.201
-0.798059
-0.000646231
-3.53228e-07
-1.44329e-10
-7.99361e-12
-4.44089e-12
0
-4.44089e-12
-6.21725e-12
-499.201
-0.798059
-0.000646231
-3.53238e-07
-1.58096e-10
6.21725e-12
1.46549e-11
4.44089e-13
-1.42109e-11
8.88178e-13
-499.201
-0.798059
-0.000646231
-3.53247e-07
-1.56319e-10
0
1.77636e-12
1.59872e-11
-4.44089e-13
-4.44089e-12
-499.201
-0.798059
-0.000646231
-3.53227e-07
-1.6076e-10
3.9968e-12
1.46549e-11
0
-1.42109e-11
-7.10543e-12
-499.201
-0.798059
-0.000646231
-3.53237e-07
-1.46994e-10
-1.06581e-11
1.33227e-12
0
-1.15463e-11
1.15463e-11
-499.201
-0.798059
-0.000646231
-3.53236e-07
-1.45217e-10
-8.88178e-13
-2.22045e-12
-1.02141e-11
-1.33227e-11
7.10543e-12
-499.201
-0.798059
-0.000646231
-3.53232e-07
-1.49658e-10
-4.44089e-13
2.04281e-11
0
-2.35367e-11
3.10862e-12
-499.201
-0.798059
-0.000646231
-3.53238e-07
-1.56763e-10
0
0
2.44249e-11
-4.44089e-13
-1.82077e-11
-499.201
-0.798059
-0.000646231
-3.53247e-07
-1.56319e-10
1.15463e-11
2.66454e-12
5.32907e-12
-2.22045e-12
4.44089e-13
-499.201
-0.798059
-0.000646231
-3.53241e-07
-1.35003e-10
-1.02141e-11
4.44089e-13
-4.44089e-13
-1.68754e-11
1.59872e-11
-499.201
-0.798059
-0.000646231
-3.53233e-07
-1.58984e-10
0
1.37668e-11
-7.10543e-12
-6.66134e-12
2.66454e-12
-499.201
-0.798059
-0.000646231
-3.53248e-07
-1.5099e-10
0
8.88178e-13
0
-8.88178e-13
1.28786e-11
-499.201
-0.798059
-0.000646231
-3.53237e-07
-1.53655e-10
-1.5099e-11
1.64313e-11
-4.44089e-13
-4.88498e-12
1.64313e-11
-499.201
-0.798059
-0.000646231
-3.53239e-07
-1.50546e-10
0
6.66134e-12
4.44089e-13
-6.66134e-12
6.66134e-12
-499.201
-0.798059
-0.000646231
-3.53232e-07
-1.49658e-10
-1.19904e-11
-3.55271e-12
0
-1.28786e-11
1.24345e-11
-499.201
-0.798059
-0.000646231
-3.53239e-07
-1.59872e-10
8.88178e-13
4.44089e-13
-4.44089e-13
1.11022e-11
7.10543e-12
-499.201
-0.798059
-0.000646231
-3.53233e-07
-1.54543e-10
0
4.44089e-13
5.77316e-12
4.44089e-12
-4.44089e-12
-499.201
-0.798059
-0.000646231
-3.53232e-07
-1.51434e-10
-2.66454e-12
2.13163e-11
0
-2.13163e-11
3.10862e-12
-499.201
-0.798059
-0.000646231
-3.53236e-07
-1.52323e-10
3.55271e-12
3.55271e-12
0
-4.44089e-12
1.33227e-12
-499.201
-0.798059
-0.000646231
-3.5324e-07
-1.58096e-10
0
3.10862e-12
1.11022e-11
3.9968e-12
0
-499.201
-0.798059
-0.000646231
-3.53237e-07
-1.55875e-10
0
5.32907e-12
0
-8.43769e-12
4.44089e-13
-499.201
-0.798059
-0.000646231
-3.53226e-07
-1.56319e-10
-9.32587e-12
-9.76996e-12
9.32587e-12
1.42109e-11
-1.42109e-11
-499.201
-0.798059
-0.000646231
-3.53227e-07
-1.44329e-10
4.44089e-13
-2.66454e-12
-1.33227e-12
-1.28786e-11
-4.88498e-12
-499.201
-0.798059
-0.000646231
-3.53234e-07
-1.46105e-10
-9.32587e-12
-1.02141e-11
9.32587e-12
1.42109e-11
-1.42109e-11
-499.201
-0.798059
-0.000646231
-3.53247e-07
-1.67866e-10
1.11022e-11
1.11022e-11
-4.44089e-13
4.44089e-13
1.33227e-12
-499.201
-0.798059
-0.000646231
-3.53227e-07
-1.54543e-10
-4.88498e-12
3.10862e-12
-6.21725e-12
-1.42109e-11
7.10543e-12
-499.201
-0.798059
-0.000646231
-3.53238e-07
-1.54099e-10
2.08722e-11
-1.33227e-12
-2.13163e-11
3.9968e-12
-3.9968e-12
-499.201
-0.798059
-0.000646231
-3.5323e-07
-1.62093e-10
5.32907e-12
2.53131e-11
1.90958e-11
-2.53131e-11
-2.13163e-11
-499.201
-0.798059
-0.000646231
-3.53239e-07
-1.67422e-10
1.11022e-11
1.33227e-11
-4.44089e-12
-1.28786e-11
5.32907e-12
-499.201
-0.798059
-0.000646231
-3.53238e-07
-1.39444e-10
8.88178e-13
-1.55431e-11
-4.44089e-13
-8.88178e-13
8.88178e-13
-499.201
-0.798059
-0.000646231
-3.53233e-07
-1.58984e-10
9.32587e-12
3.55271e-12
-1.64313e-11
4.88498e-12
1.37668e-11
-499.201
-0.798059
-0.000646231
-3.53238e-07
-1.67866e-10
0
1.15463e-11
4.44089e-13
-1.19904e-11
1.15463e-11
-499.201
-0.798059
-0.000646231
-3.53239e-07
-1.59872e-10
8.88178e-13
1.24345e-11
-4.44089e-13
-1.33227e-12
7.54952e-12
-499.201
-0.798059
-0.000646231
-3.53238e-07
-1.55431e-10
0
1.15463e-11
4.44089e-13
-4.44089e-13
1.19904e-11
-499.201
-0.798059
-0.000646231
-3.53251e-07
-1.44773e-10
1.19904e-11
-4.44089e-12
0
-3.10862e-12
-8.88178e-12
-499.201
-0.798059
-0.000646231
-3.53238e-07
-1.58096e-10
8.88178e-13
1.46549e-11
-4.44089e-13
-3.55271e-12
1.59872e-11
-499.201
-0.798059
-0.000646231
-3.53232e-07
-1.62093e-10
0
2.66454e-12
-4.44089e-13
2.66454e-12
5.77316e-12
-499.201
-0.798059
-0.000646231
-3.53238e-07
-1.56763e-10
2.39808e-11
-2.66454e-12
0
3.10862e-12
-2.39808e-11
-499.201
-0.798059
-0.000646231
-3.53247e-07
-1.56319e-10
0
1.77636e-12
1.64313e-11
-6.66134e-12
-2.66454e-12
-499.201
-0.798059
-0.000646231
-3.53253e-07
-1.53655e-10
0
1.15463e-11
0
-1.15463e-11
1.19904e-11
-499.201
-0.798059
-0.000646231
-3.53237e-07
-1.45217e-10
1.19904e-11
-2.22045e-12
-1.28786e-11
-8.88178e-13
1.19904e-11
-499.201
-0.798059
-0.000646231
-3.53253e-07
-1.60316e-10
1.15463e-11
1.59872e-11
0
-1.59872e-11
4.44089e-12
-499.201
-0.798059
-0.000646231
-3.53238e-07
-1.69198e-10
8.88178e-13
1.19904e-11
-1.33227e-12
0
2.22045e-12
-499.201
-0.798059
-0.000646231
-3.53239e-07
-1.42553e-10
-4.44089e-13
-5.32907e-12
1.15463e-11
4.44089e-12
-4.44089e-12
-499.201
-0.798059
-0.000646231
-3.53237e-07
-1.54543e-10
8.88178e-13
-8.88178e-12
0
4.44089e-12
-5.77316e-12
-499.201
-0.798059
-0.000646231
-3.53238e-07
-1.41664e-10
7.10543e-12
-4.88498e-12
5.77316e-12
-6.66134e-12
-3.9968e-12
-499.201
-0.798059
-0.000646231
-3.53241e-07
-1.46994e-10
2.39808e-11
2.22045e-12
4.44089e-13
4.44089e-13
-2.08722e-11
-499.201
-0.798059
-0.000646231
-3.53231e-07
-1.54099e-10
9.32587e-12
4.88498e-12
-8.88178e-12
-5.32907e-12
-8.88178e-13
-499.201
-0.798059
-0.000646231
-3.53241e-07
-1.66089e-10
7.99361e-12
1.37668e-11
0
-1.37668e-11
1.77636e-12
-499.201
-0.798059
-0.000646231
-3.5324e-07
-1.54543e-10
4.44089e-13
0
0
1.15463e-11
1.15463e-11
-499.201
-0.798059
-0.000646231
-3.53233e-07
-1.45217e-10
-8.88178e-13
-9.32587e-12
9.32587e-12
1.33227e-11
-1.59872e-11
-499.201
-0.798059
-0.000646231
-3.5324e-07
-1.66978e-10
0
1.06581e-11
1.33227e-12
0
-8.88178e-13
-499.201
-0.798059
-0.000646231
-3.53238e-07
-1.63869e-10
1.19904e-11
7.10543e-12
-4.44089e-12
-1.77636e-12
1.33227e-12
-499.201
-0.798059
-0.000646231
-3.5324e-07
-1.43441e-10
-4.44089e-13
-1.06581e-11
0
1.06581e-11
4.44089e-13
-499.201
-0.798059
-0.000646231
-3.5325e-07
-1.59428e-10
0
-4.44089e-12
1.15463e-11
8.88178e-12
-8.88178e-12
-499.201
-0.798059
-0.000646231
-3.5324e-07
-1.43441e-10
1.15463e-11
-4.44089e-13
-1.11022e-11
-4.88498e-12
1.55431e-11
-499.201
-0.798059
-0.000646231
-3.53232e-07
-1.62093e-10
0
2.22045e-12
5.77316e-12
2.66454e-12
-2.66454e-12
-499.201
-0.798059
-0.000646231
-3.53213e-07
-1.63425e-10
0
2.53131e-11
-2.04281e-11
0
-2.22045e-12
-499.201
-0.798059
-0.000646231
-3.53227e-07
-1.46994e-10
0
8.88178e-13
-8.88178e-13
-4.44089e-13
1.33227e-12
-499.201
-0.798059
-0.000646231
-3.53239e-07
-1.50102e-10
-5.32907e-12
-2.66454e-12
-7.10543e-12
-1.24345e-11
1.24345e-11
-499.201
-0.798059
-0.000646231
-3.53248e-07
-1.66978e-10
0
4.44089e-13
1.33227e-12
-1.33227e-12
1.28786e-11
-499.201
-0.798059
-0.000646231
-3.53238e-07
-1.42997e-10
-1.06581e-11
-9.76996e-12
1.42109e-11
4.88498e-12
-1.28786e-11
-499.201
-0.798059
-0.000646231
-3.53238e-07
-1.40776e-10
-8.88178e-12
-9.32587e-12
0
4.88498e-12
9.32587e-12
-499.201
-0.798059
-0.000646231
-3.53239e-07
-1.58096e-10
0
-5.32907e-12
1.02141e-11
4.88498e-12
-8.88178e-12
-499.201
-0.798059
-0.000646231
-3.53247e-07
-1.52323e-10
0
1.19904e-11
0
-1.06581e-11
0
-499.201
-0.798059
-0.000646231
-3.53239e-07
-1.58096e-10
1.11022e-11
-5.32907e-12
-1.15463e-11
-2.22045e-12
1.64313e-11
-499.201
-0.798059
-0.000646231
-3.53232e-07
-1.53655e-10
8.88178e-13
-8.88178e-13
2.39808e-11
-1.77636e-12
-2.13163e-11
-499.201
-0.798059
-0.000646231
-3.53242e-07
-1.30118e-10
8.43769e-12
-1.82077e-11
0
-5.77316e-12
-9.32587e-12
-499.201
-0.798059
-0.000646231
-3.53246e-07
-1.50546e-10
8.43769e-12
-2.22045e-12
-1.02141e-11
-1.33227e-11
7.10543e-12
-499.201
-0.798059
-0.000646231
-3.53238e-07
-1.53655e-10
8.88178e-13
4.44089e-13
-4.44089e-13
-8.88178e-13
7.54952e-12
-499.201
-0.798059
-0.000646231
-3.5323e-07
-1.5854e-10
4.44089e-13
1.33227e-11
-1.59872e-11
-4.88498e-12
-4.44089e-13
-499.201
-0.798059
-0.000646231
-3.53238e-07
-1.60316e-10
1.15463e-11
1.15463e-11
0
-1.15463e-11
-1.06581e-11
-499.201
-0.798059
-0.000646231
-3.53238e-07
-1.41664e-10
1.15463e-11
-3.55271e-12
-1.11022e-11
-1.33227e-12
7.54952e-12
-499.201
-0.798059
-0.000646231
-3.53239e-07
-1.61204e-10
-8.88178e-13
4.88498e-12
0
8.88178e-13
-1.33227e-12
-499.201
-0.798059
-0.000646231
-3.53233e-07
-1.47882e-10
4.88498e-12
-4.88498e-12
1.77636e-12
1.33227e-11
-9.76996e-12
-499.201
-0.798059
-0.000646231
-3.53238e-07
-1.59872e-10
4.44089e-13
1.19904e-11
7.54952e-12
-1.24345e-11
-7.54952e-12
-499.201
-0.798059
-0.000646231
-3.53241e-07
-1.5099e-10
2.35367e-11
-4.44089e-13
-1.86517e-11
-1.77636e-12
-4.44089e-12
-499.201
-0.798059
-0.000646231
-3.5323e-07
-1.46105e-10
0
4.44089e-13
-4.44089e-13
-2.13163e-11
8.88178e-13
-499.201
-0.798059
-0.000646231
-3.53233e-07
-1.54099e-10
4.44089e-13
-4.44089e-13
-4.44089e-13
0
2.66454e-11
-499.201
-0.798059
-0.000646231
-3.53232e-07
-1.62093e-10
4.44089e-13
0
5.32907e-12
-8.88178e-13
-4.44089e-12
-499.201
-0.798059
-0.000646231
-3.53208e-07
-1.52323e-10
4.44089e-13
2.22045e-12
-2.04281e-11
2.22045e-12
0
-499.201
-0.798059
-0.000646231
-3.53232e-07
-1.51879e-10
0
0
4.88498e-12
0
-4.88498e-12
-499.201
-0.798059
-0.000646231
-3.53227e-07
-1.54543e-10
-5.32907e-12
2.22045e-12
1.33227e-12
4.44089e-13
2.22045e-12
-499.201
-0.798059
-0.000646231
-3.53227e-07
-1.58096e-10
0
1.77636e-12
-1.77636e-12
-4.88498e-12
-3.9968e-12
-499.201
-0.798059
-0.000646231
-3.53227e-07
-1.56763e-10
-2.66454e-12
0
2.66454e-12
-2.22045e-12
-2.66454e-12
-499.201
-0.798059
-0.000646231
-3.53228e-07
-1.61648e-10
-4.44089e-12
1.9984e-11
4.88498e-12
-2.04281e-11
1.90958e-11
-499.201
-0.798059
-0.000646232
-3.53237e-07
-1.36779e-10
0
-2.17604e-11
2.22045e-11
2.22045e-11
-2.17604e-11
1.77636e-12
2.22045e-12
-2.66454e-12
3.9968e-12
-3.9968e-12
4.44089e-13
0
-2.22045e-12
5.77316e-12
-3.9968e-12
-1.77636e-12
8.88178e-13
2.22045e-12
0
1.95399e-11
-8.88178e-13
-2.17604e-11
2.22045e-12
1.33227e-12
-1.33227e-12
-8.88178e-13
-4.44089e-13
4.44089e-13
0
1.64313e-11
-1.33227e-12
-1.73195e-11
2.22045e-12
-1.77636e-12
-4.44089e-13
4.44089e-13
1.64313e-11
0
0
-4.44089e-12
2.22045e-12
3.9968e-12
-1.82077e-11
-2.22045e-12
0
1.24345e-11
0
-1.02141e-11
2.26485e-11
2.22045e-12
-2.39808e-11
-4.44089e-13
2.22045e-12
1.73195e-11
-1.33227e-12
0
2.4869e-11
8.88178e-13
-2.13163e-11
1.64313e-11
-1.33227e-12
3.9968e-12
2.22045e-12
-2.30926e-11
-4.44089e-13
2.66454e-12
-2.22045e-11
-8.88178e-13
0
2.22045e-12
-1.33227e-12
-4.44089e-13
2.22045e-12
1.73195e-11
-1.33227e-12
-1.77636e-12
-8.88178e-13
2.30926e-11
3.55271e-12
1.77636e-12
-5.32907e-12
-2.04281e-11
0
0
2.22045e-12
2.35367e-11
1.77636e-12
0
2.22045e-11
-1.77636e-12
-1.02141e-11
-1.73195e-11
-1.37668e-11
1.77636e-11
8.88178e-13
2.13163e-11
0
-8.88178e-13
0
4.44089e-13
-2.22045e-12
1.77636e-12
-2.04281e-11
-2.22045e-12
2.26485e-11
-1.77636e-12
8.88178e-13
2.08722e-11
-4.44089e-13
1.33227e-12
-3.10862e-12
-2.17604e-11
5.32907e-12
4.44089e-13
-1.33227e-12
-4.44089e-12
7.99361e-12
4.88498e-12
1.77636e-12
-2.22045e-12
4.44089e-13
-3.10862e-12
4.88498e-12
3.55271e-12
-1.55431e-11
-1.24345e-11
5.32907e-12
-1.33227e-12
0
1.68754e-11
3.9968e-12
-4.44089e-12
-1.59872e-11
3.9968e-12
1.77636e-11
-7.10543e-12
7.10543e-12
-8.88178e-13
0
1.33227e-11
6.66134e-12
-4.44089e-13
-3.9968e-12
-3.9968e-12
2.22045e-12
1.02141e-11
4.44089e-12
-6.66134e-12
-9.32587e-12
1.24345e-11
1.33227e-12
-5.32907e-12
7.54952e-12
4.44089e-12
-2.66454e-12
-5.77316e-12
0
4.88498e-12
4.44089e-12
5.32907e-12
-7.54952e-12
-3.9968e-12
-1.02141e-11
5.32907e-12
1.11022e-11
-8.88178e-13
4.88498e-12
8.88178e-12
1.77636e-12
6.66134e-12
-3.10862e-12
0
2.22045e-12
-7.99361e-12
0
-2.22045e-12
-4.88498e-12
1.59872e-11
4.44089e-12
0
-1.42109e-11
-1.33227e-12
0
0
1.42109e-11
6.21725e-12
0
4.88498e-12
4.44089e-12
5.32907e-12
-7.54952e-12
8.88178e-13
-9.76996e-12
0
1.64313e-11
2.22045e-12
2.44249e-11
-1.77636e-12
-2.17604e-11
1.77636e-12
-2.22045e-12
2.22045e-11
2.22045e-12
-4.88498e-12
2.04281e-11
-8.88178e-13
-4.44089e-13
4.44089e-13
2.22045e-11
-2.22045e-12
-7.54952e-12
1.77636e-12
-1.42109e-11
1.73195e-11
-8.88178e-13
-6.21725e-12
-4.44089e-12
-7.10543e-12
4.88498e-12
1.68754e-11
-7.54952e-12
-4.44089e-12
-8.88178e-12
4.44089e-12
7.99361e-12
1.02141e-11
-1.46549e-11
2.22045e-12
5.32907e-12
-4.88498e-12
-3.9968e-12
7.54952e-12
8.43769e-12
-7.10543e-12
4.44089e-12
7.99361e-12
7.54952e-12
-3.9968e-12
4.88498e-12
4.44089e-13
4.44089e-13
-4.44089e-13
-3.55271e-12
-8.88178e-12
-9.32587e-12
1.15463e-11
-1.15463e-11
0
0
-1.15463e-11
1.06581e-11
8.88178e-13
0
0
-1.15463e-11
-1.24345e-11
-7.99361e-12
1.5099e-11
0
-7.54952e-12
-8.88178e-12
9.32587e-12
0
-7.99361e-12
8.88178e-12
3.9968e-12
0
0
-6.21725e-12
1.77636e-12
1.15463e-11
0
-7.10543e-12
-6.21725e-12
7.54952e-12
1.19904e-11
-1.06581e-11
0
1.02141e-11
-9.32587e-12
-1.77636e-12
1.33227e-12
4.88498e-12
9.32587e-12
-4.44089e-13
2.66454e-12
0
-1.46549e-11
-6.21725e-12
0
6.21725e-12
6.66134e-12
8.43769e-12
-4.44089e-13
-2.22045e-12
-5.77316e-12
4.44089e-13
-4.44089e-13
5.32907e-12
4.44089e-13
-5.77316e-12
4.44089e-13
-4.44089e-13
5.32907e-12
0
4.44089e-13
-2.22045e-12
0
0
0
2.08722e-11
-4.44089e-13
-1.82077e-11
-2.22045e-12
0
-7.10543e-12
-3.9968e-12
-8.88178e-13
-4.44089e-13
2.22045e-12
7.10543e-12
1.46549e-11
-1.55431e-11
-4.44089e-13
1.37668e-11
-2.22045e-12
-1.77636e-12
6.21725e-12
4.88498e-12
4.44089e-13
-2.66454e-12
0
4.88498e-12
3.55271e-12
-5.32907e-12
2.66454e-12
-4.88498e-12
3.9968e-12
4.88498e-12
-1.11022e-11
2.22045e-12
0
0
1.28786e-11
-7.99361e-12
-1.68754e-11
0
1.55431e-11
1.15463e-11
-1.28786e-11
-1.37668e-11
4.44089e-13
-8.88178e-13
1.5099e-11
2.22045e-12
8.88178e-13
-4.44089e-12
1.15463e-11
1.15463e-11
0
1.77636e-12
-4.44089e-13
-3.9968e-12
2.66454e-12
4.44089e-12
-1.33227e-12
0
-3.9968e-12
1.15463e-11
2.22045e-12
-1.28786e-11
4.44089e-13
1.42109e-11
-4.44089e-13
-1.33227e-11
-5.32907e-12
2.22045e-12
8.88178e-13
-4.44089e-12
-4.88498e-12
-1.24345e-11
-8.88178e-13
4.44089e-13
4.44089e-13
1.73195e-11
6.21725e-12
8.88178e-13
9.32587e-12
0
-2.66454e-12
2.66454e-12
-1.11022e-11
4.88498e-12
7.10543e-12
-7.10543e-12
8.88178e-13
0
-2.66454e-12
4.88498e-12
2.22045e-12
1.86517e-11
-4.44089e-13
-1.82077e-11
2.04281e-11
-4.44089e-12
0
1.33227e-12
5.32907e-12
4.44089e-13
1.64313e-11
1.42109e-11
-1.68754e-11
-1.42109e-11
1.77636e-11
-1.33227e-12
1.5099e-11
4.88498e-12
-1.11022e-11
-4.44089e-13
1.19904e-11
-5.77316e-12
0
-1.02141e-11
-8.43769e-12
7.99361e-12
1.64313e-11
7.99361e-12
-5.32907e-12
-7.10543e-12
-1.15463e-11
3.55271e-12
1.77636e-12
7.10543e-12
-8.88178e-13
-1.15463e-11
-9.32587e-12
3.9968e-12
1.59872e-11
-1.37668e-11
-1.33227e-11
-3.9968e-12
0
1.02141e-11
8.88178e-13
-7.99361e-12
1.19904e-11
0
0
0
0
0
-1.19904e-11
0
1.19904e-11
0
-7.10543e-12
9.32587e-12
1.06581e-11
0
-4.44089e-12
-1.33227e-12
-4.44089e-12
-9.76996e-12
9.32587e-12
2.22045e-12
3.55271e-12
-8.88178e-13
8.88178e-13
-1.15463e-11
-1.42109e-11
1.42109e-11
1.06581e-11
0
-1.06581e-11
-7.54952e-12
4.44089e-13
4.44089e-13
1.42109e-11
1.02141e-11
-1.24345e-11
-1.77636e-12
1.19904e-11
0
-8.88178e-13
3.9968e-12
-5.32907e-12
8.88178e-13
-7.10543e-12
0
1.15463e-11
-9.32587e-12
4.88498e-12
0
-8.88178e-13
5.32907e-12
-2.22045e-12
-2.66454e-12
0
0
2.26485e-11
4.44089e-13
-2.04281e-11
0
-2.66454e-12
1.77636e-12
0
2.4869e-11
-1.33227e-12
-2.13163e-11
2.26485e-11
-1.33227e-12
0
2.22045e-12
-2.30926e-11
2.08722e-11
8.43769e-12
3.9968e-12
-5.32907e-12
0
5.77316e-12
-1.24345e-11
0
1.19904e-11
-5.32907e-12
1.33227e-12
-8.88178e-13
4.44089e-13
-4.44089e-13
-9.76996e-12
1.37668e-11
4.44089e-13
3.55271e-12
-3.55271e-12
0
8.88178e-12
-8.88178e-13
-8.88178e-12
-1.15463e-11
-1.33227e-12
1.46549e-11
4.44089e-12
-2.66454e-12
5.32907e-12
-7.99361e-12
1.77636e-12
1.19904e-11
-1.77636e-12
3.55271e-12
-6.21725e-12
-1.46549e-11
3.9968e-12
6.21725e-12
0
0
4.44089e-12
-4.44089e-13
1.46549e-11
4.44089e-12
-8.43769e-12
-8.43769e-12
-8.88178e-12
-4.88498e-12
1.15463e-11
6.21725e-12
4.88498e-12
3.10862e-12
6.21725e-12
8.88178e-13
2.66454e-12
-1.5099e-11
-1.33227e-12
6.66134e-12
-4.44089e-13
5.32907e-12
-3.10862e-12
9.32587e-12
0
-5.32907e-12
0
-8.43769e-12
1.33227e-11
1.24345e-11
-1.33227e-12
0
4.44089e-13
1.42109e-11
0
-3.55271e-12
-1.77636e-12
-1.06581e-11
7.99361e-12
7.99361e-12
-4.44089e-13
-8.88178e-13
-2.22045e-12
1.77636e-12
2.30926e-11
-3.10862e-12
0
-1.77636e-12
-2.57572e-11
2.22045e-12
0
-1.77636e-12
2.66454e-12
4.44089e-12
1.77636e-12
8.88178e-13
2.22045e-11
1.64313e-11
-2.35367e-11
-1.73195e-11
2.22045e-12
-1.77636e-12
2.17604e-11
1.19904e-11
-5.32907e-12
-4.44089e-13
4.44089e-12
5.77316e-12
-1.24345e-11
-5.32907e-12
1.19904e-11
0
-7.10543e-12
3.10862e-12
-5.77316e-12
-3.55271e-12
9.32587e-12
0
-4.44089e-13
2.22045e-12
-8.88178e-13
2.66454e-12
-1.37668e-11
-1.5099e-11
1.24345e-11
1.06581e-11
1.77636e-12
1.77636e-12
-3.55271e-12
-1.15463e-11
-1.06581e-11
4.44089e-13
1.28786e-11
-6.21725e-12
1.11022e-11
-1.33227e-12
-3.55271e-12
1.19904e-11
7.10543e-12
-4.88498e-12
-9.32587e-12
-4.88498e-12
-4.44089e-12
0
4.44089e-13
3.55271e-12
-6.21725e-12
-9.76996e-12
3.55271e-12
2.22045e-12
3.10862e-12
1.42109e-11
7.10543e-12
-4.44089e-12
1.33227e-12
3.10862e-12
6.21725e-12
-1.02141e-11
-1.33227e-12
8.88178e-13
-4.44089e-13
6.66134e-12
9.76996e-12
-3.55271e-12
0
4.44089e-13
-4.44089e-13
-5.77316e-12
1.24345e-11
1.19904e-11
-2.22045e-12
0
2.66454e-12
9.32587e-12
-7.99361e-12
-4.44089e-12
-8.88178e-13
3.9968e-12
3.55271e-12
-1.42109e-11
-4.44089e-13
1.15463e-11
-1.15463e-11
0
2.66454e-12
-4.44089e-13
-3.9968e-12
-5.32907e-12
5.32907e-12
1.77636e-12
0
2.30926e-11
-4.44089e-13
-2.35367e-11
1.19904e-11
-2.66454e-12
-1.02141e-11
2.17604e-11
-2.22045e-12
-1.64313e-11
0
-4.44089e-13
1.24345e-11
-2.22045e-12
2.22045e-12
-1.24345e-11
-8.88178e-13
1.46549e-11
-3.55271e-12
0
-5.77316e-12
1.77636e-12
1.77636e-12
-4.44089e-13
0
1.06581e-11
0
6.21725e-12
2.66454e-12
-1.33227e-11
-8.88178e-13
1.02141e-11
4.44089e-13
5.32907e-12
2.22045e-12
0
8.88178e-13
-5.32907e-12
-1.64313e-11
4.44089e-13
-4.44089e-13
1.15463e-11
9.32587e-12
4.88498e-12
0
-1.15463e-11
-4.44089e-13
1.33227e-11
7.10543e-12
2.66454e-12
-2.22045e-12
-1.77636e-12
8.43769e-12
9.32587e-12
-3.9968e-12
-4.44089e-13
3.10862e-12
-1.11022e-11
-1.24345e-11
0
1.06581e-11
-1.77636e-12
-1.59872e-11
0
0
8.88178e-13
-8.88178e-13
-3.10862e-12
8.88178e-12
1.24345e-11
4.88498e-12
-2.66454e-12
-1.33227e-12
7.10543e-12
1.28786e-11
-1.11022e-11
-3.9968e-12
1.42109e-11
-1.02141e-11
2.22045e-12
0
-6.66134e-12
3.55271e-12
1.15463e-11
-3.55271e-12
-5.32907e-12
3.55271e-12
8.43769e-12
-7.10543e-12
-1.11022e-11
-3.10862e-12
-1.77636e-12
5.77316e-12
-8.88178e-13
2.35367e-11
4.44089e-13
-2.08722e-11
2.62013e-11
-2.66454e-12
0
-4.44089e-13
0
-2.66454e-12
2.35367e-11
1.77636e-12
-2.08722e-11
2.26485e-11
1.86517e-11
-2.4869e-11
-1.77636e-11
1.33227e-12
-1.33227e-12
1.33227e-12
1.55431e-11
-4.44089e-13
-1.06581e-11
2.66454e-12
1.19904e-11
-3.9968e-12
-4.44089e-12
-1.06581e-11
-3.10862e-12
1.59872e-11
-8.88178e-13
4.44089e-13
1.5099e-11
-4.44089e-13
-1.46549e-11
-3.9968e-12
1.28786e-11
-3.10862e-12
-6.21725e-12
1.33227e-12
-7.99361e-12
1.77636e-12
1.59872e-11
1.24345e-11
-2.66454e-12
1.77636e-12
-1.19904e-11
-3.9968e-12
0
1.77636e-12
1.19904e-11
8.88178e-13
3.55271e-12
1.37668e-11
-3.55271e-12
-4.44089e-12
4.44089e-13
0
0
-1.06581e-11
4.44089e-12
4.44089e-13
-8.43769e-12
-4.44089e-13
8.88178e-12
3.10862e-12
-9.76996e-12
4.44089e-13
1.02141e-11
5.32907e-12
3.55271e-12
1.11022e-11
1.33227e-12
-1.15463e-11
0
1.5099e-11
-1.59872e-11
0
6.66134e-12
-1.42109e-11
-1.64313e-11
4.44089e-13
0
4.44089e-13
3.10862e-12
6.21725e-12
1.19904e-11
-3.55271e-12
-5.77316e-12
3.9968e-12
1.46549e-11
1.33227e-11
4.44089e-13
-1.24345e-11
-1.59872e-11
1.42109e-11
7.99361e-12
8.88178e-13
-7.99361e-12
-3.10862e-12
1.77636e-12
3.9968e-12
-3.55271e-12
1.33227e-12
2.17604e-11
-5.32907e-12
-2.39808e-11
4.44089e-13
3.55271e-12
4.44089e-13
0
2.26485e-11
0
0
2.04281e-11
-2.22045e-12
2.22045e-12
-2.04281e-11
-2.22045e-12
2.26485e-11
1.86517e-11
-2.22045e-11
-2.08722e-11
1.77636e-11
2.35367e-11
-1.64313e-11
-2.26485e-11
-4.44089e-12
0
1.77636e-12
1.33227e-11
-8.88178e-13
-1.24345e-11
0
2.39808e-11
1.86517e-11
-2.26485e-11
-6.66134e-12
0
-1.28786e-11
0
0
-1.33227e-12
-4.88498e-12
2.66454e-12
2.22045e-12
-4.88498e-12
2.13163e-11
3.10862e-12
-2.26485e-11
1.28786e-11
4.88498e-12
6.66134e-12
-2.22045e-12
-1.59872e-11
1.02141e-11
-3.9968e-12
4.44089e-13
0
-7.10543e-12
0
2.35367e-11
-8.88178e-13
0
2.04281e-11
-1.33227e-12
-1.95399e-11
-2.08722e-11
-3.55271e-12
-4.44089e-13
2.39808e-11
4.44089e-12
0
-3.9968e-12
4.44089e-13
3.10862e-12
-2.39808e-11
1.9984e-11
2.53131e-11
-2.08722e-11
0
2.35367e-11
0
-4.44089e-13
5.32907e-12
-2.08722e-11
0
-4.44089e-13
-4.44089e-12
4.44089e-13
-3.55271e-12
1.77636e-12
4.44089e-13
-2.08722e-11
4.88498e-12
-4.88498e-12
4.44089e-13
0
-5.32907e-12
2.39808e-11
-1.77636e-12
-4.44089e-13
-1.77636e-12
2.13163e-11
-1.90958e-11
-2.08722e-11
4.44089e-13
2.04281e-11
2.13163e-11
8.88178e-13
-5.77316e-12
2.22045e-12
0
-2.22045e-12
1.77636e-12
0
4.44089e-13
0
-1.90958e-11
-1.73195e-11
-4.44089e-13
-8.88178e-13
-8.88178e-13
1.77636e-12
-4.44089e-13
0
4.44089e-13
0
1.68754e-11
1.77636e-11
2.22045e-12
8.88178e-13
-1.33227e-12
-4.44089e-13
0
0
-3.55271e-12
4.44089e-13
2.04281e-11
1.73195e-11
2.22045e-12
-2.22045e-12
-4.44089e-12
-2.22045e-12
2.4869e-11
-4.44089e-13
4.44089e-13
4.44089e-13
1.33227e-12
2.66454e-11
5.32907e-12
8.88178e-13
0
2.17604e-11
0
0
-2.57572e-11
0
2.66454e-11
1.33227e-12
-3.55271e-12
8.88178e-13
2.70894e-11
2.17604e-11
0
0
-1.95399e-11
0
2.04281e-11
1.33227e-12
-1.64313e-11
-1.33227e-12
0
1.33227e-12
2.22045e-11
0
-1.33227e-12
-2.22045e-12
8.88178e-13
2.35367e-11
-4.44089e-13
2.22045e-12
4.44089e-13
9.76996e-12
-2.22045e-12
-1.02141e-11
2.22045e-12
-1.33227e-12
2.13163e-11
2.30926e-11
-2.17604e-11
-1.33227e-12
2.70894e-11
2.39808e-11
0
0
-4.44089e-13
0
1.33227e-12
1.33227e-12
-3.9968e-12
-4.44089e-13
6.21725e-12
4.44089e-13
0
0
-2.39808e-11
0
4.44089e-13
-2.35367e-11
-4.44089e-13
-1.77636e-12
0
1.77636e-12
-4.44089e-13
0
4.44089e-13
0
1.68754e-11
1.77636e-11
-2.66454e-12
6.21725e-12
0
3.55271e-12
-2.66454e-12
0
-8.88178e-13
-1.06581e-11
2.88658e-11
3.68594e-11
-1.64313e-11
-5.77316e-12
8.43769e-12
-2.66454e-12
8.43769e-12
-4.44089e-13
-1.33227e-11
0
1.37668e-11
7.99361e-12
4.44089e-12
-3.9968e-12
0
3.9968e-12
0
-8.88178e-13
-6.21725e-12
0
7.10543e-12
1.77636e-12
-5.32907e-12
3.10862e-12
-3.10862e-12
-2.66454e-12
8.43769e-12
-4.44089e-13
-9.76996e-12
0
7.99361e-12
6.21725e-12
-4.44089e-12
3.55271e-12
-4.44089e-13
-3.10862e-12
5.32907e-12
0
-2.22045e-12
4.44089e-12
2.44249e-11
2.22045e-11
2.66454e-12
-6.66134e-12
0
6.66134e-12
5.32907e-12
-8.88178e-13
8.88178e-13
0
1.86517e-11
2.39808e-11
-3.10862e-12
-3.55271e-12
4.44089e-12
5.32907e-12
-1.24345e-11
4.44089e-13
6.66134e-12
0
2.26485e-11
1.73195e-11
-5.32907e-12
-1.24345e-11
8.88178e-13
7.10543e-12
5.32907e-12
-8.88178e-13
8.88178e-13
0
-8.88178e-13
4.88498e-12
-1.82077e-11
-2.22045e-11
-1.33227e-12
-8.88178e-13
0
0
-2.22045e-12
0
2.66454e-11
2.44249e-11
-2.22045e-11
8.88178e-13
4.88498e-12
2.17604e-11
0
-2.22045e-11
-3.55271e-12
0
2.04281e-11
1.73195e-11
4.44089e-13
-5.77316e-12
-7.99361e-12
1.37668e-11
0
-8.43769e-12
6.21725e-12
0
2.39808e-11
3.06422e-11
0
4.44089e-13
9.32587e-12
-9.76996e-12
-1.33227e-11
0
1.37668e-11
0
-2.66454e-12
7.10543e-12
9.32587e-12
6.21725e-12
-9.76996e-12
3.55271e-12
7.10543e-12
-1.02141e-11
0
-1.33227e-12
1.73195e-11
2.62013e-11
0
1.59872e-11
0
-1.59872e-11
0
0
1.59872e-11
0
-4.44089e-12
1.15463e-11
0
8.43769e-12
0
-8.43769e-12
0
0
-3.9968e-12
7.99361e-12
1.24345e-11
0
0
3.9968e-12
1.24345e-11
-1.64313e-11
-5.32907e-12
1.19904e-11
9.76996e-12
-4.44089e-13
-3.9968e-12
-8.88178e-13
-5.32907e-12
-1.5099e-11
7.54952e-12
8.88178e-12
-8.88178e-13
7.99361e-12
-1.77636e-12
-6.66134e-12
-4.44089e-13
4.88498e-12
-6.21725e-12
4.44089e-12
1.15463e-11
-1.59872e-11
-5.32907e-12
1.19904e-11
8.43769e-12
-5.32907e-12
-3.55271e-12
4.88498e-12
4.44089e-13
2.08722e-11
-4.88498e-12
-1.59872e-11
-4.44089e-13
-4.88498e-12
2.17604e-11
0
5.32907e-12
2.70894e-11
-2.22045e-12
-2.22045e-12
4.44089e-12
-2.22045e-12
0
4.44089e-12
2.08722e-11
0
0
2.13163e-11
-3.10862e-12
-3.9968e-12
0
3.9968e-12
0
-8.88178e-13
1.77636e-12
0
2.22045e-12
4.44089e-12
-1.77636e-12
5.32907e-12
0
-3.55271e-12
-3.9968e-12
0
7.54952e-12
0
2.04281e-11
2.44249e-11
-8.88178e-12
0
6.66134e-12
1.19904e-11
-2.22045e-12
0
4.44089e-13
0
2.44249e-11
2.30926e-11
-3.10862e-12
1.46549e-11
-1.15463e-11
-3.10862e-12
1.11022e-11
-1.11022e-11
2.22045e-12
0
1.33227e-12
1.5099e-11
0
-1.06581e-11
-1.42109e-11
7.99361e-12
7.99361e-12
-4.44089e-12
4.44089e-13
-8.43769e-12
8.43769e-12
1.64313e-11
-8.88178e-13
7.10543e-12
5.32907e-12
2.22045e-12
-1.46549e-11
4.44089e-12
7.99361e-12
0
6.66134e-12
-4.44089e-13
-1.77636e-12
-1.24345e-11
1.46549e-11
6.21725e-12
-1.55431e-11
-4.44089e-12
1.55431e-11
1.02141e-11
4.44089e-13
0
6.21725e-12
-4.88498e-12
-1.42109e-11
7.99361e-12
8.88178e-13
-3.9968e-12
7.10543e-12
-8.43769e-12
8.43769e-12
1.64313e-11
-2.04281e-11
2.08722e-11
-4.44089e-13
-1.73195e-11
0
-4.44089e-13
1.90958e-11
0
2.66454e-12
2.17604e-11
-1.59872e-11
8.88178e-13
-1.33227e-12
-4.44089e-13
0
0
8.88178e-13
-4.44089e-13
1.68754e-11
1.73195e-11
8.43769e-12
-5.77316e-12
-7.99361e-12
1.37668e-11
-4.44089e-13
-7.99361e-12
-5.32907e-12
7.99361e-12
3.55271e-11
2.26485e-11
0
1.64313e-11
1.42109e-11
-1.64313e-11
-2.66454e-12
-8.88178e-13
5.77316e-12
0
-4.88498e-12
1.15463e-11
1.37668e-11
6.66134e-12
-4.88498e-12
7.99361e-12
-4.44089e-13
-5.32907e-12
-2.22045e-12
-1.06581e-11
1.73195e-11
2.62013e-11
-1.06581e-11
-2.66454e-12
0
-8.88178e-12
1.15463e-11
-8.88178e-13
-1.77636e-12
0
2.66454e-12
1.15463e-11
-3.9968e-12
-3.9968e-12
-5.32907e-12
3.9968e-12
0
0
3.9968e-12
0
3.55271e-12
6.66134e-12
1.15463e-11
7.54952e-12
-5.32907e-12
-7.54952e-12
0
0
7.10543e-12
4.44089e-13
2.22045e-12
1.02141e-11
3.10862e-12
-3.9968e-12
-7.10543e-12
4.44089e-12
6.66134e-12
-7.99361e-12
-6.66134e-12
0
6.21725e-12
5.32907e-12
-1.64313e-11
6.21725e-12
1.11022e-11
-1.64313e-11
3.9968e-12
1.15463e-11
0
0
-3.9968e-12
0
2.30926e-11
1.68754e-11
-2.08722e-11
3.9968e-12
0
-2.08722e-11
1.68754e-11
0
5.32907e-12
2.22045e-11
-3.55271e-12
-2.04281e-11
4.88498e-12
2.17604e-11
0
-2.22045e-11
-4.44089e-13
0
2.35367e-11
2.35367e-11
-1.19904e-11
-5.32907e-12
1.64313e-11
-2.66454e-12
-4.88498e-12
8.43769e-12
2.22045e-12
0
0
-3.10862e-12
0
8.88178e-12
0
-8.88178e-13
-7.99361e-12
8.88178e-13
7.99361e-12
4.44089e-13
2.04281e-11
2.08722e-11
-1.77636e-12
8.88178e-13
-1.77636e-12
3.10862e-12
1.28786e-11
-5.77316e-12
1.33227e-12
-1.06581e-11
2.26485e-11
3.68594e-11
0
-4.44089e-13
3.9968e-12
-8.88178e-12
3.55271e-12
1.33227e-12
-1.42109e-11
0
1.42109e-11
5.32907e-12
7.99361e-12
-1.24345e-11
0
1.19904e-11
-1.28786e-11
0
1.42109e-11
0
2.04281e-11
2.13163e-11
5.32907e-12
-1.77636e-12
0
4.44089e-12
-2.22045e-12
0
-4.44089e-13
0
2.44249e-11
2.13163e-11
-7.54952e-12
-5.32907e-12
5.77316e-12
-2.22045e-12
2.66454e-12
3.55271e-12
-1.46549e-11
2.66454e-12
1.5099e-11
3.9968e-12
8.43769e-12
-7.54952e-12
-8.88178e-13
1.19904e-11
-2.22045e-12
0
-5.32907e-12
8.88178e-13
2.84217e-11
2.13163e-11
4.44089e-12
4.44089e-13
7.54952e-12
-8.88178e-13
-7.10543e-12
2.66454e-12
0
0
2.13163e-11
2.08722e-11
-3.55271e-12
-2.35367e-11
2.70894e-11
2.39808e-11
0
0
-4.44089e-13
0
1.33227e-12
1.33227e-12
4.88498e-12
6.66134e-12
-7.54952e-12
8.88178e-13
0
-8.43769e-12
8.43769e-12
7.99361e-12
9.76996e-12
1.02141e-11
0
1.02141e-11
-3.55271e-12
5.32907e-12
-1.24345e-11
-3.55271e-12
1.06581e-11
-4.44089e-13
2.66454e-11
2.4869e-11
2.66454e-12
-1.77636e-12
6.66134e-12
0
1.77636e-12
-2.22045e-12
2.22045e-12
8.88178e-13
4.44089e-13
6.21725e-12
4.44089e-13
1.59872e-11
7.54952e-12
-9.76996e-12
2.66454e-12
-6.66134e-12
-1.5099e-11
0
1.24345e-11
1.33227e-11
-8.43769e-12
-4.88498e-12
7.99361e-12
3.9968e-12
-4.44089e-13
0
4.44089e-13
-8.88178e-13
2.13163e-11
2.30926e-11
8.88178e-12
-1.24345e-11
0
1.19904e-11
-1.28786e-11
0
-2.22045e-12
0
3.68594e-11
2.13163e-11
1.77636e-12
-3.9968e-12
-1.33227e-12
4.44089e-12
-5.77316e-12
-1.68754e-11
-8.88178e-13
1.55431e-11
6.21725e-12
-1.33227e-12
-1.06581e-11
9.76996e-12
1.06581e-11
-8.43769e-12
4.44089e-12
-4.44089e-13
-3.55271e-12
1.24345e-11
5.32907e-12
3.10862e-12
-2.08722e-11
4.44089e-13
-5.32907e-12
0
2.66454e-12
0
-1.33227e-12
0
1.77636e-11
1.46549e-11
2.08722e-11
-9.32587e-12
-2.13163e-11
0
1.02141e-11
-8.88178e-13
-9.76996e-12
-1.33227e-12
0
2.66454e-12
4.44089e-13
1.77636e-12
1.33227e-12
4.44089e-12
-7.54952e-12
-1.42109e-11
1.77636e-12
1.55431e-11
2.22045e-11
1.64313e-11
-5.77316e-12
-1.5099e-11
7.54952e-12
1.73195e-11
-1.33227e-12
0
-1.77636e-12
0
1.28786e-11
1.02141e-11
-1.28786e-11
-4.88498e-12
1.42109e-11
1.15463e-11
-4.44089e-12
-1.77636e-12
5.77316e-12
4.44089e-13
2.04281e-11
2.17604e-11
-3.10862e-12
-3.55271e-12
4.44089e-12
0
0
3.9968e-12
-8.43769e-12
1.33227e-12
6.66134e-12
-4.44089e-13
6.21725e-12
1.19904e-11
7.10543e-12
-3.55271e-12
4.44089e-13
-9.76996e-12
-7.10543e-12
1.33227e-11
7.54952e-12
4.44089e-13
-1.15463e-11
-3.55271e-12
1.42109e-11
-9.32587e-12
0
1.33227e-11
-8.43769e-12
1.33227e-12
7.10543e-12
-8.88178e-13
3.9968e-12
7.10543e-12
-1.19904e-11
1.33227e-12
1.24345e-11
-1.24345e-11
-3.55271e-12
2.22045e-12
6.21725e-12
1.42109e-11
0
-8.88178e-13
1.42109e-11
-9.32587e-12
-1.77636e-12
1.33227e-11
1.33227e-12
4.44089e-13
0
-8.88178e-13
-2.13163e-11
5.77316e-12
4.44089e-13
2.08722e-11
0
-2.08722e-11
-2.22045e-12
0
2.22045e-12
8.88178e-13
-3.10862e-12
-1.33227e-12
2.70894e-11
2.39808e-11
0
0
-4.44089e-13
0
1.33227e-12
1.33227e-12
-4.44089e-13
-4.44089e-13
7.54952e-12
-6.66134e-12
-4.88498e-12
8.43769e-12
4.88498e-12
0
0
8.88178e-13
0
1.59872e-11
0
-9.76996e-12
5.77316e-12
-4.44089e-13
-7.99361e-12
0
1.02141e-11
6.66134e-12
2.66454e-12
-1.77636e-12
6.66134e-12
0
1.77636e-12
-2.22045e-12
-4.88498e-12
4.44089e-13
7.99361e-12
6.21725e-12
4.44089e-13
1.5099e-11
1.77636e-12
-2.66454e-12
2.22045e-12
0
-1.68754e-11
0
1.68754e-11
4.44089e-12
-1.33227e-11
0
1.59872e-11
-1.59872e-11
-8.88178e-13
1.64313e-11
-1.46549e-11
-1.77636e-12
1.19904e-11
-3.55271e-12
-6.66134e-12
1.06581e-11
1.59872e-11
-1.15463e-11
-2.66454e-12
1.64313e-11
-4.44089e-13
0
3.10862e-12
8.88178e-13
7.99361e-12
-1.19904e-11
4.44089e-13
1.68754e-11
-3.10862e-12
-8.88178e-13
8.88178e-13
1.33227e-12
-8.88178e-13
-2.22045e-12
0
-8.43769e-12
1.55431e-11
-3.9968e-12
-2.66454e-12
1.64313e-11
-1.28786e-11
-1.77636e-12
1.19904e-11
-3.55271e-12
1.9984e-11
2.22045e-12
-1.06581e-11
2.04281e-11
-7.54952e-12
-2.08722e-11
-3.9968e-12
0
2.53131e-11
2.4869e-11
-2.13163e-11
-2.22045e-12
2.35367e-11
2.22045e-12
0
0
-4.44089e-13
0
-2.30926e-11
-2.35367e-11
2.26485e-11
2.39808e-11
-2.44249e-11
4.44089e-13
0
-2.44249e-11
2.66454e-12
-4.44089e-13
2.17604e-11
2.35367e-11
0
4.88498e-12
0
-4.88498e-12
5.32907e-12
-4.44089e-13
4.44089e-13
0
0
4.44089e-12
1.95399e-11
1.19904e-11
-1.95399e-11
-7.99361e-12
4.44089e-13
-8.88178e-13
0
8.88178e-13
0
8.88178e-13
4.88498e-12
1.86517e-11
-4.44089e-13
-1.82077e-11
1.64313e-11
0
-2.04281e-11
0
2.04281e-11
1.64313e-11
2.62013e-11
2.66454e-12
-2.30926e-11
-8.88178e-13
1.77636e-12
-2.22045e-12
1.64313e-11
3.10862e-12
4.44089e-12
2.08722e-11
-2.08722e-11
8.88178e-13
7.99361e-12
1.33227e-12
-7.54952e-12
4.44089e-13
-4.88498e-12
0
1.86517e-11
1.42109e-11
1.77636e-12
0
2.66454e-12
-2.66454e-12
2.04281e-11
3.10862e-12
-2.30926e-11
0
2.35367e-11
2.08722e-11
2.22045e-12
-2.08722e-11
-2.22045e-12
-8.88178e-13
2.57572e-11
-2.66454e-12
-2.04281e-11
2.70894e-11
0
-2.17604e-11
-4.44089e-12
-1.33227e-12
5.32907e-12
-3.9968e-12
-2.17604e-11
-1.64313e-11
0
0
-4.44089e-13
-4.44089e-13
)
;

boundaryField
{
    frontAndBack
    {
        type            calculated;
        value           nonuniform List<scalar> 
600
(
-499.201
-499.201
-499.201
-499.201
-499.201
-499.201
-499.201
-499.201
-499.201
-499.201
-0.798059
-0.798059
-0.798059
-0.798059
-0.798059
-0.798059
-0.798059
-0.798059
-0.798059
-0.798059
-0.000646231
-0.000646231
-0.000646231
-0.000646231
-0.000646231
-0.000646231
-0.000646231
-0.000646231
-0.000646231
-0.000646231
-3.53227e-07
-3.53236e-07
-3.53238e-07
-3.53211e-07
-3.5323e-07
-3.53239e-07
-3.53225e-07
-3.53234e-07
-3.53222e-07
-3.5323e-07
-1.5854e-10
-1.51879e-10
-1.56763e-10
-1.31006e-10
-1.51879e-10
-1.46549e-10
-1.30118e-10
-1.5854e-10
-1.35003e-10
-1.46105e-10
0
0
0
-2.30926e-11
3.9968e-12
0
7.10543e-12
-3.10862e-12
-2.04281e-11
2.04281e-11
2.08722e-11
5.32907e-12
0
0
2.57572e-11
-4.44089e-12
2.22045e-12
2.04281e-11
-1.82077e-11
-6.21725e-12
0
-2.66454e-12
2.44249e-11
0
1.9984e-11
2.44249e-11
0
3.10862e-12
8.88178e-12
-2.17604e-11
0
0
-4.44089e-13
-2.13163e-11
-2.53131e-11
4.44089e-12
-2.4869e-11
-2.35367e-11
-4.88498e-12
-1.37668e-11
1.64313e-11
3.55271e-12
-1.82077e-11
3.10862e-12
-1.90958e-11
-2.39808e-11
1.42109e-11
-2.22045e-12
-1.02141e-11
2.35367e-11
-499.201
-499.201
-499.201
-499.201
-499.201
-499.201
-499.201
-499.201
-499.201
-499.201
-0.798059
-0.798059
-0.798059
-0.798059
-0.798059
-0.798059
-0.798059
-0.798059
-0.798059
-0.798059
-0.000646231
-0.000646231
-0.000646231
-0.000646231
-0.000646231
-0.000646231
-0.000646231
-0.000646231
-0.000646231
-0.000646232
-3.5323e-07
-3.53233e-07
-3.53232e-07
-3.53208e-07
-3.53232e-07
-3.53227e-07
-3.53227e-07
-3.53227e-07
-3.53228e-07
-3.53237e-07
-1.46105e-10
-1.54099e-10
-1.62093e-10
-1.52323e-10
-1.51879e-10
-1.54543e-10
-1.58096e-10
-1.56763e-10
-1.61648e-10
-1.36779e-10
0
4.44089e-13
4.44089e-13
4.44089e-13
0
-5.32907e-12
0
-2.66454e-12
-4.44089e-12
0
4.44089e-13
-4.44089e-13
0
2.22045e-12
0
2.22045e-12
1.77636e-12
0
1.9984e-11
-2.17604e-11
-4.44089e-13
-4.44089e-13
5.32907e-12
-2.04281e-11
4.88498e-12
1.33227e-12
-1.77636e-12
2.66454e-12
4.88498e-12
2.22045e-11
-2.13163e-11
0
-8.88178e-13
2.22045e-12
0
4.44089e-13
-4.88498e-12
-2.22045e-12
-2.04281e-11
2.22045e-11
8.88178e-13
2.66454e-11
-4.44089e-12
0
-4.88498e-12
2.22045e-12
-3.9968e-12
-2.66454e-12
1.90958e-11
-2.17604e-11
1.77636e-12
-1.77636e-12
-8.88178e-13
4.44089e-13
1.24345e-11
0
2.66454e-12
-1.77636e-12
2.35367e-11
2.13163e-11
2.22045e-12
8.88178e-13
-4.44089e-13
1.64313e-11
0
2.4869e-11
-2.22045e-11
-8.88178e-13
1.77636e-12
0
-2.66454e-12
2.22045e-12
4.44089e-13
0
-1.02141e-11
8.88178e-13
-8.88178e-13
2.30926e-11
0
-8.88178e-13
3.9968e-12
0
0
0
2.26485e-11
-2.13163e-11
0
3.55271e-12
2.22045e-11
0
-3.9968e-12
1.95399e-11
1.64313e-11
-4.44089e-12
2.22045e-12
1.64313e-11
2.22045e-12
1.77636e-12
-1.77636e-12
4.44089e-13
4.44089e-13
-8.88178e-13
-1.33227e-12
2.22045e-12
-2.39808e-11
-1.33227e-12
-1.33227e-12
-5.32907e-12
-1.02141e-11
-2.22045e-12
0
-2.17604e-11
-1.73195e-11
3.9968e-12
-4.44089e-13
3.9968e-12
-4.44089e-13
-2.04281e-11
-1.73195e-11
1.77636e-12
-2.22045e-12
2.22045e-12
2.22045e-12
-1.82077e-11
2.22045e-12
2.22045e-12
2.22045e-12
0
-1.37668e-11
-2.04281e-11
5.77316e-12
1.33227e-12
-1.77636e-12
-2.22045e-12
1.73195e-11
-2.30926e-11
1.73195e-11
0
1.77636e-11
-2.22045e-12
-3.9968e-12
-1.33227e-12
-4.44089e-13
0
-1.33227e-12
-4.44089e-13
-1.33227e-12
2.22045e-12
8.88178e-13
2.26485e-11
0
1.86517e-11
1.33227e-11
0
1.28786e-11
0
2.39808e-11
0
-3.55271e-12
-1.77636e-12
2.26485e-11
-2.22045e-11
-8.88178e-13
0
4.88498e-12
2.35367e-11
4.44089e-12
2.35367e-11
1.77636e-12
-4.44089e-13
0
-2.08722e-11
-1.24345e-11
-1.33227e-12
6.66134e-12
-8.88178e-13
0
0
4.44089e-13
-1.77636e-12
0
1.77636e-11
0
-4.88498e-12
-2.22045e-12
0
-3.9968e-12
-4.44089e-13
-2.08722e-11
2.13163e-11
2.04281e-11
2.35367e-11
2.39808e-11
2.66454e-12
-1.59872e-11
2.04281e-11
4.44089e-13
5.32907e-12
4.88498e-12
-1.90958e-11
-2.22045e-12
-1.64313e-11
1.86517e-11
2.22045e-12
1.02141e-11
-1.33227e-12
3.10862e-12
-2.08722e-11
-4.88498e-12
-2.08722e-11
2.22045e-12
-2.26485e-11
-2.26485e-11
-4.88498e-12
-3.9968e-12
-1.95399e-11
-2.39808e-11
0
4.44089e-13
4.44089e-13
-2.04281e-11
-4.44089e-12
-6.66134e-12
2.13163e-11
4.44089e-13
-2.08722e-11
1.9984e-11
-4.44089e-13
0
2.04281e-11
-2.22045e-12
0
0
3.10862e-12
0
-3.55271e-12
2.53131e-11
-4.44089e-12
-5.32907e-12
2.13163e-11
2.26485e-11
1.77636e-12
-1.28786e-11
-2.26485e-11
-7.10543e-12
-4.44089e-13
-2.08722e-11
4.44089e-13
2.39808e-11
8.88178e-13
-5.77316e-12
-4.44089e-13
2.22045e-12
2.22045e-12
5.32907e-12
-3.55271e-12
-1.64313e-11
-4.44089e-13
-2.17604e-11
-3.9968e-12
2.22045e-12
-8.88178e-13
8.88178e-13
-2.22045e-12
8.88178e-13
8.88178e-13
-1.33227e-12
2.22045e-12
-1.33227e-12
-4.44089e-13
0
-8.88178e-13
-1.33227e-12
-4.44089e-12
0
2.70894e-11
0
4.44089e-13
2.70894e-11
6.21725e-12
-2.22045e-12
1.77636e-12
-4.44089e-13
-2.22045e-12
2.17604e-11
2.17604e-11
1.33227e-12
9.76996e-12
2.39808e-11
4.44089e-13
1.77636e-12
-4.44089e-13
0
2.4869e-11
0
0
2.22045e-11
-2.22045e-12
0
0
0
0
0
-4.44089e-13
0
0
0
-1.02141e-11
0
0
4.44089e-13
4.44089e-13
-3.55271e-12
4.44089e-13
-2.57572e-11
-1.95399e-11
-1.33227e-12
2.22045e-12
-4.44089e-13
-2.39808e-11
0
0
4.44089e-13
4.44089e-13
0
0
-2.22045e-12
-1.33227e-12
0
0
-1.90958e-11
1.68754e-11
2.04281e-11
1.33227e-12
2.66454e-11
2.04281e-11
8.88178e-13
2.13163e-11
1.33227e-12
4.44089e-13
-1.73195e-11
1.77636e-11
1.73195e-11
2.66454e-11
1.33227e-12
1.33227e-12
2.35367e-11
2.30926e-11
1.33227e-12
-2.35367e-11
-2.13163e-11
2.26485e-11
0
1.95399e-11
4.88498e-12
2.62013e-11
-2.08722e-11
1.77636e-12
2.22045e-12
-4.44089e-12
-2.22045e-12
2.39808e-11
4.88498e-12
1.19904e-11
1.86517e-11
2.66454e-12
8.88178e-13
0
-2.08722e-11
-1.33227e-12
2.35367e-11
-2.44249e-11
0
-1.95399e-11
-4.44089e-13
-2.30926e-11
7.99361e-12
2.66454e-12
-2.22045e-12
5.32907e-12
2.22045e-12
4.44089e-13
-4.88498e-12
-7.99361e-12
-1.82077e-11
-8.88178e-13
1.33227e-12
-2.66454e-12
-8.88178e-13
-3.9968e-12
0
0
5.32907e-12
4.44089e-13
1.64313e-11
1.77636e-12
-7.54952e-12
2.04281e-11
2.57572e-11
-2.17604e-11
0
-2.44249e-11
-4.44089e-13
-8.88178e-13
0
-2.22045e-12
4.44089e-13
3.10862e-12
-2.66454e-12
-1.64313e-11
-4.44089e-13
2.66454e-12
4.44089e-13
0
-2.04281e-11
1.64313e-11
-4.88498e-12
-2.30926e-11
-2.04281e-11
0
0
-4.44089e-13
0
8.88178e-13
0
3.10862e-12
0
0
2.70894e-11
0
-2.30926e-11
2.17604e-11
0
0
2.04281e-11
4.44089e-12
1.86517e-11
2.35367e-11
0
-4.44089e-13
-2.35367e-11
2.35367e-11
4.44089e-12
8.88178e-13
1.64313e-11
2.08722e-11
1.42109e-11
2.08722e-11
-2.17604e-11
-4.44089e-13
)
;
    }
    left
    {
        type            calculated;
        value           nonuniform List<scalar> 
100
(
-996.808
-996.808
-996.808
-996.808
-996.808
-996.808
-996.808
-996.808
-996.808
-996.808
-996.808
-996.808
-996.808
-996.808
-996.808
-996.808
-996.808
-996.808
-996.808
-996.808
-996.808
-996.808
-996.808
-996.808
-996.808
-996.808
-996.808
-996.808
-996.808
-996.808
-996.808
-996.808
-996.808
-996.808
-996.808
-996.808
-996.808
-996.808
-996.808
-996.808
-996.808
-996.808
-996.808
-996.808
-996.808
-996.808
-996.808
-996.808
-996.808
-996.808
-996.808
-996.808
-996.808
-996.808
-996.808
-996.808
-996.808
-996.808
-996.808
-996.808
-996.808
-996.808
-996.808
-996.808
-996.808
-996.808
-996.808
-996.808
-996.808
-996.808
-996.808
-996.808
-996.808
-996.808
-996.808
-996.808
-996.808
-996.808
-996.808
-996.808
-996.808
-996.808
-996.808
-996.808
-996.808
-996.808
-996.808
-996.808
-996.808
-996.808
-996.808
-996.808
-996.808
-996.808
-996.808
-996.808
-996.808
-996.808
-996.808
-996.808
)
;
    }
    right
    {
        type            calculated;
        value           uniform 0;
    }
    lowerWall
    {
        type            calculated;
        value           nonuniform List<scalar> 
300
(
-499.201
-499.201
-499.201
-499.201
-499.201
-499.201
-499.201
-499.201
-499.201
-499.201
-0.798059
-0.798059
-0.798059
-0.798059
-0.798059
-0.798059
-0.798059
-0.798059
-0.798059
-0.798059
-0.000646231
-0.000646231
-0.000646231
-0.000646231
-0.000646231
-0.000646231
-0.000646231
-0.000646231
-0.000646231
-0.000646231
-3.53227e-07
-3.53229e-07
-3.53238e-07
-3.53232e-07
-3.5323e-07
-3.53238e-07
-3.53231e-07
-3.53213e-07
-3.53242e-07
-3.5323e-07
-1.5854e-10
-1.62093e-10
-1.56763e-10
-1.51434e-10
-1.62093e-10
-1.56763e-10
-1.54099e-10
-1.63425e-10
-1.30118e-10
-1.46105e-10
0
-1.77636e-12
0
-2.66454e-12
5.32907e-12
2.39808e-11
9.32587e-12
0
8.43769e-12
0
2.08722e-11
2.62013e-11
0
2.13163e-11
2.53131e-11
-2.66454e-12
4.88498e-12
2.53131e-11
-1.82077e-11
4.44089e-13
0
2.22045e-12
2.44249e-11
0
1.90958e-11
0
-8.88178e-12
-2.04281e-11
0
-4.44089e-13
0
-2.22045e-11
-4.44089e-13
-2.13163e-11
-2.53131e-11
3.10862e-12
-5.32907e-12
0
-5.77316e-12
-2.13163e-11
1.64313e-11
-4.44089e-13
-1.82077e-11
3.10862e-12
-2.13163e-11
-2.39808e-11
-8.88178e-13
-2.22045e-12
-9.32587e-12
8.88178e-13
1.77636e-12
-1.77636e-12
-8.88178e-13
4.44089e-13
0
0
4.44089e-12
-2.35367e-11
2.35367e-11
0
2.22045e-12
8.88178e-13
-4.44089e-13
-2.22045e-12
1.33227e-12
2.4869e-11
1.77636e-12
1.19904e-11
1.77636e-12
2.26485e-11
-2.66454e-12
2.08722e-11
4.44089e-13
0
5.32907e-12
-1.33227e-12
8.88178e-13
-2.66454e-12
-2.08722e-11
0
3.9968e-12
-4.44089e-13
2.22045e-11
0
4.44089e-13
-2.13163e-11
2.22045e-11
-1.02141e-11
2.26485e-11
0
-3.9968e-12
1.33227e-12
-2.22045e-12
0
1.64313e-11
2.26485e-11
1.64313e-11
2.17604e-11
1.86517e-11
2.04281e-11
4.44089e-13
-3.10862e-12
-7.54952e-12
2.08722e-11
1.42109e-11
-1.33227e-12
-2.35367e-11
-2.22045e-12
-2.4869e-11
-2.22045e-12
0
-2.17604e-11
1.77636e-12
-4.44089e-13
-1.68754e-11
0
-1.73195e-11
-1.64313e-11
-1.77636e-11
2.22045e-12
-2.22045e-12
5.32907e-12
-1.42109e-11
-1.82077e-11
-1.42109e-11
2.22045e-12
2.22045e-12
0
1.33227e-12
-2.04281e-11
5.77316e-12
4.44089e-13
1.73195e-11
-2.22045e-12
1.77636e-11
-2.30926e-11
-1.77636e-12
-4.44089e-13
-1.33227e-12
-2.22045e-12
-3.9968e-12
-1.33227e-12
-8.88178e-13
0
-1.33227e-12
2.08722e-11
2.17604e-11
1.24345e-11
1.33227e-12
2.26485e-11
-5.77316e-12
-4.44089e-13
-2.22045e-11
-2.22045e-12
-1.59872e-11
-3.55271e-12
-3.55271e-12
2.08722e-11
-3.10862e-12
-2.13163e-11
2.22045e-12
-1.77636e-12
8.88178e-13
-2.22045e-12
8.88178e-13
-2.04281e-11
-2.35367e-11
-9.32587e-12
-1.33227e-12
-2.22045e-12
0
0
4.88498e-12
4.44089e-12
-1.33227e-12
4.88498e-12
2.70894e-11
-2.13163e-11
2.70894e-11
2.35367e-11
-2.22045e-12
1.77636e-12
2.17604e-11
-2.22045e-12
-4.44089e-13
2.17604e-11
2.39808e-11
0
2.39808e-11
2.22045e-12
1.77636e-12
-4.44089e-13
0
0
0
0
0
1.02141e-11
0
0
0
0
-2.22045e-11
4.44089e-12
0
-2.22045e-11
0
-8.88178e-13
0
0
4.44089e-13
4.44089e-13
-3.55271e-12
2.08722e-11
8.88178e-13
-4.44089e-13
-4.44089e-13
-9.76996e-12
-4.44089e-13
-4.44089e-13
0
0
0
0
-4.44089e-13
0
0
-1.33227e-12
0
0
-1.90958e-11
1.68754e-11
2.04281e-11
0
1.68754e-11
2.35367e-11
1.33227e-12
0
1.33227e-12
-2.30926e-11
-1.73195e-11
1.77636e-11
1.73195e-11
2.13163e-11
1.73195e-11
2.35367e-11
1.33227e-12
2.66454e-12
1.33227e-12
-2.35367e-11
)
;
    }
    upperWall
    {
        type            calculated;
        value           nonuniform List<scalar> 
300
(
-499.201
-499.201
-499.201
-499.201
-499.201
-499.201
-499.201
-499.201
-499.201
-499.201
-0.798059
-0.798059
-0.798059
-0.798059
-0.798059
-0.798059
-0.798059
-0.798059
-0.798059
-0.798059
-0.000646231
-0.000646231
-0.000646231
-0.000646231
-0.000646231
-0.000646231
-0.000646231
-0.000646231
-0.000646231
-0.000646232
-3.5323e-07
-3.53232e-07
-3.53233e-07
-3.53238e-07
-3.53232e-07
-3.53241e-07
-3.53232e-07
-3.53232e-07
-3.53241e-07
-3.53237e-07
-1.46105e-10
-1.49658e-10
-1.54543e-10
-1.54099e-10
-1.62093e-10
-1.46994e-10
-1.62093e-10
-1.53655e-10
-1.5099e-10
-1.36779e-10
2.04281e-11
-4.44089e-13
0
2.08722e-11
0
2.39808e-11
0
8.88178e-13
2.35367e-11
0
-6.21725e-12
2.04281e-11
4.44089e-13
-1.33227e-12
2.66454e-12
2.22045e-12
2.22045e-12
-8.88178e-13
-4.44089e-13
-2.17604e-11
-2.17604e-11
0
5.77316e-12
-2.13163e-11
-4.44089e-13
4.44089e-13
5.77316e-12
2.39808e-11
-1.86517e-11
2.22045e-11
-1.37668e-11
-2.35367e-11
4.44089e-12
3.9968e-12
2.66454e-12
4.44089e-13
2.66454e-12
-1.77636e-12
-1.77636e-12
2.22045e-11
2.35367e-11
3.10862e-12
-4.44089e-12
-3.9968e-12
5.77316e-12
-2.08722e-11
-2.66454e-12
-2.13163e-11
-4.44089e-12
-2.17604e-11
2.13163e-11
2.22045e-12
-5.77316e-12
8.88178e-13
-2.22045e-12
1.77636e-12
0
-8.88178e-13
1.77636e-12
-1.77636e-12
0
2.44249e-11
4.44089e-13
0
-2.66454e-12
2.30926e-11
2.66454e-12
2.35367e-11
3.9968e-12
-4.44089e-13
-8.88178e-13
-1.77636e-12
-4.44089e-13
-2.66454e-12
0
-3.10862e-12
-4.44089e-13
4.44089e-13
-3.55271e-12
-1.77636e-12
0
-2.17604e-11
5.32907e-12
4.88498e-12
0
0
-3.9968e-12
-2.08722e-11
1.33227e-12
2.13163e-11
4.44089e-13
1.77636e-12
4.44089e-13
2.22045e-12
2.26485e-11
-1.77636e-12
-5.32907e-12
2.62013e-11
2.17604e-11
-1.90958e-11
-2.22045e-12
-2.22045e-12
-5.77316e-12
1.86517e-11
4.44089e-13
-2.57572e-11
5.32907e-12
-2.66454e-12
-5.32907e-12
-2.08722e-11
1.77636e-12
2.22045e-11
4.44089e-13
-4.44089e-13
-2.04281e-11
2.22045e-12
1.77636e-12
0
-2.39808e-11
4.44089e-13
-2.04281e-11
2.22045e-12
-4.44089e-13
-1.82077e-11
0
0
0
-4.44089e-13
4.44089e-13
2.04281e-11
-2.22045e-12
-4.88498e-12
5.32907e-12
2.04281e-11
-2.66454e-12
-1.77636e-12
2.30926e-11
0
3.55271e-12
2.13163e-11
2.26485e-11
2.04281e-11
0
-4.44089e-12
1.77636e-12
2.66454e-12
-4.44089e-13
-2.66454e-12
4.44089e-13
8.88178e-13
-3.9968e-12
-1.82077e-11
4.44089e-13
-2.04281e-11
2.30926e-11
4.44089e-12
-2.08722e-11
-2.13163e-11
1.9984e-11
-4.44089e-12
-4.44089e-13
-2.22045e-11
2.08722e-11
2.08722e-11
1.68754e-11
4.44089e-13
4.44089e-13
5.77316e-12
2.22045e-12
-1.33227e-12
6.21725e-12
-1.33227e-12
-4.88498e-12
-4.44089e-13
-2.08722e-11
7.54952e-12
-5.32907e-12
4.44089e-13
-1.06581e-11
5.32907e-12
4.44089e-13
-8.88178e-13
-1.59872e-11
-1.73195e-11
3.9968e-12
-8.88178e-13
0
2.08722e-11
2.04281e-11
-3.9968e-12
0
0
-4.44089e-13
0
0
-7.10543e-12
2.66454e-12
0
-7.54952e-12
-2.17604e-11
0
0
-4.88498e-12
-4.44089e-13
-2.08722e-11
2.66454e-12
0
-2.08722e-11
-2.08722e-11
-1.64313e-11
-2.39808e-11
-2.22045e-12
2.17604e-11
1.90958e-11
1.68754e-11
0
-1.33227e-12
-2.22045e-12
-3.9968e-12
0
0
0
0
0
0
0
0
0
0
0
4.44089e-13
2.66454e-11
5.32907e-12
2.66454e-12
5.32907e-12
2.13163e-11
1.77636e-11
2.22045e-12
2.53131e-11
-4.44089e-13
-2.35367e-11
2.44249e-11
2.70894e-11
2.17604e-11
2.22045e-11
2.08722e-11
1.46549e-11
8.88178e-13
2.4869e-11
-4.44089e-13
)
;
    }
}


// ************************************************************************* //
