/*--------------------------------*- C++ -*----------------------------------*\
  =========                 |
  \\      /  F ield         | OpenFOAM: The Open Source CFD Toolbox
   \\    /   O peration     | Website:  https://openfoam.org
    \\  /    A nd           | Version:  10
     \\/     M anipulation  |
\*---------------------------------------------------------------------------*/
FoamFile
{
    format      ascii;
    class       volScalarField;
    location    "0.1";
    object      gradTx;
}
// * * * * * * * * * * * * * * * * * * * * * * * * * * * * * * * * * * * * * //

dimensions      [0 -1 0 1 0 0 0];

internalField   nonuniform List<scalar> 
3000
(
-499.8
-0.199874
-4.19691e-05
-6.15774e-09
-3.9968e-12
0
3.9968e-12
0
0
0
-499.8
-0.199874
-4.19691e-05
-6.15907e-09
-8.88178e-13
0
8.88178e-13
0
0
4.44089e-13
-499.8
-0.199874
-4.19691e-05
-6.16085e-09
-3.10862e-12
0
0
3.10862e-12
-4.44089e-13
-1.33227e-12
-499.8
-0.199874
-4.19691e-05
-6.15374e-09
8.88178e-13
-4.44089e-12
4.44089e-13
-4.44089e-13
-3.55271e-12
8.88178e-13
-499.8
-0.199874
-4.19691e-05
-6.15863e-09
-8.88178e-13
1.77636e-12
4.44089e-12
1.77636e-12
-3.9968e-12
-1.77636e-12
-499.8
-0.199874
-4.19691e-05
-6.16085e-09
8.88178e-13
0
-8.88178e-13
3.55271e-12
4.44089e-13
-2.66454e-12
-499.8
-0.199874
-4.19691e-05
-6.15685e-09
-4.44089e-13
0
2.22045e-12
0
-4.44089e-12
4.44089e-12
-499.8
-0.199874
-4.19691e-05
-6.15907e-09
-3.55271e-12
-8.88178e-13
3.9968e-12
4.44089e-13
-4.44089e-12
-4.44089e-13
-499.8
-0.199874
-4.19691e-05
-6.15952e-09
-8.88178e-13
-1.77636e-12
-1.33227e-12
0
-1.33227e-12
-8.88178e-13
-499.8
-0.199874
-4.19691e-05
-6.15819e-09
-3.55271e-12
3.55271e-12
-3.55271e-12
-3.9968e-12
0
6.21725e-12
-499.8
-0.199874
-4.19691e-05
-6.15819e-09
-4.88498e-12
0
5.77316e-12
4.44089e-13
-5.32907e-12
0
-499.8
-0.199874
-4.19691e-05
-6.15907e-09
-3.55271e-12
0
3.55271e-12
-2.22045e-12
4.44089e-13
4.44089e-13
-499.8
-0.199874
-4.19691e-05
-6.16174e-09
-4.44089e-13
0
4.44089e-13
3.55271e-12
4.44089e-13
-2.22045e-12
-499.8
-0.199874
-4.19691e-05
-6.1573e-09
0
-2.66454e-12
-8.88178e-13
-4.44089e-13
0
-1.77636e-12
-499.8
-0.199874
-4.19691e-05
-6.15952e-09
-2.66454e-12
4.44089e-13
2.66454e-12
8.88178e-13
-3.9968e-12
4.44089e-13
-499.8
-0.199874
-4.19691e-05
-6.16174e-09
-3.9968e-12
0
4.44089e-13
3.55271e-12
4.44089e-13
-1.77636e-12
-499.8
-0.199874
-4.19691e-05
-6.15774e-09
-3.10862e-12
8.88178e-13
3.55271e-12
0
-3.9968e-12
-1.77636e-12
-499.8
-0.199874
-4.19691e-05
-6.15952e-09
0
-3.10862e-12
0
0
-2.22045e-12
2.66454e-12
-499.8
-0.199874
-4.19691e-05
-6.15863e-09
0
-4.44089e-13
0
-2.22045e-12
-3.10862e-12
1.33227e-12
-499.8
-0.199874
-4.19691e-05
-6.15863e-09
-1.77636e-12
-4.44089e-13
3.10862e-12
0
-4.44089e-12
1.33227e-12
-499.8
-0.199874
-4.19691e-05
-6.16085e-09
-3.10862e-12
0
0
3.10862e-12
-4.44089e-13
-1.33227e-12
-499.8
-0.199874
-4.19691e-05
-6.16174e-09
-3.9968e-12
1.77636e-12
4.44089e-13
1.77636e-12
0
4.44089e-13
-499.8
-0.199874
-4.19691e-05
-6.16085e-09
1.77636e-12
-2.22045e-12
0
4.44089e-13
-3.55271e-12
3.55271e-12
-499.8
-0.199874
-4.19691e-05
-6.15907e-09
-2.66454e-12
4.44089e-13
2.22045e-12
-1.33227e-12
-1.33227e-12
0
-499.8
-0.199874
-4.19691e-05
-6.16174e-09
-1.77636e-12
0
-4.44089e-13
-4.44089e-13
8.88178e-13
3.10862e-12
-499.8
-0.199874
-4.19691e-05
-6.15907e-09
-1.77636e-12
-3.9968e-12
3.55271e-12
4.44089e-13
-8.88178e-13
3.55271e-12
-499.8
-0.199874
-4.19691e-05
-6.16129e-09
-1.33227e-12
-4.44089e-13
1.77636e-12
0
-2.22045e-12
2.22045e-12
-499.8
-0.199874
-4.19691e-05
-6.15819e-09
-1.77636e-12
-3.9968e-12
-1.77636e-12
0
-1.77636e-12
2.22045e-12
-499.8
-0.199874
-4.19691e-05
-6.15996e-09
-2.66454e-12
-8.88178e-13
-4.44089e-13
4.44089e-13
3.55271e-12
8.88178e-13
-499.8
-0.199874
-4.19691e-05
-6.15952e-09
-3.55271e-12
0
8.88178e-13
1.33227e-12
1.33227e-12
-1.33227e-12
-499.8
-0.199874
-4.19691e-05
-6.15774e-09
-2.22045e-12
-8.88178e-13
3.55271e-12
0
-3.55271e-12
8.88178e-13
-499.8
-0.199874
-4.19691e-05
-6.16085e-09
-1.77636e-12
1.33227e-12
4.44089e-13
0
-4.44089e-13
8.88178e-13
-499.8
-0.199874
-4.19691e-05
-6.16129e-09
-2.22045e-12
0
0
3.10862e-12
1.33227e-12
-4.44089e-13
-499.8
-0.199874
-4.19691e-05
-6.15996e-09
-3.55271e-12
-4.44089e-13
1.77636e-12
0
-2.22045e-12
4.44089e-13
-499.8
-0.199874
-4.19691e-05
-6.15641e-09
-3.9968e-12
-1.77636e-12
-3.10862e-12
2.66454e-12
3.10862e-12
-3.9968e-12
-499.8
-0.199874
-4.19691e-05
-6.15774e-09
4.44089e-13
8.88178e-13
-4.44089e-13
-1.77636e-12
-2.22045e-12
-8.88178e-13
-499.8
-0.199874
-4.19691e-05
-6.15863e-09
0
-1.77636e-12
-3.55271e-12
2.66454e-12
3.10862e-12
-3.9968e-12
-499.8
-0.199874
-4.19691e-05
-6.16174e-09
-6.21725e-12
3.10862e-12
2.22045e-12
0
4.44089e-13
0
-499.8
-0.199874
-4.19691e-05
-6.15774e-09
-3.10862e-12
-4.44089e-13
0
-2.22045e-12
-3.55271e-12
1.77636e-12
-499.8
-0.199874
-4.19691e-05
-6.15952e-09
-2.66454e-12
3.9968e-12
0
-3.55271e-12
0
-4.44089e-13
-499.8
-0.199874
-4.19691e-05
-6.15907e-09
-4.88498e-12
1.77636e-12
4.88498e-12
1.33227e-12
-3.9968e-12
-3.10862e-12
-499.8
-0.199874
-4.19691e-05
-6.15996e-09
-6.21725e-12
2.22045e-12
2.22045e-12
-1.33227e-12
-3.10862e-12
8.88178e-13
-499.8
-0.199874
-4.19691e-05
-6.15996e-09
8.88178e-13
-4.44089e-13
-4.44089e-12
4.44089e-13
8.88178e-13
-4.44089e-13
-499.8
-0.199874
-4.19691e-05
-6.15907e-09
-2.66454e-12
2.22045e-12
4.44089e-13
-3.9968e-12
1.33227e-12
2.66454e-12
-499.8
-0.199874
-4.19691e-05
-6.15996e-09
-6.21725e-12
0
2.66454e-12
0
-2.66454e-12
2.66454e-12
-499.8
-0.199874
-4.19691e-05
-6.15996e-09
-2.66454e-12
-4.44089e-13
3.10862e-12
8.88178e-13
-8.88178e-13
1.33227e-12
-499.8
-0.199874
-4.19691e-05
-6.15996e-09
-2.66454e-12
0
2.66454e-12
0
0
2.22045e-12
-499.8
-0.199874
-4.19691e-05
-6.16174e-09
0
3.10862e-12
-1.33227e-12
0
-4.44089e-13
-1.77636e-12
-499.8
-0.199874
-4.19691e-05
-6.15952e-09
-3.10862e-12
-8.88178e-13
3.55271e-12
8.88178e-13
-8.88178e-13
3.10862e-12
-499.8
-0.199874
-4.19691e-05
-6.15952e-09
-5.32907e-12
0
1.33227e-12
-4.44089e-13
8.88178e-13
1.77636e-12
-499.8
-0.199874
-4.19691e-05
-6.16085e-09
-3.10862e-12
2.66454e-12
-4.44089e-13
0
8.88178e-13
-2.66454e-12
-499.8
-0.199874
-4.19691e-05
-6.16174e-09
-3.9968e-12
0
4.44089e-13
3.55271e-12
-1.33227e-12
-4.44089e-13
-499.8
-0.199874
-4.19691e-05
-6.16263e-09
-1.77636e-12
0
1.77636e-12
0
-1.77636e-12
2.66454e-12
-499.8
-0.199874
-4.19691e-05
-6.16085e-09
4.44089e-13
3.9968e-12
-4.44089e-13
-3.55271e-12
0
2.66454e-12
-499.8
-0.199874
-4.19691e-05
-6.16174e-09
-3.10862e-12
1.77636e-12
3.9968e-12
-4.44089e-13
-3.55271e-12
1.77636e-12
-499.8
-0.199874
-4.19691e-05
-6.16041e-09
-6.21725e-12
-8.88178e-13
2.22045e-12
4.44089e-13
8.88178e-13
-8.88178e-13
-499.8
-0.199874
-4.19691e-05
-6.16085e-09
8.88178e-13
4.44089e-13
-1.33227e-12
2.22045e-12
8.88178e-13
-8.88178e-13
-499.8
-0.199874
-4.19691e-05
-6.15996e-09
-3.55271e-12
-4.44089e-13
-1.33227e-12
0
1.33227e-12
-1.33227e-12
-499.8
-0.199874
-4.19691e-05
-6.15952e-09
8.88178e-13
8.88178e-13
-4.44089e-13
1.77636e-12
-2.22045e-12
-1.77636e-12
-499.8
-0.199874
-4.19691e-05
-6.16129e-09
-1.33227e-12
3.55271e-12
4.44089e-13
0
8.88178e-13
-2.66454e-12
-499.8
-0.199874
-4.19691e-05
-6.15774e-09
-3.10862e-12
0
1.33227e-12
-4.44089e-13
-8.88178e-13
-8.88178e-13
-499.8
-0.199874
-4.19691e-05
-6.16085e-09
-4.88498e-12
1.77636e-12
3.55271e-12
0
-3.10862e-12
8.88178e-13
-499.8
-0.199874
-4.19691e-05
-6.15996e-09
-3.10862e-12
-8.88178e-13
0
0
3.10862e-12
3.9968e-12
-499.8
-0.199874
-4.19691e-05
-6.15907e-09
4.44089e-13
0
-2.66454e-12
2.22045e-12
2.66454e-12
-4.44089e-12
-499.8
-0.199874
-4.19691e-05
-6.16041e-09
-6.66134e-12
0
3.10862e-12
-8.88178e-13
0
-4.44089e-13
-499.8
-0.199874
-4.19691e-05
-6.15996e-09
-6.21725e-12
2.66454e-12
1.77636e-12
-8.88178e-13
0
-8.88178e-13
-499.8
-0.199874
-4.19691e-05
-6.15996e-09
0
0
-3.10862e-12
-4.44089e-13
3.55271e-12
-1.33227e-12
-499.8
-0.199874
-4.19691e-05
-6.16307e-09
-3.9968e-12
0
-1.33227e-12
3.55271e-12
1.77636e-12
-1.77636e-12
-499.8
-0.199874
-4.19691e-05
-6.16041e-09
0
2.22045e-12
0
-3.55271e-12
-8.88178e-13
3.9968e-12
-499.8
-0.199874
-4.19691e-05
-6.15907e-09
-5.32907e-12
0
8.88178e-13
1.33227e-12
1.33227e-12
-1.33227e-12
-499.8
-0.199874
-4.19691e-05
-6.15508e-09
-4.44089e-12
0
3.9968e-12
-3.55271e-12
0
-4.44089e-13
-499.8
-0.199874
-4.19691e-05
-6.1573e-09
-4.44089e-13
0
0
0
0
0
-499.8
-0.199874
-4.19691e-05
-6.15952e-09
-2.22045e-12
-1.77636e-12
-1.33227e-12
-2.22045e-12
-2.66454e-12
2.66454e-12
-499.8
-0.199874
-4.19691e-05
-6.16218e-09
-6.21725e-12
0
4.44089e-13
4.44089e-13
-4.44089e-13
3.10862e-12
-499.8
-0.199874
-4.19691e-05
-6.15952e-09
4.44089e-13
-2.66454e-12
-3.10862e-12
4.88498e-12
4.44089e-13
-2.22045e-12
-499.8
-0.199874
-4.19691e-05
-6.15907e-09
8.88178e-13
-2.22045e-12
-8.88178e-13
0
4.44089e-13
2.22045e-12
-499.8
-0.199874
-4.19691e-05
-6.16129e-09
-4.44089e-12
0
-8.88178e-13
3.55271e-12
4.44089e-13
-1.77636e-12
-499.8
-0.199874
-4.19691e-05
-6.16129e-09
-1.77636e-12
0
3.10862e-12
0
-3.55271e-12
0
-499.8
-0.199874
-4.19691e-05
-6.16129e-09
-4.44089e-12
3.10862e-12
-4.44089e-13
-3.55271e-12
-4.44089e-13
4.44089e-12
-499.8
-0.199874
-4.19691e-05
-6.15863e-09
-3.55271e-12
4.44089e-13
0
3.55271e-12
-4.44089e-13
-2.66454e-12
-499.8
-0.199874
-4.19691e-05
-6.16129e-09
-4.44089e-13
0
-1.33227e-12
0
-1.33227e-12
-8.88178e-13
-499.8
-0.199874
-4.19691e-05
-6.16174e-09
-1.77636e-12
2.22045e-12
0
-3.10862e-12
-2.22045e-12
1.33227e-12
-499.8
-0.199874
-4.19691e-05
-6.16041e-09
-1.77636e-12
-4.44089e-13
-8.88178e-13
8.88178e-13
4.44089e-13
1.77636e-12
-499.8
-0.199874
-4.19691e-05
-6.15863e-09
-2.66454e-12
0
2.66454e-12
-4.44089e-12
-1.33227e-12
-4.44089e-13
-499.8
-0.199874
-4.19691e-05
-6.15952e-09
-3.10862e-12
1.77636e-12
3.10862e-12
-8.88178e-13
-2.22045e-12
-2.22045e-12
-499.8
-0.199874
-4.19691e-05
-6.16041e-09
8.88178e-13
2.22045e-12
-1.33227e-12
-3.10862e-12
0
1.33227e-12
-499.8
-0.199874
-4.19691e-05
-6.16085e-09
-4.88498e-12
4.44089e-13
1.33227e-12
-1.33227e-12
4.44089e-13
8.88178e-13
-499.8
-0.199874
-4.19691e-05
-6.15952e-09
-4.44089e-13
8.88178e-13
-4.44089e-13
1.33227e-12
2.66454e-12
-2.66454e-12
-499.8
-0.199874
-4.19691e-05
-6.15952e-09
-3.9968e-12
-4.44089e-13
3.9968e-12
1.77636e-12
-3.10862e-12
-1.77636e-12
-499.8
-0.199874
-4.19691e-05
-6.16129e-09
-1.77636e-12
3.55271e-12
-4.44089e-13
-1.77636e-12
0
-1.77636e-12
-499.8
-0.199874
-4.19691e-05
-6.15819e-09
-3.55271e-12
0
4.44089e-13
-4.44089e-13
-3.9968e-12
4.44089e-13
-499.8
-0.199874
-4.19691e-05
-6.15907e-09
-2.22045e-12
0
0
-4.44089e-13
0
6.21725e-12
-499.8
-0.199874
-4.19691e-05
-6.15907e-09
-5.32907e-12
8.88178e-13
0
8.88178e-13
0
-8.88178e-13
-499.8
-0.199874
-4.19691e-05
-6.15419e-09
-1.77636e-12
0
8.88178e-13
-3.10862e-12
0
8.88178e-13
-499.8
-0.199874
-4.19691e-05
-6.15952e-09
-1.33227e-12
0
0
1.77636e-12
0
-1.77636e-12
-499.8
-0.199874
-4.19691e-05
-6.15774e-09
-3.55271e-12
-1.33227e-12
4.44089e-13
8.88178e-13
8.88178e-13
0
-499.8
-0.199874
-4.19691e-05
-6.1573e-09
-3.9968e-12
4.44089e-13
0
0
-2.22045e-12
-1.33227e-12
-499.8
-0.199874
-4.19691e-05
-6.1573e-09
-2.66454e-12
-1.33227e-12
0
1.33227e-12
-4.44089e-13
-8.88178e-13
-499.8
-0.199874
-4.19691e-05
-6.15819e-09
-4.88498e-12
-1.77636e-12
1.77636e-12
1.77636e-12
-1.77636e-12
1.77636e-12
-499.8
-0.199874
-4.19692e-05
-6.15996e-09
4.44089e-13
-4.44089e-13
-3.9968e-12
4.44089e-12
5.32907e-12
-4.44089e-12
1.77636e-12
1.33227e-12
-2.66454e-12
3.9968e-12
-3.55271e-12
8.88178e-13
0
-2.66454e-12
5.32907e-12
-3.55271e-12
-8.88178e-13
4.44089e-13
1.33227e-12
0
3.10862e-12
-8.88178e-13
-3.9968e-12
1.77636e-12
0
-8.88178e-13
0
-4.44089e-13
4.44089e-13
-4.44089e-13
4.44089e-13
-8.88178e-13
0
4.44089e-13
0
0
4.44089e-13
0
0
0
-4.44089e-13
1.33227e-12
0
-8.88178e-13
-4.44089e-13
0
8.88178e-13
0
-8.88178e-13
4.88498e-12
8.88178e-13
-5.32907e-12
0
4.44089e-13
0
-4.44089e-13
0
4.44089e-12
0
-3.55271e-12
-4.44089e-13
-4.44089e-13
3.10862e-12
1.33227e-12
-3.9968e-12
0
4.44089e-13
-4.44089e-12
-4.44089e-13
0
4.44089e-13
0
0
4.44089e-13
0
-4.44089e-13
0
0
2.66454e-12
4.44089e-13
1.77636e-12
-8.88178e-13
-3.55271e-12
0
0
0
3.10862e-12
4.44089e-13
0
4.44089e-12
-8.88178e-13
-4.88498e-12
-4.44089e-13
-4.44089e-13
4.44089e-13
0
4.44089e-12
0
-8.88178e-13
0
4.44089e-13
-2.22045e-12
1.77636e-12
-3.55271e-12
-2.22045e-12
5.77316e-12
-8.88178e-13
4.44089e-13
3.10862e-12
-8.88178e-13
2.22045e-12
-8.88178e-13
-3.55271e-12
1.33227e-12
0
-8.88178e-13
-8.88178e-13
2.22045e-12
2.22045e-12
-4.44089e-13
-1.33227e-12
8.88178e-13
-1.33227e-12
1.77636e-12
8.88178e-13
-3.9968e-12
-2.66454e-12
4.44089e-13
-1.33227e-12
0
3.9968e-12
1.77636e-12
-8.88178e-13
-3.9968e-12
8.88178e-13
4.44089e-12
-1.77636e-12
2.22045e-12
-4.44089e-13
0
2.66454e-12
2.22045e-12
-8.88178e-13
-8.88178e-13
-4.44089e-13
0
2.66454e-12
8.88178e-13
-1.33227e-12
-1.77636e-12
3.55271e-12
-4.44089e-13
-1.77636e-12
1.77636e-12
1.77636e-12
-1.33227e-12
-2.22045e-12
0
1.33227e-12
1.77636e-12
1.33227e-12
-2.22045e-12
-8.88178e-13
-2.22045e-12
2.22045e-12
1.77636e-12
1.33227e-12
4.44089e-13
8.88178e-13
0
2.66454e-12
-8.88178e-13
0
8.88178e-13
-2.66454e-12
0
-1.33227e-12
-8.88178e-13
4.88498e-12
4.44089e-13
0
-3.9968e-12
-4.44089e-13
0
0
4.44089e-12
4.44089e-13
0
1.33227e-12
1.77636e-12
1.33227e-12
-2.22045e-12
0
-8.88178e-13
0
3.10862e-12
4.44089e-13
5.77316e-12
-1.33227e-12
-4.44089e-12
4.44089e-13
-4.44089e-13
4.44089e-12
1.33227e-12
-4.88498e-12
3.55271e-12
0
-4.44089e-13
4.44089e-13
4.88498e-12
-8.88178e-13
-4.44089e-12
4.44089e-13
0
0
-4.44089e-13
-2.22045e-12
-1.77636e-12
-8.88178e-13
8.88178e-13
4.44089e-12
-2.22045e-12
-1.77636e-12
-8.88178e-13
1.77636e-12
4.44089e-13
1.77636e-12
-3.55271e-12
0
1.77636e-12
-4.44089e-13
-1.77636e-12
1.33227e-12
2.22045e-12
-1.33227e-12
1.33227e-12
1.33227e-12
3.10862e-12
-1.33227e-12
8.88178e-13
0
0
0
-8.88178e-13
-1.77636e-12
-2.66454e-12
2.22045e-12
-3.9968e-12
0
0
-2.66454e-12
2.66454e-12
0
0
0
-2.66454e-12
-3.10862e-12
-2.22045e-12
3.10862e-12
0
-8.88178e-13
-2.22045e-12
2.22045e-12
0
-2.22045e-12
1.77636e-12
1.77636e-12
0
0
-2.66454e-12
8.88178e-13
2.66454e-12
0
-8.88178e-13
-2.66454e-12
2.66454e-12
2.66454e-12
-1.33227e-12
0
1.33227e-12
-1.77636e-12
4.44089e-13
-4.44089e-13
8.88178e-13
3.10862e-12
0
1.33227e-12
0
-3.55271e-12
-1.77636e-12
0
1.77636e-12
1.33227e-12
2.22045e-12
0
0
-8.88178e-13
0
0
8.88178e-13
0
-8.88178e-13
0
0
8.88178e-13
0
4.44089e-13
-4.44089e-13
0
0
0
2.22045e-12
-8.88178e-13
-8.88178e-13
-4.44089e-13
0
-1.33227e-12
-1.33227e-12
-4.44089e-13
0
0
1.77636e-12
3.9968e-12
-3.9968e-12
0
3.10862e-12
-8.88178e-13
0
1.77636e-12
8.88178e-13
-8.88178e-13
-4.44089e-13
0
1.77636e-12
8.88178e-13
-1.33227e-12
4.44089e-13
-1.77636e-12
1.33227e-12
1.77636e-12
-3.55271e-12
1.33227e-12
0
-8.88178e-13
3.9968e-12
-8.88178e-13
-3.9968e-12
8.88178e-13
3.10862e-12
3.55271e-12
-3.9968e-12
-2.22045e-12
-4.44089e-13
-8.88178e-13
3.9968e-12
8.88178e-13
4.44089e-13
-1.77636e-12
2.66454e-12
2.66454e-12
-8.88178e-13
1.33227e-12
-4.44089e-13
-1.33227e-12
4.44089e-13
1.77636e-12
0
0
-8.88178e-13
3.10862e-12
8.88178e-13
-3.9968e-12
4.44089e-13
3.9968e-12
-1.33227e-12
-3.10862e-12
-1.77636e-12
4.44089e-13
8.88178e-13
-2.22045e-12
-1.33227e-12
-2.66454e-12
4.44089e-13
4.44089e-13
-8.88178e-13
4.44089e-12
2.22045e-12
0
3.10862e-12
0
-8.88178e-13
0
-2.66454e-12
1.77636e-12
1.77636e-12
-1.77636e-12
4.44089e-13
0
-8.88178e-13
4.44089e-13
1.33227e-12
1.33227e-12
-4.44089e-13
-8.88178e-13
3.10862e-12
-4.44089e-13
0
8.88178e-13
1.33227e-12
0
0
0
0
0
0
-4.44089e-13
4.88498e-12
8.88178e-13
-2.22045e-12
0
2.66454e-12
-1.33227e-12
4.44089e-13
-3.55271e-12
-2.66454e-12
2.22045e-12
3.55271e-12
2.22045e-12
-1.77636e-12
-2.22045e-12
-2.66454e-12
8.88178e-13
1.33227e-12
8.88178e-13
-4.44089e-13
-2.66454e-12
-1.77636e-12
4.44089e-13
3.9968e-12
-2.66454e-12
-3.9968e-12
-4.44089e-13
-4.44089e-13
2.66454e-12
4.44089e-13
-2.22045e-12
1.33227e-12
0
0
0
8.88178e-13
-8.88178e-13
-2.22045e-12
0
2.22045e-12
8.88178e-13
-1.33227e-12
1.33227e-12
3.10862e-12
0
-1.33227e-12
-4.44089e-13
-4.44089e-13
-2.22045e-12
1.33227e-12
1.33227e-12
8.88178e-13
-4.44089e-13
4.44089e-13
-3.10862e-12
-3.9968e-12
3.9968e-12
2.66454e-12
0
-2.66454e-12
-1.77636e-12
-1.33227e-12
0
4.88498e-12
8.88178e-13
-2.66454e-12
4.44089e-13
2.66454e-12
-4.44089e-13
0
4.44089e-13
-1.77636e-12
8.88178e-13
-1.33227e-12
0
1.77636e-12
-2.22045e-12
8.88178e-13
0
0
1.33227e-12
-4.44089e-13
-8.88178e-13
0
0
3.9968e-12
0
-3.10862e-12
0
-8.88178e-13
0
0
4.44089e-12
-1.33227e-12
-3.10862e-12
3.9968e-12
-8.88178e-13
0
1.33227e-12
-3.9968e-12
3.55271e-12
1.77636e-12
8.88178e-13
-1.33227e-12
0
1.33227e-12
-3.10862e-12
0
3.10862e-12
-2.22045e-12
8.88178e-13
-1.33227e-12
4.44089e-13
-4.44089e-13
-1.77636e-12
3.55271e-12
0
0
0
0
1.77636e-12
-1.33227e-12
-1.77636e-12
-1.77636e-12
-4.44089e-13
2.22045e-12
1.33227e-12
-8.88178e-13
1.33227e-12
-2.22045e-12
8.88178e-13
1.77636e-12
-4.44089e-13
1.33227e-12
-1.33227e-12
-4.88498e-12
1.33227e-12
2.22045e-12
0
0
1.77636e-12
8.88178e-13
3.10862e-12
1.33227e-12
-2.22045e-12
-1.77636e-12
-2.22045e-12
-1.33227e-12
3.10862e-12
8.88178e-13
1.33227e-12
8.88178e-13
1.33227e-12
0
8.88178e-13
-4.44089e-12
0
2.22045e-12
0
8.88178e-13
-4.44089e-13
2.66454e-12
-8.88178e-13
-8.88178e-13
4.44089e-13
-1.77636e-12
3.10862e-12
2.66454e-12
-4.44089e-13
-8.88178e-13
8.88178e-13
3.9968e-12
0
-8.88178e-13
0
-3.10862e-12
1.77636e-12
2.22045e-12
-8.88178e-13
8.88178e-13
0
8.88178e-13
3.9968e-12
-1.33227e-12
0
0
-4.44089e-12
4.44089e-13
-4.44089e-13
0
4.44089e-13
1.33227e-12
4.44089e-13
4.44089e-13
4.88498e-12
0
-5.77316e-12
0
8.88178e-13
-4.44089e-13
4.44089e-12
1.77636e-12
-1.77636e-12
0
1.77636e-12
1.33227e-12
-3.10862e-12
-1.77636e-12
2.66454e-12
0
-2.22045e-12
4.44089e-13
-1.33227e-12
-1.33227e-12
2.22045e-12
-4.44089e-13
0
8.88178e-13
0
0
-3.10862e-12
-3.9968e-12
3.55271e-12
2.66454e-12
4.44089e-13
8.88178e-13
-1.33227e-12
-2.66454e-12
-3.10862e-12
0
3.9968e-12
-1.33227e-12
3.10862e-12
-4.44089e-13
-8.88178e-13
3.10862e-12
1.33227e-12
-8.88178e-13
-1.77636e-12
-8.88178e-13
-1.77636e-12
8.88178e-13
0
8.88178e-13
-8.88178e-13
-1.77636e-12
0
0
8.88178e-13
3.55271e-12
2.22045e-12
-1.33227e-12
8.88178e-13
8.88178e-13
1.33227e-12
-1.77636e-12
-4.44089e-13
-8.88178e-13
0
2.66454e-12
2.66454e-12
-1.33227e-12
-4.44089e-13
4.44089e-13
0
-4.44089e-13
3.10862e-12
2.22045e-12
0
-8.88178e-13
8.88178e-13
2.66454e-12
-2.22045e-12
-1.33227e-12
8.88178e-13
4.44089e-13
4.44089e-13
-3.9968e-12
0
3.55271e-12
-2.22045e-12
8.88178e-13
4.44089e-13
0
-4.44089e-13
-1.33227e-12
4.44089e-13
8.88178e-13
-8.88178e-13
4.88498e-12
-8.88178e-13
-4.44089e-12
4.44089e-13
-4.44089e-13
0
1.33227e-12
-8.88178e-13
0
0
0
8.88178e-13
4.44089e-13
4.44089e-13
-3.55271e-12
0
3.10862e-12
0
0
-2.22045e-12
8.88178e-13
0
4.44089e-13
8.88178e-13
2.22045e-12
0
8.88178e-13
1.33227e-12
-3.55271e-12
-4.44089e-13
3.55271e-12
0
8.88178e-13
1.33227e-12
0
0
-1.77636e-12
-4.44089e-12
0
0
3.10862e-12
3.55271e-12
4.44089e-13
-4.44089e-13
-1.77636e-12
0
2.22045e-12
4.44089e-13
1.77636e-12
0
-8.88178e-13
2.22045e-12
1.77636e-12
-4.44089e-13
0
4.44089e-13
-3.55271e-12
-2.66454e-12
0
2.22045e-12
0
-3.9968e-12
8.88178e-13
-8.88178e-13
0
0
-1.33227e-12
1.33227e-12
3.55271e-12
1.77636e-12
0
-1.33227e-12
2.22045e-12
2.22045e-12
-2.66454e-12
-1.33227e-12
3.9968e-12
-2.66454e-12
4.44089e-13
0
-1.77636e-12
4.44089e-13
2.22045e-12
-4.44089e-13
-1.77636e-12
1.33227e-12
2.22045e-12
-1.77636e-12
-3.55271e-12
-8.88178e-13
0
1.77636e-12
-4.44089e-13
3.9968e-12
0
-3.55271e-12
5.32907e-12
-4.44089e-13
0
0
-8.88178e-13
0
3.10862e-12
4.44089e-13
-2.22045e-12
4.88498e-12
8.88178e-13
-5.77316e-12
0
0
0
0
3.55271e-12
-8.88178e-13
-2.22045e-12
4.44089e-13
3.55271e-12
-8.88178e-13
-1.77636e-12
-3.10862e-12
-4.44089e-13
4.44089e-12
-8.88178e-13
4.44089e-13
3.55271e-12
0
-3.55271e-12
-1.77636e-12
3.10862e-12
0
-1.77636e-12
0
-1.33227e-12
8.88178e-13
3.9968e-12
2.66454e-12
-4.44089e-13
4.44089e-13
-3.55271e-12
-4.44089e-13
-4.44089e-13
8.88178e-13
1.77636e-12
4.44089e-13
1.33227e-12
3.10862e-12
-8.88178e-13
-1.33227e-12
0
0
0
-2.22045e-12
1.77636e-12
8.88178e-13
-3.10862e-12
-4.44089e-13
2.66454e-12
1.33227e-12
-2.22045e-12
0
3.10862e-12
1.33227e-12
8.88178e-13
1.77636e-12
4.44089e-13
-2.22045e-12
0
2.66454e-12
-2.66454e-12
-4.44089e-13
8.88178e-13
-3.9968e-12
-3.55271e-12
0
0
-4.44089e-13
4.44089e-13
1.77636e-12
2.66454e-12
-8.88178e-13
-1.77636e-12
8.88178e-13
3.10862e-12
3.9968e-12
0
-3.55271e-12
-3.55271e-12
3.9968e-12
8.88178e-13
4.44089e-13
-1.33227e-12
-4.44089e-13
4.44089e-13
1.33227e-12
-8.88178e-13
8.88178e-13
2.22045e-12
-1.77636e-12
-2.66454e-12
0
1.33227e-12
0
0
5.77316e-12
0
0
3.55271e-12
-2.22045e-12
2.22045e-12
-3.55271e-12
-2.22045e-12
5.77316e-12
8.88178e-13
-4.44089e-12
-2.66454e-12
4.44089e-13
5.77316e-12
0
-4.88498e-12
-1.33227e-12
4.44089e-13
0
1.33227e-12
0
-1.33227e-12
0
3.10862e-12
8.88178e-13
-1.77636e-12
0
-8.88178e-13
-8.88178e-13
-8.88178e-13
8.88178e-13
-1.33227e-12
-4.44089e-13
8.88178e-13
-4.44089e-13
-4.44089e-13
2.66454e-12
0
-2.22045e-12
1.77636e-12
1.77636e-12
0
-4.44089e-13
-8.88178e-13
1.33227e-12
-1.77636e-12
0
0
0
0
3.9968e-12
0
0
1.33227e-12
-1.33227e-12
-1.77636e-12
-2.22045e-12
0
0
3.55271e-12
1.33227e-12
0
0
0
0
-3.55271e-12
2.22045e-12
4.44089e-12
-1.77636e-12
0
3.9968e-12
0
0
1.33227e-12
-3.55271e-12
0
-4.44089e-13
0
0
-1.77636e-12
2.22045e-12
4.44089e-13
-3.9968e-12
1.77636e-12
-1.77636e-12
0
8.88178e-13
-1.33227e-12
2.22045e-12
-1.77636e-12
0
-1.77636e-12
3.55271e-12
-1.77636e-12
-3.55271e-12
0
3.55271e-12
3.9968e-12
8.88178e-13
-4.88498e-12
1.77636e-12
0
-1.77636e-12
8.88178e-13
0
8.88178e-13
0
-1.77636e-12
0
0
0
-4.44089e-13
4.44089e-13
-4.44089e-13
4.44089e-13
8.88178e-13
0
-8.88178e-13
8.88178e-13
4.44089e-13
0
-4.44089e-13
0
0
0
-4.44089e-13
0
8.88178e-13
0
4.44089e-13
-4.44089e-13
-8.88178e-13
0
3.9968e-12
-4.44089e-13
4.44089e-13
8.88178e-13
8.88178e-13
5.77316e-12
5.32907e-12
0
0
4.44089e-12
0
0
-5.77316e-12
0
6.66134e-12
1.33227e-12
-1.77636e-12
8.88178e-13
6.21725e-12
4.44089e-12
0
0
-4.44089e-12
0
5.32907e-12
1.33227e-12
0
-4.44089e-13
0
4.44089e-13
5.32907e-12
-8.88178e-13
-4.44089e-13
-4.44089e-13
0
4.88498e-12
0
8.88178e-13
0
0
-8.88178e-13
0
8.88178e-13
-4.44089e-13
3.9968e-12
4.44089e-12
-1.77636e-12
-4.44089e-13
6.21725e-12
5.77316e-12
0
0
-4.44089e-13
0
1.33227e-12
1.33227e-12
-3.55271e-12
-4.44089e-13
5.77316e-12
4.44089e-13
0
0
-5.77316e-12
0
0
-6.21725e-12
0
-4.44089e-13
0
4.44089e-13
-4.44089e-13
4.44089e-13
8.88178e-13
0
-8.88178e-13
8.88178e-13
-8.88178e-13
2.22045e-12
0
0
0
0
-4.44089e-13
-2.22045e-12
4.88498e-12
7.99361e-12
-3.9968e-12
-8.88178e-13
8.88178e-13
-8.88178e-13
2.66454e-12
-4.44089e-13
-3.9968e-12
0
3.9968e-12
2.22045e-12
1.77636e-12
-1.33227e-12
0
1.33227e-12
-4.44089e-13
0
-1.33227e-12
0
1.77636e-12
0
-1.33227e-12
8.88178e-13
-8.88178e-13
-8.88178e-13
2.66454e-12
-4.44089e-13
-2.22045e-12
0
2.22045e-12
2.22045e-12
-1.77636e-12
8.88178e-13
0
-8.88178e-13
1.77636e-12
0
0
8.88178e-13
5.32907e-12
4.44089e-12
1.33227e-12
-1.33227e-12
-4.44089e-13
1.33227e-12
1.77636e-12
0
0
0
8.88178e-13
3.55271e-12
-1.33227e-12
-8.88178e-13
1.77636e-12
8.88178e-13
-3.9968e-12
4.44089e-13
2.66454e-12
0
1.33227e-12
0
-1.33227e-12
-3.55271e-12
4.44089e-13
1.33227e-12
1.77636e-12
0
0
0
-8.88178e-13
1.77636e-12
0
-4.44089e-12
-4.44089e-13
0
0
0
0
0
4.88498e-12
5.77316e-12
-1.77636e-12
8.88178e-13
1.33227e-12
4.88498e-12
0
-5.32907e-12
-4.44089e-13
4.44089e-13
4.44089e-13
0
4.44089e-13
-1.77636e-12
-2.22045e-12
3.9968e-12
0
-2.66454e-12
2.22045e-12
0
4.44089e-12
7.54952e-12
4.44089e-13
0
2.22045e-12
-2.22045e-12
-3.55271e-12
0
3.55271e-12
0
-1.33227e-12
1.77636e-12
1.77636e-12
2.22045e-12
-2.22045e-12
0
2.22045e-12
-2.22045e-12
0
-4.44089e-13
1.33227e-12
4.88498e-12
0
4.44089e-12
0
-4.44089e-12
0
0
4.44089e-12
0
-1.33227e-12
3.55271e-12
0
2.66454e-12
0
-2.66454e-12
0
0
-8.88178e-13
3.10862e-12
2.22045e-12
0
0
4.44089e-13
3.9968e-12
-4.44089e-12
-1.77636e-12
3.9968e-12
2.22045e-12
0
-1.33227e-12
-4.44089e-13
-2.22045e-12
-3.55271e-12
2.22045e-12
1.77636e-12
-4.44089e-13
2.66454e-12
0
-1.77636e-12
-4.44089e-13
1.77636e-12
-2.22045e-12
4.44089e-13
3.9968e-12
-4.44089e-12
-1.77636e-12
3.9968e-12
2.22045e-12
-2.22045e-12
-8.88178e-13
1.33227e-12
0
1.33227e-12
-1.33227e-12
0
0
-8.88178e-13
8.88178e-13
0
5.32907e-12
6.21725e-12
0
-8.88178e-13
8.88178e-13
0
0
4.44089e-13
3.9968e-12
0
0
3.9968e-12
-4.44089e-13
-1.33227e-12
0
1.33227e-12
-4.44089e-13
0
8.88178e-13
0
8.88178e-13
4.44089e-13
0
1.33227e-12
0
-8.88178e-13
-4.44089e-13
0
8.88178e-13
0
3.55271e-12
4.44089e-12
-3.10862e-12
-8.88178e-13
1.77636e-12
3.10862e-12
-4.44089e-13
4.44089e-13
0
0
4.88498e-12
3.9968e-12
-8.88178e-13
3.9968e-12
-3.10862e-12
-8.88178e-13
3.10862e-12
-3.55271e-12
4.44089e-13
8.88178e-13
0
3.9968e-12
0
-2.22045e-12
-3.9968e-12
1.33227e-12
1.33227e-12
0
8.88178e-13
-2.22045e-12
1.33227e-12
4.88498e-12
0
1.77636e-12
1.33227e-12
8.88178e-13
-3.9968e-12
1.77636e-12
1.33227e-12
0
2.66454e-12
-8.88178e-13
0
-3.10862e-12
3.9968e-12
1.33227e-12
-3.9968e-12
-1.33227e-12
3.9968e-12
3.10862e-12
0
0
2.22045e-12
-1.77636e-12
-3.9968e-12
1.33227e-12
4.44089e-13
0
1.77636e-12
-2.22045e-12
1.33227e-12
4.88498e-12
-3.55271e-12
8.88178e-13
0
0
-8.88178e-13
0
1.77636e-12
0
2.22045e-12
4.44089e-12
4.44089e-13
0
0
-4.44089e-13
0
0
4.44089e-13
0
0
0
2.66454e-12
-1.77636e-12
-2.22045e-12
3.9968e-12
-4.44089e-13
-2.22045e-12
-1.77636e-12
2.22045e-12
8.43769e-12
5.32907e-12
0
4.44089e-12
3.9968e-12
-4.44089e-12
-1.33227e-12
0
1.77636e-12
0
-1.33227e-12
3.55271e-12
3.55271e-12
2.22045e-12
-1.77636e-12
1.77636e-12
0
-1.77636e-12
-4.44089e-13
-2.22045e-12
1.33227e-12
4.88498e-12
-3.10862e-12
-8.88178e-13
0
-2.22045e-12
3.10862e-12
-4.44089e-13
0
-4.44089e-13
8.88178e-13
3.55271e-12
-4.44089e-13
-1.77636e-12
-1.77636e-12
1.77636e-12
0
0
4.44089e-13
4.44089e-13
0
1.77636e-12
3.9968e-12
1.33227e-12
-8.88178e-13
-2.22045e-12
0
0
1.77636e-12
4.44089e-13
0
2.22045e-12
1.33227e-12
-1.77636e-12
-1.77636e-12
1.77636e-12
1.77636e-12
-2.22045e-12
-1.33227e-12
0
1.33227e-12
8.88178e-13
-3.55271e-12
2.22045e-12
1.77636e-12
-3.10862e-12
8.88178e-13
2.22045e-12
0
0
-8.88178e-13
-8.88178e-13
4.88498e-12
0
-3.55271e-12
3.55271e-12
0
-3.9968e-12
4.44089e-13
0
3.9968e-12
5.32907e-12
-1.33227e-12
-3.10862e-12
1.33227e-12
4.88498e-12
-8.88178e-13
-4.44089e-12
4.44089e-13
0
5.32907e-12
6.21725e-12
-1.77636e-12
-2.22045e-12
3.9968e-12
-8.88178e-13
-2.22045e-12
3.10862e-12
8.88178e-13
0
0
-4.44089e-13
0
2.66454e-12
0
-4.44089e-13
-2.22045e-12
4.44089e-13
2.22045e-12
0
3.55271e-12
3.10862e-12
-4.44089e-13
1.33227e-12
-8.88178e-13
0
3.55271e-12
-8.88178e-13
0
-3.10862e-12
3.9968e-12
7.99361e-12
0
0
0
-1.77636e-12
1.33227e-12
-8.88178e-13
-3.9968e-12
0
3.9968e-12
1.77636e-12
2.22045e-12
-3.10862e-12
0
3.10862e-12
-3.10862e-12
0
3.10862e-12
0
3.9968e-12
3.10862e-12
1.77636e-12
-1.33227e-12
0
1.33227e-12
-1.77636e-12
4.44089e-13
0
0
4.44089e-12
3.9968e-12
-1.77636e-12
-1.33227e-12
1.33227e-12
0
0
8.88178e-13
-3.10862e-12
4.44089e-13
3.55271e-12
8.88178e-13
1.33227e-12
-2.22045e-12
0
3.10862e-12
-1.77636e-12
4.44089e-13
-4.44089e-13
0
4.88498e-12
3.9968e-12
4.44089e-13
8.88178e-13
0
-8.88178e-13
8.88178e-13
4.44089e-13
0
0
3.9968e-12
3.9968e-12
-8.88178e-13
-5.77316e-12
6.21725e-12
5.77316e-12
0
0
-4.44089e-13
0
1.33227e-12
1.33227e-12
2.22045e-12
2.22045e-12
-2.66454e-12
4.44089e-13
0
-2.66454e-12
2.66454e-12
2.22045e-12
-4.44089e-13
4.44089e-13
0
2.66454e-12
0
1.33227e-12
-4.44089e-12
0
2.66454e-12
0
4.88498e-12
3.9968e-12
8.88178e-13
-8.88178e-13
1.33227e-12
0
4.44089e-13
4.44089e-13
8.88178e-13
0
0
8.88178e-13
0
4.44089e-12
1.77636e-12
-2.22045e-12
4.44089e-13
-2.22045e-12
-3.55271e-12
0
2.22045e-12
3.9968e-12
-2.66454e-12
-1.77636e-12
2.66454e-12
1.33227e-12
0
0
0
-4.44089e-13
3.10862e-12
4.88498e-12
1.77636e-12
-3.10862e-12
0
3.10862e-12
-3.10862e-12
0
-1.33227e-12
0
7.54952e-12
3.9968e-12
4.44089e-13
-1.77636e-12
-4.44089e-13
1.77636e-12
-1.33227e-12
-4.44089e-12
4.44089e-13
3.55271e-12
8.88178e-13
8.88178e-13
-3.10862e-12
1.33227e-12
2.66454e-12
-2.22045e-12
1.77636e-12
-4.44089e-13
-8.88178e-13
3.55271e-12
1.33227e-12
8.88178e-13
-3.10862e-12
4.44089e-13
-1.77636e-12
0
1.33227e-12
0
-8.88178e-13
0
8.88178e-13
4.44089e-13
3.55271e-12
0
-3.55271e-12
-4.44089e-13
4.44089e-13
-4.44089e-13
4.44089e-13
-4.44089e-13
0
4.44089e-13
8.88178e-13
0
4.44089e-13
8.88178e-13
-1.33227e-12
-3.9968e-12
4.44089e-13
3.9968e-12
8.88178e-13
0
-2.22045e-12
-3.55271e-12
2.22045e-12
4.44089e-12
-4.44089e-13
0
0
0
4.44089e-13
0
-3.9968e-12
-1.33227e-12
3.55271e-12
3.55271e-12
-1.77636e-12
-4.44089e-13
1.33227e-12
8.88178e-13
2.66454e-12
3.9968e-12
-1.33227e-12
-8.88178e-13
8.88178e-13
0
0
1.77636e-12
-1.77636e-12
0
1.33227e-12
0
1.77636e-12
2.66454e-12
1.77636e-12
-8.88178e-13
0
-2.66454e-12
-8.88178e-13
3.55271e-12
1.33227e-12
8.88178e-13
-2.66454e-12
-1.33227e-12
3.55271e-12
-2.22045e-12
0
3.9968e-12
-1.77636e-12
4.44089e-13
1.33227e-12
-4.44089e-13
1.33227e-12
2.22045e-12
-2.66454e-12
4.44089e-13
2.22045e-12
-2.66454e-12
-8.88178e-13
1.33227e-12
1.77636e-12
2.66454e-12
0
-8.88178e-13
3.55271e-12
-2.22045e-12
-4.44089e-13
3.10862e-12
1.33227e-12
0
0
-4.44089e-13
-3.9968e-12
1.77636e-12
0
3.55271e-12
0
-3.55271e-12
-4.44089e-13
0
4.44089e-13
0
-1.33227e-12
-4.44089e-13
6.21725e-12
5.77316e-12
0
0
-4.44089e-13
0
1.33227e-12
1.33227e-12
-4.44089e-13
0
2.22045e-12
-1.77636e-12
-1.77636e-12
2.66454e-12
1.33227e-12
0
0
0
0
4.44089e-12
0
-2.22045e-12
1.77636e-12
0
-3.10862e-12
0
3.10862e-12
8.88178e-13
8.88178e-13
-8.88178e-13
1.33227e-12
0
4.44089e-13
4.44089e-13
-1.33227e-12
4.44089e-13
1.77636e-12
8.88178e-13
8.88178e-13
4.44089e-12
-8.88178e-13
0
8.88178e-13
0
-4.44089e-12
0
4.44089e-12
4.44089e-13
-3.55271e-12
0
3.55271e-12
-3.55271e-12
-4.44089e-13
3.9968e-12
-3.9968e-12
-1.33227e-12
3.55271e-12
-8.88178e-13
-8.88178e-13
3.55271e-12
3.10862e-12
-2.22045e-12
-1.77636e-12
3.9968e-12
0
0
1.33227e-12
0
2.22045e-12
-2.66454e-12
0
3.9968e-12
-1.33227e-12
-4.44089e-13
1.77636e-12
0
0
-4.44089e-13
4.44089e-13
-2.66454e-12
3.55271e-12
-8.88178e-13
-1.77636e-12
3.9968e-12
-3.10862e-12
-8.88178e-13
3.55271e-12
-8.88178e-13
1.33227e-12
4.44089e-13
-8.88178e-13
1.77636e-12
0
-2.66454e-12
-8.88178e-13
0
5.77316e-12
5.77316e-12
-3.9968e-12
-2.22045e-12
6.21725e-12
2.22045e-12
0
0
-4.44089e-13
0
-5.32907e-12
-6.21725e-12
4.44089e-12
5.32907e-12
-5.32907e-12
0
4.44089e-13
-5.32907e-12
8.88178e-13
-4.44089e-13
3.9968e-12
4.88498e-12
0
8.88178e-13
0
-8.88178e-13
8.88178e-13
0
0
0
0
1.33227e-12
2.22045e-12
4.44089e-13
-1.33227e-12
-8.88178e-13
8.88178e-13
-8.88178e-13
0
8.88178e-13
0
0
1.77636e-12
1.77636e-12
-4.44089e-13
-1.33227e-12
0
0
-1.33227e-12
0
1.33227e-12
0
4.44089e-12
8.88178e-13
-4.88498e-12
0
0
-4.44089e-13
4.44089e-13
4.44089e-13
3.9968e-12
3.9968e-12
-3.9968e-12
0
8.88178e-13
4.44089e-13
-4.44089e-13
4.44089e-13
-1.33227e-12
0
1.33227e-12
0
-4.44089e-13
4.44089e-13
4.44089e-13
-4.44089e-13
2.66454e-12
1.33227e-12
-3.9968e-12
0
4.44089e-12
3.9968e-12
4.44089e-13
-1.33227e-12
-8.88178e-13
-4.44089e-13
4.44089e-12
-4.44089e-13
-3.55271e-12
6.21725e-12
0
-4.44089e-12
-3.9968e-12
-8.88178e-13
4.44089e-12
-3.55271e-12
-4.44089e-12
0
0
0
0
0
)
;

boundaryField
{
    frontAndBack
    {
        type            calculated;
        value           nonuniform List<scalar> 
600
(
-499.8
-499.8
-499.8
-499.8
-499.8
-499.8
-499.8
-499.8
-499.8
-499.8
-0.199874
-0.199874
-0.199874
-0.199874
-0.199874
-0.199874
-0.199874
-0.199874
-0.199874
-0.199874
-4.19691e-05
-4.19691e-05
-4.19691e-05
-4.19691e-05
-4.19691e-05
-4.19691e-05
-4.19691e-05
-4.19691e-05
-4.19691e-05
-4.19691e-05
-6.15774e-09
-6.15907e-09
-6.16085e-09
-6.15374e-09
-6.15863e-09
-6.16085e-09
-6.15685e-09
-6.15907e-09
-6.15952e-09
-6.15819e-09
-3.9968e-12
-8.88178e-13
-3.10862e-12
8.88178e-13
-8.88178e-13
8.88178e-13
-4.44089e-13
-3.55271e-12
-8.88178e-13
-3.55271e-12
0
0
0
-4.44089e-12
1.77636e-12
0
0
-8.88178e-13
-1.77636e-12
3.55271e-12
3.9968e-12
8.88178e-13
0
4.44089e-13
4.44089e-12
-8.88178e-13
2.22045e-12
3.9968e-12
-1.33227e-12
-3.55271e-12
0
0
3.10862e-12
-4.44089e-13
1.77636e-12
3.55271e-12
0
4.44089e-13
0
-3.9968e-12
0
0
-4.44089e-13
-3.55271e-12
-3.9968e-12
4.44089e-13
-4.44089e-12
-4.44089e-12
-1.33227e-12
0
0
4.44089e-13
-1.33227e-12
8.88178e-13
-1.77636e-12
-2.66454e-12
4.44089e-12
-4.44089e-13
-8.88178e-13
6.21725e-12
-499.8
-499.8
-499.8
-499.8
-499.8
-499.8
-499.8
-499.8
-499.8
-499.8
-0.199874
-0.199874
-0.199874
-0.199874
-0.199874
-0.199874
-0.199874
-0.199874
-0.199874
-0.199874
-4.19691e-05
-4.19691e-05
-4.19691e-05
-4.19691e-05
-4.19691e-05
-4.19691e-05
-4.19691e-05
-4.19691e-05
-4.19691e-05
-4.19692e-05
-6.15819e-09
-6.15907e-09
-6.15907e-09
-6.15419e-09
-6.15952e-09
-6.15774e-09
-6.1573e-09
-6.1573e-09
-6.15819e-09
-6.15996e-09
-3.55271e-12
-2.22045e-12
-5.32907e-12
-1.77636e-12
-1.33227e-12
-3.55271e-12
-3.9968e-12
-2.66454e-12
-4.88498e-12
4.44089e-13
0
0
8.88178e-13
0
0
-1.33227e-12
4.44089e-13
-1.33227e-12
-1.77636e-12
-4.44089e-13
4.44089e-13
0
0
8.88178e-13
0
4.44089e-13
0
0
1.77636e-12
-3.9968e-12
-4.44089e-13
-4.44089e-13
8.88178e-13
-3.10862e-12
1.77636e-12
8.88178e-13
0
1.33227e-12
1.77636e-12
4.44089e-12
-3.9968e-12
0
0
0
0
8.88178e-13
-2.22045e-12
-4.44089e-13
-1.77636e-12
5.32907e-12
4.44089e-13
6.21725e-12
-8.88178e-13
8.88178e-13
-1.77636e-12
0
-1.33227e-12
-8.88178e-13
1.77636e-12
-4.44089e-12
1.77636e-12
-8.88178e-13
0
4.44089e-13
8.88178e-13
0
4.44089e-13
0
3.10862e-12
4.44089e-12
1.33227e-12
4.44089e-13
-4.44089e-13
0
0
4.44089e-12
-4.44089e-12
0
4.44089e-13
0
-2.66454e-12
1.33227e-12
4.44089e-13
0
-8.88178e-13
0
-4.44089e-13
2.66454e-12
0
-8.88178e-13
3.9968e-12
0
-4.44089e-13
0
4.88498e-12
-3.55271e-12
0
4.44089e-13
4.44089e-12
0
-3.55271e-12
3.10862e-12
4.44089e-13
-4.44089e-13
8.88178e-13
-4.44089e-13
4.44089e-13
1.77636e-12
-8.88178e-13
4.44089e-13
8.88178e-13
-8.88178e-13
-8.88178e-13
1.33227e-12
-5.32907e-12
-4.44089e-13
0
-8.88178e-13
-4.88498e-12
-2.22045e-12
0
-3.9968e-12
0
0
0
3.10862e-12
0
-3.55271e-12
-4.44089e-13
1.77636e-12
-2.66454e-12
1.77636e-12
4.44089e-13
-8.88178e-13
4.44089e-13
1.33227e-12
4.44089e-13
0
-4.44089e-13
-3.55271e-12
5.32907e-12
0
0
-4.44089e-13
0
-3.9968e-12
0
0
4.44089e-13
-2.22045e-12
-3.55271e-12
-8.88178e-13
0
0
-4.44089e-13
0
-4.44089e-13
0
0
5.77316e-12
0
8.88178e-13
1.33227e-12
-8.88178e-13
1.77636e-12
0
3.55271e-12
0
-1.77636e-12
-1.77636e-12
5.77316e-12
-4.44089e-12
0
8.88178e-13
1.77636e-12
3.9968e-12
1.33227e-12
3.9968e-12
2.22045e-12
0
0
-2.66454e-12
-1.33227e-12
-1.33227e-12
0
0
0
0
4.44089e-13
-1.77636e-12
0
4.44089e-13
0
-4.44089e-13
-4.44089e-13
0
0
0
-3.9968e-12
3.55271e-12
3.55271e-12
5.77316e-12
3.10862e-12
8.88178e-13
-8.88178e-13
1.33227e-12
0
1.33227e-12
1.77636e-12
-1.77636e-12
-2.22045e-12
0
8.88178e-13
-4.44089e-13
1.33227e-12
-1.33227e-12
0
-3.55271e-12
-1.77636e-12
-3.55271e-12
2.22045e-12
-4.88498e-12
-1.77636e-12
-4.44089e-13
-1.77636e-12
-1.77636e-12
-3.55271e-12
0
0
0
-3.55271e-12
-1.33227e-12
0
2.66454e-12
0
-2.22045e-12
2.22045e-12
-4.44089e-13
8.88178e-13
3.55271e-12
-2.22045e-12
4.44089e-13
-8.88178e-13
0
0
0
4.44089e-12
0
-1.33227e-12
3.9968e-12
5.77316e-12
0
-8.88178e-13
-2.22045e-12
0
0
-1.77636e-12
0
2.22045e-12
8.88178e-13
-4.88498e-12
0
4.44089e-13
4.44089e-13
5.32907e-12
-1.77636e-12
0
0
-1.77636e-12
-3.55271e-12
1.77636e-12
0
0
-4.44089e-13
0
8.88178e-13
-4.44089e-13
8.88178e-13
-4.44089e-13
-4.44089e-13
0
-4.44089e-13
-4.44089e-13
-8.88178e-13
0
6.21725e-12
0
0
6.21725e-12
5.77316e-12
-1.77636e-12
4.44089e-13
0
0
4.44089e-12
4.44089e-12
4.44089e-13
0
5.77316e-12
4.44089e-13
8.88178e-13
-4.44089e-13
0
3.9968e-12
0
0
5.32907e-12
-8.88178e-13
0
0
0
4.44089e-13
0
-4.44089e-13
0
0
-8.88178e-13
0
0
0
8.88178e-13
8.88178e-13
-4.44089e-13
4.44089e-13
-5.77316e-12
-4.44089e-12
-4.44089e-13
8.88178e-13
-4.44089e-13
-5.77316e-12
0
0
0
8.88178e-13
0
0
-4.44089e-13
-4.44089e-13
0
0
-1.77636e-12
-8.88178e-13
8.88178e-13
8.88178e-13
6.66134e-12
5.32907e-12
0
3.9968e-12
1.33227e-12
0
0
8.88178e-13
0
5.77316e-12
1.33227e-12
1.33227e-12
4.88498e-12
4.44089e-12
1.33227e-12
-6.21725e-12
-3.9968e-12
4.44089e-12
0
2.22045e-12
1.77636e-12
4.44089e-12
-3.9968e-12
-4.44089e-13
4.44089e-13
-3.9968e-12
-2.22045e-12
5.32907e-12
8.88178e-13
4.44089e-13
1.77636e-12
8.88178e-13
0
4.44089e-13
-1.33227e-12
-8.88178e-13
6.21725e-12
-5.32907e-12
0
-1.33227e-12
-4.44089e-13
-4.88498e-12
8.88178e-13
4.44089e-13
-8.88178e-13
4.44089e-12
2.22045e-12
0
-8.88178e-13
-8.88178e-13
-1.33227e-12
0
4.44089e-13
-4.44089e-13
-4.44089e-13
-3.55271e-12
0
4.44089e-13
8.88178e-13
8.88178e-13
0
0
-4.44089e-13
2.66454e-12
4.44089e-12
-4.44089e-12
0
-5.32907e-12
0
-8.88178e-13
0
-4.44089e-13
4.44089e-13
1.33227e-12
-4.44089e-13
0
-4.44089e-13
8.88178e-13
0
0
-1.33227e-12
4.44089e-13
-1.33227e-12
-3.9968e-12
-3.55271e-12
0
0
-4.44089e-13
0
8.88178e-13
0
4.44089e-13
0
0
6.21725e-12
0
-5.32907e-12
3.9968e-12
0
0
1.33227e-12
3.9968e-12
1.33227e-12
4.44089e-12
0
0
-6.21725e-12
4.88498e-12
1.33227e-12
0
0
3.9968e-12
0
3.9968e-12
-4.44089e-12
0
)
;
    }
    left
    {
        type            calculated;
        value           nonuniform List<scalar> 
100
(
-999.201
-999.201
-999.201
-999.201
-999.201
-999.201
-999.201
-999.201
-999.201
-999.201
-999.201
-999.201
-999.201
-999.201
-999.201
-999.201
-999.201
-999.201
-999.201
-999.201
-999.201
-999.201
-999.201
-999.201
-999.201
-999.201
-999.201
-999.201
-999.201
-999.201
-999.201
-999.201
-999.201
-999.201
-999.201
-999.201
-999.201
-999.201
-999.201
-999.201
-999.201
-999.201
-999.201
-999.201
-999.201
-999.201
-999.201
-999.201
-999.201
-999.201
-999.201
-999.201
-999.201
-999.201
-999.201
-999.201
-999.201
-999.201
-999.201
-999.201
-999.201
-999.201
-999.201
-999.201
-999.201
-999.201
-999.201
-999.201
-999.201
-999.201
-999.201
-999.201
-999.201
-999.201
-999.201
-999.201
-999.201
-999.201
-999.201
-999.201
-999.201
-999.201
-999.201
-999.201
-999.201
-999.201
-999.201
-999.201
-999.201
-999.201
-999.201
-999.201
-999.201
-999.201
-999.201
-999.201
-999.201
-999.201
-999.201
-999.201
)
;
    }
    right
    {
        type            calculated;
        value           uniform 0;
    }
    lowerWall
    {
        type            calculated;
        value           nonuniform List<scalar> 
300
(
-499.8
-499.8
-499.8
-499.8
-499.8
-499.8
-499.8
-499.8
-499.8
-499.8
-0.199874
-0.199874
-0.199874
-0.199874
-0.199874
-0.199874
-0.199874
-0.199874
-0.199874
-0.199874
-4.19691e-05
-4.19691e-05
-4.19691e-05
-4.19691e-05
-4.19691e-05
-4.19691e-05
-4.19691e-05
-4.19691e-05
-4.19691e-05
-4.19691e-05
-6.15774e-09
-6.15819e-09
-6.16085e-09
-6.15774e-09
-6.15907e-09
-6.16085e-09
-6.15774e-09
-6.15508e-09
-6.16129e-09
-6.15819e-09
-3.9968e-12
-4.88498e-12
-3.10862e-12
-2.22045e-12
-4.88498e-12
-3.10862e-12
-3.10862e-12
-4.44089e-12
-4.44089e-13
-3.55271e-12
0
0
0
-8.88178e-13
1.77636e-12
2.66454e-12
0
0
0
0
3.9968e-12
5.77316e-12
0
3.55271e-12
4.88498e-12
-4.44089e-13
1.33227e-12
3.9968e-12
-1.33227e-12
4.44089e-13
0
4.44089e-13
3.10862e-12
0
1.33227e-12
0
-4.44089e-13
-3.55271e-12
0
-4.44089e-13
0
-5.32907e-12
-4.44089e-13
-3.55271e-12
-3.9968e-12
8.88178e-13
-8.88178e-13
0
-1.33227e-12
-3.9968e-12
0
0
-1.33227e-12
8.88178e-13
-3.10862e-12
-2.66454e-12
-8.88178e-13
-4.44089e-13
-8.88178e-13
4.44089e-13
1.77636e-12
-8.88178e-13
0
4.44089e-13
0
0
1.33227e-12
-4.44089e-12
3.10862e-12
0
1.33227e-12
4.44089e-13
-4.44089e-13
-4.44089e-13
8.88178e-13
4.44089e-12
4.44089e-13
4.44089e-13
4.44089e-13
5.77316e-12
-2.66454e-12
3.10862e-12
4.44089e-13
0
1.33227e-12
-1.33227e-12
4.44089e-13
-4.44089e-13
-2.22045e-12
0
3.9968e-12
-8.88178e-13
4.88498e-12
0
0
-3.10862e-12
4.88498e-12
0
4.88498e-12
0
-3.55271e-12
2.22045e-12
-8.88178e-13
0
0
3.9968e-12
0
1.33227e-12
8.88178e-13
3.55271e-12
8.88178e-13
-8.88178e-13
-4.44089e-12
2.22045e-12
0
-8.88178e-13
-5.77316e-12
-8.88178e-13
-5.77316e-12
-2.22045e-12
0
-3.55271e-12
4.44089e-13
-8.88178e-13
0
0
0
0
0
2.22045e-12
-2.66454e-12
1.33227e-12
0
-8.88178e-13
0
1.33227e-12
8.88178e-13
0
0
-3.55271e-12
5.32907e-12
0
0
-4.44089e-13
0
-3.9968e-12
-4.44089e-13
0
0
-2.22045e-12
-3.55271e-12
-8.88178e-13
-4.44089e-13
0
-4.44089e-13
3.55271e-12
4.44089e-12
8.88178e-13
0
5.77316e-12
-4.88498e-12
0
-1.77636e-12
0
4.44089e-13
-1.33227e-12
-8.88178e-13
3.55271e-12
-1.33227e-12
-3.9968e-12
1.77636e-12
-4.44089e-13
8.88178e-13
-8.88178e-13
0
-3.10862e-12
-5.77316e-12
0
-4.44089e-13
-2.22045e-12
0
0
1.33227e-12
8.88178e-13
0
1.33227e-12
6.21725e-12
-3.55271e-12
6.21725e-12
6.21725e-12
-1.77636e-12
4.44089e-13
4.88498e-12
0
-4.44089e-13
4.88498e-12
5.77316e-12
-4.44089e-13
5.77316e-12
2.22045e-12
8.88178e-13
-4.44089e-13
0
0
0
-8.88178e-13
0
4.44089e-13
0
0
0
4.44089e-13
-5.32907e-12
4.44089e-13
0
-4.44089e-12
0
-4.44089e-13
0
0
8.88178e-13
8.88178e-13
-4.44089e-13
3.9968e-12
4.44089e-13
4.44089e-13
-4.44089e-13
4.44089e-13
-4.44089e-13
-4.44089e-13
0
0
4.44089e-13
0
0
0
0
-4.44089e-13
0
0
-1.77636e-12
-8.88178e-13
4.44089e-13
0
0
5.32907e-12
1.33227e-12
0
1.33227e-12
-5.32907e-12
0
8.88178e-13
0
3.9968e-12
0
6.21725e-12
1.33227e-12
4.44089e-13
1.33227e-12
-6.21725e-12
)
;
    }
    upperWall
    {
        type            calculated;
        value           nonuniform List<scalar> 
300
(
-499.8
-499.8
-499.8
-499.8
-499.8
-499.8
-499.8
-499.8
-499.8
-499.8
-0.199874
-0.199874
-0.199874
-0.199874
-0.199874
-0.199874
-0.199874
-0.199874
-0.199874
-0.199874
-4.19691e-05
-4.19691e-05
-4.19691e-05
-4.19691e-05
-4.19691e-05
-4.19691e-05
-4.19691e-05
-4.19691e-05
-4.19691e-05
-4.19692e-05
-6.15819e-09
-6.15863e-09
-6.15952e-09
-6.15952e-09
-6.15952e-09
-6.16129e-09
-6.15907e-09
-6.15863e-09
-6.16129e-09
-6.15996e-09
-3.55271e-12
-1.77636e-12
-3.55271e-12
-2.66454e-12
-5.32907e-12
-1.33227e-12
-5.32907e-12
-3.55271e-12
-1.77636e-12
4.44089e-13
3.55271e-12
-4.44089e-13
0
3.9968e-12
0
3.55271e-12
0
4.44089e-13
3.55271e-12
-4.44089e-13
-3.55271e-12
3.10862e-12
8.88178e-13
0
1.33227e-12
4.44089e-13
8.88178e-13
0
-4.44089e-13
-3.9968e-12
-3.9968e-12
0
1.33227e-12
-3.55271e-12
-4.44089e-13
0
1.33227e-12
3.55271e-12
-1.77636e-12
4.44089e-12
0
-4.44089e-12
1.33227e-12
0
8.88178e-13
8.88178e-13
1.33227e-12
-4.44089e-13
0
5.32907e-12
6.21725e-12
1.33227e-12
-1.33227e-12
-4.44089e-13
1.77636e-12
-2.66454e-12
-1.33227e-12
-2.66454e-12
-1.77636e-12
-4.44089e-12
4.44089e-12
4.44089e-13
-8.88178e-13
4.44089e-13
-4.44089e-13
8.88178e-13
8.88178e-13
-4.44089e-13
4.44089e-13
-1.77636e-12
0
5.77316e-12
0
0
-8.88178e-13
3.9968e-12
4.44089e-13
3.9968e-12
1.33227e-12
0
-8.88178e-13
-1.33227e-12
0
-8.88178e-13
0
-1.33227e-12
0
0
-8.88178e-13
-1.77636e-12
0
-4.44089e-12
8.88178e-13
4.44089e-13
0
0
-4.44089e-13
-3.55271e-12
8.88178e-13
3.55271e-12
4.44089e-13
4.44089e-13
0
1.33227e-12
3.9968e-12
0
-1.33227e-12
5.32907e-12
2.22045e-12
-1.77636e-12
-2.22045e-12
-4.44089e-13
-8.88178e-13
1.33227e-12
0
-4.44089e-12
4.44089e-13
-4.44089e-13
-1.77636e-12
-3.55271e-12
1.77636e-12
4.44089e-12
0
-4.44089e-13
-3.10862e-12
4.44089e-13
8.88178e-13
0
-2.66454e-12
0
-3.55271e-12
1.33227e-12
0
-8.88178e-13
0
-4.44089e-13
-8.88178e-13
0
0
3.55271e-12
-2.22045e-12
-4.88498e-12
8.88178e-13
3.10862e-12
-8.88178e-13
0
4.88498e-12
-8.88178e-13
1.33227e-12
3.9968e-12
5.77316e-12
3.55271e-12
0
-4.44089e-13
0
4.44089e-13
-8.88178e-13
0
0
8.88178e-13
-3.55271e-12
0
0
-3.55271e-12
4.88498e-12
4.44089e-13
-3.10862e-12
-3.9968e-12
1.33227e-12
-3.9968e-12
-4.44089e-13
-4.44089e-12
1.33227e-12
8.88178e-13
0
8.88178e-13
4.44089e-13
1.77636e-12
4.44089e-13
-8.88178e-13
5.77316e-12
-4.44089e-13
-1.33227e-12
0
-3.55271e-12
0
-1.77636e-12
0
-8.88178e-13
4.44089e-12
4.44089e-13
0
0
0
3.55271e-12
-8.88178e-13
0
3.55271e-12
1.77636e-12
-3.55271e-12
0
0
0
-8.88178e-13
0
8.88178e-13
1.33227e-12
0
0
-4.44089e-12
0
0
-8.88178e-13
0
-3.9968e-12
4.44089e-13
0
-3.55271e-12
-2.66454e-12
0
-5.77316e-12
0
8.88178e-13
1.77636e-12
4.44089e-13
0
-8.88178e-13
-4.44089e-13
-8.88178e-13
0
0
0
0
0
0
0
0
0
0
0
0
4.88498e-12
5.32907e-12
2.22045e-12
3.9968e-12
3.9968e-12
8.88178e-13
4.44089e-13
5.77316e-12
0
-6.21725e-12
5.77316e-12
6.21725e-12
4.44089e-12
5.32907e-12
3.9968e-12
4.44089e-13
0
5.77316e-12
0
)
;
    }
}


// ************************************************************************* //
