/*--------------------------------*- C++ -*----------------------------------*\
  =========                 |
  \\      /  F ield         | OpenFOAM: The Open Source CFD Toolbox
   \\    /   O peration     | Website:  https://openfoam.org
    \\  /    A nd           | Version:  10
     \\/     M anipulation  |
\*---------------------------------------------------------------------------*/
FoamFile
{
    format      ascii;
    class       volScalarField;
    location    "0.1";
    object      gradTz;
}
// * * * * * * * * * * * * * * * * * * * * * * * * * * * * * * * * * * * * * //

dimensions      [0 -1 0 1 0 0 0];

internalField   nonuniform List<scalar> 
3000
(
-8.03801e-11
-8.88178e-13
8.88178e-13
-4.44089e-13
-4.44089e-13
-8.88178e-13
-8.88178e-13
8.88178e-13
-4.44089e-13
-4.44089e-12
-7.9492e-11
1.33227e-12
-1.77636e-12
-8.88178e-13
-1.77636e-12
-3.10862e-12
-1.77636e-12
-8.88178e-13
-3.10862e-12
0
-8.03801e-11
-8.88178e-13
-4.44089e-13
-4.44089e-12
-1.33227e-12
-1.77636e-12
-1.33227e-12
-8.88178e-13
-1.33227e-12
-4.44089e-13
-8.08242e-11
8.88178e-13
0
-2.66454e-12
-3.9968e-12
-3.55271e-12
-1.77636e-12
-4.88498e-12
-1.33227e-12
-2.22045e-12
-7.99361e-11
-1.77636e-12
-4.44089e-13
0
-1.33227e-12
-1.33227e-12
-2.22045e-12
-4.88498e-12
-3.9968e-12
-3.55271e-12
-7.99361e-11
0
-4.44089e-13
3.10862e-12
-1.33227e-12
-1.33227e-12
-2.22045e-12
-8.88178e-13
-2.22045e-12
-8.88178e-13
-7.99361e-11
-4.44089e-13
-4.44089e-13
-3.10862e-12
-1.33227e-12
-4.44089e-12
-4.44089e-13
-4.88498e-12
0
-3.55271e-12
-7.99361e-11
-1.77636e-12
-8.88178e-13
-3.9968e-12
-8.88178e-13
-8.88178e-13
-2.66454e-12
-3.9968e-12
-3.10862e-12
-2.66454e-12
-7.99361e-11
-2.22045e-12
-2.66454e-12
-3.9968e-12
-1.33227e-12
-8.88178e-13
-4.44089e-13
-8.88178e-13
-2.66454e-12
-3.10862e-12
3.55271e-12
1.77636e-12
-8.88178e-13
-4.88498e-12
-1.33227e-12
-2.66454e-12
-4.88498e-12
3.55271e-12
-8.88178e-13
-4.44089e-13
-7.72715e-11
-1.77636e-12
8.88178e-13
-4.44089e-13
-1.77636e-12
0
-1.77636e-12
-3.9968e-12
1.77636e-12
-3.55271e-12
-7.9492e-11
-1.33227e-12
0
3.10862e-12
-3.10862e-12
0
-8.88178e-13
-4.44089e-13
8.88178e-13
-4.44089e-13
-8.08242e-11
0
4.44089e-13
-6.21725e-12
-8.88178e-13
0
-3.10862e-12
0
-5.32907e-12
-3.9968e-12
-7.90479e-11
1.77636e-12
-1.77636e-12
-3.10862e-12
-5.77316e-12
-7.10543e-12
-1.77636e-12
-3.9968e-12
-2.66454e-12
-1.77636e-12
-7.99361e-11
-3.55271e-12
1.77636e-12
-2.22045e-12
-2.66454e-12
-2.66454e-12
-3.9968e-12
-7.99361e-12
-5.32907e-12
-2.66454e-12
-7.77156e-11
1.33227e-12
4.44089e-13
-1.77636e-12
8.88178e-13
-3.55271e-12
-3.10862e-12
8.88178e-13
-5.32907e-12
-1.77636e-12
-7.99361e-11
-4.44089e-13
0
-3.9968e-12
-4.44089e-12
-4.88498e-12
-4.44089e-12
-5.32907e-12
-4.44089e-12
-3.10862e-12
-7.99361e-11
-3.10862e-12
-8.88178e-13
-1.33227e-12
0
4.44089e-13
-3.55271e-12
-5.77316e-12
-4.88498e-12
-2.66454e-12
-7.59393e-11
1.33227e-12
-4.88498e-12
-3.10862e-12
-5.32907e-12
-5.32907e-12
-4.44089e-12
-4.88498e-12
-3.55271e-12
8.88178e-13
3.9968e-12
-2.22045e-12
-1.33227e-12
-4.44089e-12
-1.33227e-12
-5.32907e-12
-5.32907e-12
-1.33227e-12
0
-8.88178e-13
1.77636e-12
1.33227e-12
0
-1.77636e-12
8.88178e-13
4.44089e-13
0
-1.33227e-12
-4.44089e-13
0
0
-1.77636e-12
1.33227e-12
4.44089e-13
0
1.33227e-12
8.88178e-13
-1.33227e-12
3.10862e-12
-1.77636e-12
4.44089e-13
0
-1.77636e-12
0
-4.44089e-13
-2.22045e-12
-8.88178e-13
-3.10862e-12
-8.88178e-13
-1.33227e-12
1.33227e-12
-2.22045e-12
0
3.10862e-12
-2.22045e-12
-1.77636e-12
4.44089e-13
8.88178e-13
0
0
4.44089e-13
0
0
3.55271e-12
3.55271e-12
2.66454e-12
4.44089e-13
-2.66454e-12
2.66454e-12
4.44089e-12
4.44089e-13
4.44089e-13
-2.22045e-12
-3.55271e-12
2.22045e-12
8.88178e-13
3.10862e-12
0
-1.77636e-12
-2.66454e-12
0
1.33227e-12
1.77636e-12
-4.44089e-13
1.33227e-12
2.66454e-12
-1.77636e-12
-3.10862e-12
0
4.44089e-12
4.44089e-13
-1.77636e-12
0
2.66454e-12
-3.10862e-12
-3.55271e-12
2.22045e-12
-4.44089e-13
2.22045e-12
2.66454e-12
0
2.66454e-12
-2.22045e-12
2.22045e-12
-8.88178e-13
-8.88178e-13
-1.77636e-12
8.88178e-13
-1.77636e-12
-1.33227e-12
0
-4.44089e-13
2.22045e-12
0
4.44089e-13
-8.88178e-13
5.32907e-12
-3.9968e-12
1.77636e-12
1.33227e-12
-2.66454e-12
8.88178e-13
-1.77636e-12
0
-8.88178e-13
-1.77636e-12
1.77636e-12
3.55271e-12
0
-1.33227e-12
4.44089e-13
4.44089e-13
-2.22045e-12
0
0
-2.22045e-12
0
4.44089e-13
-3.10862e-12
-3.9968e-12
-2.22045e-12
-2.22045e-12
-2.66454e-12
1.33227e-12
-1.77636e-12
0
0
-3.9968e-12
0
0
0
4.44089e-13
0
0
0
0
1.77636e-12
-2.22045e-12
0
-4.44089e-13
0
0
-1.77636e-12
4.88498e-12
0
0
4.44089e-13
3.55271e-12
0
0
-2.22045e-12
-2.66454e-12
-2.22045e-12
1.33227e-12
-3.10862e-12
0
0
0
8.88178e-13
0
2.22045e-12
0
0
8.88178e-13
8.88178e-13
0
4.44089e-13
1.33227e-12
8.88178e-13
2.66454e-12
-1.77636e-12
2.22045e-12
4.44089e-13
-4.44089e-12
-3.10862e-12
-2.22045e-12
3.55271e-12
-1.77636e-12
3.55271e-12
0
0
0
0
0
0
0
0
3.9968e-12
0
4.44089e-13
-1.77636e-12
0
0
1.33227e-12
0
0
0
0
-2.22045e-12
0
-1.77636e-12
-2.22045e-12
8.88178e-13
1.77636e-12
-8.88178e-13
8.88178e-13
2.22045e-12
-4.44089e-12
2.22045e-12
4.44089e-13
0
-4.44089e-13
4.44089e-13
2.66454e-12
-8.88178e-13
1.33227e-12
-2.22045e-12
8.88178e-13
1.33227e-12
0
-4.44089e-13
0
2.22045e-12
-1.33227e-12
4.44089e-13
0
4.44089e-13
1.77636e-12
-2.66454e-12
-1.77636e-12
-8.88178e-13
1.77636e-12
-1.33227e-12
-2.22045e-12
-2.22045e-12
1.77636e-12
1.77636e-12
-4.44089e-13
-1.33227e-12
2.22045e-12
-8.88178e-13
-2.66454e-12
1.77636e-12
-3.9968e-12
-3.55271e-12
-2.66454e-12
0
3.10862e-12
-1.77636e-12
-3.55271e-12
8.88178e-13
0
0
2.66454e-12
-2.66454e-12
-3.55271e-12
-3.9968e-12
-1.33227e-12
-2.66454e-12
2.22045e-12
-4.44089e-13
-3.55271e-12
-2.22045e-12
0
-3.9968e-12
4.44089e-13
-1.33227e-12
1.77636e-12
-8.88178e-13
-8.88178e-13
-3.10862e-12
8.88178e-13
-4.44089e-13
-8.88178e-13
8.88178e-13
2.22045e-12
-1.77636e-12
-1.33227e-12
-1.77636e-12
-1.33227e-12
2.66454e-12
0
0
-3.55271e-12
-2.66454e-12
0
0
-1.77636e-12
3.55271e-12
-4.44089e-13
1.33227e-12
-1.77636e-12
-4.44089e-13
-2.22045e-12
-1.33227e-12
-4.44089e-13
-1.77636e-12
0
2.22045e-12
-4.44089e-13
0
0
4.44089e-13
-1.77636e-12
1.77636e-12
0
0
-3.10862e-12
-1.77636e-12
-4.44089e-13
-4.44089e-13
4.44089e-13
1.77636e-12
-8.88178e-13
4.44089e-13
0
8.88178e-13
0
2.22045e-12
1.33227e-12
2.22045e-12
2.66454e-12
4.44089e-13
0
0
-4.44089e-12
0
0
-8.88178e-13
2.66454e-12
-2.66454e-12
-2.22045e-12
0
0
0
3.10862e-12
-1.77636e-12
-4.44089e-13
3.55271e-12
1.77636e-12
3.10862e-12
3.9968e-12
4.44089e-13
0
0
-8.88178e-13
0
0
-4.44089e-13
2.66454e-12
3.55271e-12
0
0
3.10862e-12
0
-8.88178e-13
3.10862e-12
-2.22045e-12
1.77636e-12
-1.77636e-12
0
8.88178e-13
4.44089e-13
0
0
1.77636e-12
0
-3.55271e-12
0
0
2.22045e-12
0
0
4.88498e-12
-4.44089e-13
0
-3.10862e-12
0
0
2.66454e-12
-8.88178e-13
-2.66454e-12
4.44089e-13
0
0
2.22045e-12
3.10862e-12
-1.33227e-12
-4.44089e-13
-1.33227e-12
8.88178e-13
8.88178e-13
0
0
0
0
-4.44089e-13
0
1.33227e-12
4.44089e-13
2.22045e-12
2.22045e-12
4.44089e-13
0
4.44089e-12
-8.88178e-13
2.22045e-12
3.9968e-12
-1.33227e-12
3.10862e-12
2.66454e-12
1.77636e-12
-1.33227e-12
-3.55271e-12
2.66454e-12
4.44089e-13
3.55271e-12
0
0
8.88178e-13
0
-4.44089e-13
-4.44089e-13
3.9968e-12
3.10862e-12
3.9968e-12
1.77636e-12
0
-4.44089e-13
-8.88178e-13
1.77636e-12
-1.77636e-12
2.22045e-12
2.66454e-12
4.44089e-13
-3.9968e-12
-3.55271e-12
-1.77636e-12
4.44089e-13
-3.55271e-12
3.10862e-12
3.9968e-12
-4.44089e-13
0
2.66454e-12
3.55271e-12
-2.22045e-12
-2.66454e-12
1.33227e-12
1.33227e-12
8.88178e-13
8.88178e-13
2.66454e-12
-5.32907e-12
3.55271e-12
2.22045e-12
1.77636e-12
-1.33227e-12
1.33227e-12
-4.44089e-13
4.44089e-13
3.9968e-12
0
3.55271e-12
0
-1.77636e-12
-4.44089e-13
-1.33227e-12
-8.88178e-13
-1.33227e-12
4.44089e-12
8.88178e-13
4.44089e-13
-3.55271e-12
-1.33227e-12
-8.88178e-13
-8.88178e-13
3.10862e-12
-4.44089e-13
-1.77636e-12
-1.33227e-12
-8.88178e-13
0
3.9968e-12
-4.44089e-13
-1.33227e-12
8.88178e-13
-4.44089e-13
-3.9968e-12
8.88178e-13
-2.22045e-12
0
-1.77636e-12
3.10862e-12
0
4.44089e-13
-3.10862e-12
0
0
-1.33227e-12
-4.44089e-13
-8.88178e-13
3.55271e-12
0
0
3.55271e-12
0
0
0
0
4.44089e-13
-1.33227e-12
8.88178e-13
4.44089e-13
8.88178e-13
3.55271e-12
0
0
-2.22045e-12
0
1.77636e-12
2.66454e-12
0
-4.44089e-13
0
4.44089e-13
0
0
4.44089e-13
-2.66454e-12
0
0
8.88178e-13
0
1.77636e-12
-3.10862e-12
2.66454e-12
2.22045e-12
-4.44089e-12
-1.77636e-12
-2.22045e-12
-2.22045e-12
0
-3.10862e-12
0
4.44089e-13
1.77636e-12
0
2.66454e-12
-2.66454e-12
0
5.32907e-12
0
-3.55271e-12
0
3.55271e-12
4.44089e-13
0
-2.22045e-12
0
-4.44089e-13
4.44089e-13
0
3.55271e-12
-8.88178e-13
-4.44089e-13
-4.44089e-13
3.55271e-12
-4.44089e-13
4.44089e-13
-4.44089e-13
-8.88178e-13
-1.77636e-12
-3.55271e-12
2.22045e-12
0
3.55271e-12
0
1.33227e-12
8.88178e-13
0
2.66454e-12
0
-4.44089e-13
0
-2.66454e-12
-3.55271e-12
1.33227e-12
2.22045e-12
-8.88178e-13
-2.22045e-12
-1.33227e-12
2.22045e-12
-1.77636e-12
0
1.77636e-12
3.55271e-12
1.33227e-12
0
0
-3.10862e-12
7.99361e-11
0
2.66454e-12
-3.55271e-12
3.55271e-12
-3.55271e-12
4.44089e-13
-4.44089e-13
-3.10862e-12
7.86038e-11
8.21565e-11
8.88178e-13
3.10862e-12
-8.88178e-13
4.44089e-13
-4.44089e-13
4.44089e-13
-1.33227e-12
4.44089e-13
7.81597e-11
7.9492e-11
-1.33227e-12
1.77636e-12
-4.44089e-13
-8.88178e-13
8.88178e-13
0
4.88498e-12
2.66454e-12
8.12683e-11
8.08242e-11
0
-2.66454e-12
7.54952e-12
2.22045e-12
7.10543e-12
2.22045e-12
3.10862e-12
3.55271e-12
7.90479e-11
7.90479e-11
-1.33227e-12
4.44089e-13
-8.88178e-13
-1.33227e-12
2.66454e-12
1.77636e-12
4.44089e-13
1.33227e-12
7.99361e-11
7.9492e-11
-1.77636e-12
4.88498e-12
0
-8.88178e-13
0
2.66454e-12
8.88178e-13
2.22045e-12
8.12683e-11
7.86038e-11
1.33227e-12
1.77636e-12
4.44089e-12
2.22045e-12
4.88498e-12
3.55271e-12
1.77636e-12
8.88178e-13
7.99361e-11
8.08242e-11
-4.44089e-13
3.9968e-12
3.10862e-12
2.22045e-12
1.77636e-12
0
2.66454e-12
3.10862e-12
7.81597e-11
7.99361e-11
4.44089e-13
3.55271e-12
3.9968e-12
2.22045e-12
0
4.44089e-12
3.9968e-12
3.55271e-12
7.77156e-11
8.26006e-11
2.22045e-12
1.77636e-12
1.33227e-12
5.32907e-12
1.33227e-12
4.44089e-13
3.10862e-12
6.66134e-12
-1.33227e-12
8.26006e-11
-3.10862e-12
5.32907e-12
4.44089e-13
2.22045e-12
0
3.9968e-12
0
1.33227e-12
8.08242e-11
8.39329e-11
-1.77636e-12
8.88178e-13
1.77636e-12
4.44089e-13
-8.88178e-13
8.88178e-13
1.33227e-12
3.55271e-12
7.81597e-11
7.81597e-11
1.33227e-12
5.32907e-12
1.33227e-12
1.33227e-12
3.55271e-12
3.10862e-12
3.55271e-12
2.22045e-12
8.39329e-11
8.08242e-11
-4.44089e-13
4.44089e-13
3.9968e-12
2.22045e-12
3.55271e-12
0
4.88498e-12
2.22045e-12
7.9492e-11
8.03801e-11
1.33227e-12
8.88178e-13
2.22045e-12
2.22045e-12
0
-4.44089e-13
1.77636e-12
1.33227e-12
7.9492e-11
7.77156e-11
1.33227e-12
3.9968e-12
3.55271e-12
0
0
1.33227e-12
3.55271e-12
2.22045e-12
7.99361e-11
7.86038e-11
4.44089e-13
8.88178e-13
4.44089e-12
1.77636e-12
3.55271e-12
8.88178e-13
3.9968e-12
-8.88178e-13
8.12683e-11
8.12683e-11
4.44089e-13
3.9968e-12
2.66454e-12
8.88178e-13
8.88178e-13
2.22045e-12
4.44089e-13
-1.33227e-12
7.77156e-11
7.86038e-11
1.33227e-12
5.32907e-12
3.55271e-12
3.9968e-12
2.66454e-12
1.77636e-12
2.22045e-12
3.55271e-12
7.81597e-11
8.39329e-11
4.44089e-13
2.22045e-12
1.77636e-12
4.88498e-12
-1.77636e-12
0
4.88498e-12
4.88498e-12
0
-6.66134e-12
-1.77636e-12
-2.22045e-12
-4.88498e-12
3.55271e-12
-6.66134e-12
0
-3.55271e-12
-4.88498e-12
-3.9968e-12
-8.88178e-13
-8.88178e-13
-4.44089e-13
-1.77636e-12
-3.9968e-12
-8.88178e-13
-8.88178e-13
-4.44089e-13
-4.44089e-13
-2.22045e-12
-3.55271e-12
-1.77636e-12
-4.44089e-12
-1.77636e-12
-4.44089e-13
4.44089e-13
-1.77636e-12
-4.44089e-12
4.44089e-13
-3.9968e-12
-3.9968e-12
-2.22045e-12
-3.9968e-12
-2.22045e-12
0
-2.22045e-12
-1.77636e-12
-1.33227e-12
-1.77636e-12
-2.22045e-12
-1.77636e-12
-1.77636e-12
-2.22045e-12
-7.99361e-12
4.44089e-13
-2.22045e-12
-1.77636e-12
-1.33227e-12
-4.44089e-13
-4.44089e-13
-3.10862e-12
-5.32907e-12
-1.77636e-12
0
0
-8.88178e-13
-5.32907e-12
-3.9968e-12
0
-7.10543e-12
-3.55271e-12
-1.77636e-12
-8.88178e-13
-2.22045e-12
4.44089e-13
-8.88178e-13
4.44089e-13
-1.77636e-12
-2.66454e-12
0
-3.55271e-12
-8.88178e-13
-1.33227e-12
-4.44089e-13
-3.55271e-12
-3.55271e-12
-4.44089e-13
-3.55271e-12
-4.44089e-13
-8.88178e-13
-4.44089e-12
-1.77636e-12
-3.10862e-12
-5.32907e-12
0
-2.22045e-12
4.44089e-13
-3.10862e-12
-4.44089e-13
-7.10543e-12
-4.88498e-12
-1.33227e-12
-4.44089e-12
-6.21725e-12
-3.9968e-12
-4.44089e-12
-1.33227e-12
0
-3.9968e-12
0
-5.77316e-12
-1.33227e-12
-3.55271e-12
-1.33227e-12
-4.44089e-13
-5.77316e-12
-4.44089e-13
-3.55271e-12
-5.32907e-12
4.44089e-13
-1.77636e-12
-2.22045e-12
-3.9968e-12
8.88178e-13
-3.9968e-12
-8.88178e-13
-1.77636e-12
-3.9968e-12
0
0
-1.77636e-12
-3.55271e-12
-1.33227e-12
-1.77636e-12
-2.22045e-12
-3.10862e-12
0
-1.33227e-12
-2.22045e-12
-3.9968e-12
0
-1.33227e-12
-1.33227e-12
-1.33227e-12
-8.88178e-13
-1.77636e-12
-1.77636e-12
-1.77636e-12
-2.66454e-12
0
-1.77636e-12
-3.9968e-12
-8.88178e-13
-9.32587e-12
-4.44089e-12
-8.88178e-13
-3.9968e-12
-2.22045e-12
-4.44089e-12
8.88178e-13
-3.9968e-12
-6.21725e-12
-4.44089e-13
-2.66454e-12
-2.22045e-12
-3.55271e-12
-3.55271e-12
-3.9968e-12
-2.22045e-12
-6.66134e-12
-2.22045e-12
-1.77636e-12
-3.10862e-12
-3.9968e-12
-2.22045e-12
-1.33227e-12
-2.22045e-12
-2.66454e-12
-4.44089e-12
-1.33227e-12
0
-2.66454e-12
-3.55271e-12
-2.22045e-12
-6.66134e-12
0
-4.44089e-12
1.33227e-12
-1.33227e-12
-1.33227e-12
-1.77636e-12
-1.77636e-12
-5.32907e-12
-8.88178e-12
-3.55271e-12
-3.10862e-12
-2.22045e-12
4.44089e-13
-2.22045e-12
-6.66134e-12
-5.77316e-12
-6.66134e-12
-4.44089e-12
-5.77316e-12
-5.32907e-12
-4.44089e-12
-6.66134e-12
-1.33227e-12
-3.55271e-12
0
4.44089e-13
-4.44089e-13
-1.33227e-12
0
-3.55271e-12
2.22045e-12
0
0
-4.44089e-13
3.10862e-12
-2.22045e-12
-8.88178e-13
-3.9968e-12
-8.88178e-13
-3.10862e-12
8.88178e-13
1.77636e-12
-3.9968e-12
0
4.44089e-13
1.33227e-12
0
2.22045e-12
8.88178e-13
-1.33227e-12
-1.33227e-12
0
3.9968e-12
0
1.77636e-12
1.33227e-12
-1.77636e-12
2.66454e-12
4.44089e-13
-3.55271e-12
-1.33227e-12
-2.22045e-12
-4.44089e-13
2.22045e-12
-1.77636e-12
-2.22045e-12
-2.22045e-12
2.22045e-12
2.22045e-12
-3.9968e-12
-8.88178e-13
-2.22045e-12
-2.22045e-12
4.44089e-13
-4.44089e-13
-4.44089e-13
-1.33227e-12
4.44089e-13
-8.88178e-13
-1.33227e-12
1.77636e-12
0
2.22045e-12
-8.88178e-13
-1.77636e-12
2.66454e-12
-2.22045e-12
8.88178e-13
1.33227e-12
-4.44089e-13
-2.66454e-12
-4.44089e-13
8.88178e-13
4.44089e-13
-4.44089e-13
1.77636e-12
1.33227e-12
-1.77636e-12
-4.44089e-13
-3.55271e-12
0
-2.22045e-12
0
-2.66454e-12
-4.44089e-13
0
-4.44089e-13
1.77636e-12
-2.22045e-12
-4.44089e-13
8.88178e-13
-3.9968e-12
3.55271e-12
-2.22045e-12
4.44089e-13
4.44089e-13
-5.32907e-12
0
0
8.88178e-13
2.22045e-12
-4.44089e-12
0
3.55271e-12
-8.88178e-13
-1.33227e-12
0
0
-4.44089e-12
4.44089e-13
0
0
0
0
-1.77636e-12
2.66454e-12
1.77636e-12
1.33227e-12
0
-4.44089e-13
4.44089e-13
1.33227e-12
-8.88178e-13
-2.22045e-12
-4.44089e-12
1.77636e-12
1.77636e-12
0
-2.66454e-12
-2.22045e-12
1.33227e-12
-3.55271e-12
0
-2.22045e-12
3.10862e-12
-3.9968e-12
1.33227e-12
1.77636e-12
-2.66454e-12
-2.22045e-12
-3.10862e-12
-2.22045e-12
-4.44089e-13
0
-4.44089e-13
0
3.55271e-12
0
3.55271e-12
3.55271e-12
0
1.33227e-12
0
2.66454e-12
-2.22045e-12
1.33227e-12
2.66454e-12
0
2.22045e-12
8.88178e-13
3.10862e-12
-2.22045e-12
1.33227e-12
2.22045e-12
1.33227e-12
2.22045e-12
1.33227e-12
2.22045e-12
-8.88178e-13
-3.10862e-12
8.88178e-13
4.44089e-13
2.22045e-12
0
-1.33227e-12
-2.66454e-12
0
4.44089e-13
0
0
0
3.9968e-12
-1.77636e-12
0
1.77636e-12
-2.22045e-12
2.22045e-12
0
4.44089e-12
1.77636e-12
0
2.22045e-12
-2.22045e-12
2.22045e-12
1.33227e-12
8.88178e-13
0
4.44089e-13
-1.33227e-12
4.44089e-12
1.33227e-12
8.88178e-13
8.88178e-13
-1.33227e-12
-1.33227e-12
0
3.9968e-12
-8.88178e-13
0
3.55271e-12
-1.77636e-12
3.9968e-12
0
0
4.44089e-13
3.55271e-12
2.22045e-12
2.66454e-12
1.77636e-12
4.44089e-12
-2.22045e-12
0
4.44089e-12
-1.33227e-12
0
-1.77636e-12
0
-2.22045e-12
-2.66454e-12
1.33227e-12
-2.22045e-12
1.33227e-12
-3.9968e-12
0
0
8.88178e-13
4.44089e-13
-3.10862e-12
-1.77636e-12
3.55271e-12
-1.77636e-12
2.22045e-12
0
-3.55271e-12
3.10862e-12
2.22045e-12
2.66454e-12
0
-1.77636e-12
-8.88178e-13
1.77636e-12
8.88178e-13
2.22045e-12
-2.22045e-12
-1.77636e-12
2.22045e-12
2.66454e-12
1.33227e-12
-1.33227e-12
-8.88178e-13
-3.9968e-12
-2.22045e-12
0
-1.33227e-12
1.77636e-12
0
2.66454e-12
1.77636e-12
1.33227e-12
-3.10862e-12
3.9968e-12
-8.88178e-13
0
4.44089e-13
-2.22045e-12
2.22045e-12
-3.55271e-12
1.33227e-12
-1.77636e-12
4.44089e-13
3.9968e-12
2.66454e-12
3.9968e-12
2.66454e-12
0
2.22045e-12
0
-1.33227e-12
-4.44089e-13
-3.55271e-12
8.88178e-13
1.33227e-12
-8.88178e-13
-4.44089e-13
0
0
3.9968e-12
0
3.9968e-12
-1.33227e-12
-3.10862e-12
-4.44089e-13
-1.33227e-12
-4.44089e-12
8.88178e-13
1.33227e-12
-4.44089e-13
0
5.32907e-12
0
-1.33227e-12
-4.44089e-13
0
-4.44089e-13
1.77636e-12
-1.77636e-12
-1.33227e-12
1.33227e-12
0
0
-1.77636e-12
-1.33227e-12
3.9968e-12
8.88178e-13
3.9968e-12
0
0
-4.44089e-13
3.9968e-12
2.66454e-12
2.22045e-12
3.55271e-12
4.44089e-13
4.44089e-12
-3.10862e-12
-8.88178e-13
-4.44089e-13
-1.33227e-12
3.10862e-12
2.66454e-12
2.66454e-12
0
-2.66454e-12
-8.88178e-13
-3.10862e-12
-8.88178e-13
0
-1.33227e-12
-8.88178e-13
1.33227e-12
1.33227e-12
2.22045e-12
-8.88178e-13
-4.44089e-13
0
4.44089e-13
-1.77636e-12
-1.77636e-12
-3.10862e-12
-1.77636e-12
-2.22045e-12
-1.77636e-12
8.88178e-13
0
-3.55271e-12
-2.22045e-12
-2.66454e-12
-1.77636e-12
1.77636e-12
4.44089e-13
-2.22045e-12
-3.55271e-12
-2.22045e-12
2.22045e-12
0
1.77636e-12
0
-1.77636e-12
-1.33227e-12
0
4.44089e-13
0
8.88178e-13
0
0
2.22045e-12
-2.66454e-12
2.66454e-12
-1.77636e-12
1.33227e-12
1.33227e-12
-4.44089e-12
1.33227e-12
-8.88178e-13
-1.33227e-12
4.44089e-13
1.33227e-12
4.44089e-13
0
-4.44089e-12
4.44089e-13
-1.33227e-12
4.44089e-13
4.44089e-12
0
-4.44089e-13
-3.10862e-12
-8.88178e-13
0
-3.55271e-12
0
-3.10862e-12
-4.44089e-13
4.44089e-13
-4.44089e-13
0
0
-2.22045e-12
0
-4.44089e-13
2.22045e-12
-8.88178e-13
-1.77636e-12
1.77636e-12
0
0
0
2.66454e-12
2.22045e-12
4.44089e-13
3.9968e-12
-3.55271e-12
3.9968e-12
-4.44089e-13
8.88178e-13
-4.44089e-13
3.10862e-12
4.44089e-13
3.55271e-12
-2.66454e-12
-1.77636e-12
-2.22045e-12
-2.66454e-12
3.55271e-12
-3.10862e-12
0
-2.66454e-12
-3.10862e-12
-8.88178e-13
2.66454e-12
0
2.22045e-12
-8.88178e-13
1.77636e-12
3.55271e-12
4.44089e-13
-4.44089e-13
0
2.22045e-12
-1.33227e-12
1.77636e-12
0
8.88178e-13
-1.33227e-12
-1.33227e-12
-1.77636e-12
-2.22045e-12
-2.22045e-12
-3.10862e-12
1.33227e-12
-8.88178e-13
1.77636e-12
8.88178e-13
0
0
-1.33227e-12
2.66454e-12
-3.55271e-12
1.77636e-12
2.22045e-12
-3.55271e-12
4.44089e-13
-3.55271e-12
-8.88178e-13
2.22045e-12
-4.44089e-13
1.77636e-12
-1.33227e-12
2.22045e-12
3.9968e-12
-1.33227e-12
-1.33227e-12
-2.22045e-12
-2.22045e-12
8.88178e-13
-1.77636e-12
0
-4.44089e-13
-3.10862e-12
4.44089e-12
8.88178e-13
3.9968e-12
8.88178e-13
4.44089e-12
4.44089e-13
1.77636e-12
-4.44089e-13
-4.44089e-13
0
0
0
-4.44089e-13
-4.44089e-13
0
-1.77636e-12
1.33227e-12
0
-1.77636e-12
-4.44089e-13
-4.44089e-13
2.22045e-12
-4.44089e-13
-4.44089e-12
-1.33227e-12
-1.77636e-12
-3.55271e-12
0
1.33227e-12
-1.77636e-12
-2.22045e-12
-3.55271e-12
0
-3.10862e-12
-2.22045e-12
-4.44089e-13
4.44089e-13
-3.10862e-12
1.77636e-12
-4.44089e-13
-8.88178e-13
1.77636e-12
0
3.55271e-12
0
0
1.77636e-12
-2.22045e-12
2.22045e-12
2.66454e-12
-1.33227e-12
-1.33227e-12
0
1.33227e-12
4.44089e-13
0
1.77636e-12
-4.44089e-13
-2.22045e-12
8.88178e-13
2.22045e-12
1.33227e-12
0
8.88178e-13
-4.44089e-13
1.33227e-12
2.66454e-12
2.22045e-12
2.22045e-12
-8.88178e-13
3.10862e-12
2.22045e-12
8.88178e-13
2.22045e-12
-4.44089e-13
0
-8.88178e-13
0
-8.88178e-13
-1.33227e-12
0
-1.77636e-12
-4.44089e-13
-2.66454e-12
-1.33227e-12
-3.9968e-12
0
1.33227e-12
4.44089e-13
-2.22045e-12
-3.10862e-12
1.33227e-12
2.22045e-12
1.77636e-12
-1.77636e-12
-1.33227e-12
0
0
-4.44089e-13
4.44089e-13
2.22045e-12
-1.33227e-12
-4.44089e-13
-1.77636e-12
-3.9968e-12
0
4.44089e-13
6.21725e-12
1.77636e-12
5.32907e-12
3.55271e-12
3.9968e-12
6.21725e-12
4.44089e-13
3.55271e-12
5.77316e-12
2.22045e-12
0
2.66454e-12
0
5.77316e-12
8.88178e-13
1.33227e-12
8.88178e-13
0
8.88178e-13
3.55271e-12
8.88178e-13
0
8.88178e-13
1.77636e-12
0
3.55271e-12
0
0
1.33227e-12
2.66454e-12
0
1.33227e-12
0
3.9968e-12
3.10862e-12
3.55271e-12
5.77316e-12
4.44089e-13
1.77636e-12
8.88178e-13
2.66454e-12
3.9968e-12
2.22045e-12
1.33227e-12
1.77636e-12
-1.33227e-12
2.22045e-12
-4.44089e-13
-4.44089e-13
0
4.44089e-12
0
3.10862e-12
4.88498e-12
4.44089e-12
3.9968e-12
0
3.10862e-12
8.88178e-13
3.10862e-12
2.66454e-12
3.55271e-12
2.22045e-12
5.32907e-12
8.88178e-13
-1.77636e-12
8.88178e-13
4.44089e-12
3.10862e-12
4.44089e-13
3.9968e-12
3.9968e-12
5.32907e-12
1.33227e-12
4.88498e-12
4.44089e-13
4.88498e-12
1.33227e-12
1.77636e-12
-4.44089e-13
4.88498e-12
2.22045e-12
-4.44089e-13
8.88178e-13
0
3.9968e-12
8.88178e-13
3.10862e-12
4.44089e-13
5.32907e-12
-3.9968e-12
2.66454e-12
3.9968e-12
-3.10862e-12
4.44089e-13
-3.55271e-12
4.44089e-12
8.88178e-13
8.88178e-13
-1.33227e-12
5.77316e-12
4.44089e-13
1.33227e-12
3.55271e-12
4.88498e-12
5.77316e-12
4.44089e-13
3.9968e-12
6.21725e-12
1.77636e-12
8.88178e-13
1.77636e-12
8.88178e-13
4.44089e-12
8.88178e-13
8.88178e-13
3.55271e-12
2.22045e-12
8.88178e-13
4.44089e-12
8.88178e-13
-1.33227e-12
8.88178e-13
5.32907e-12
3.9968e-12
0
4.44089e-12
8.88178e-13
4.44089e-12
3.10862e-12
3.9968e-12
-8.88178e-13
0
1.33227e-12
-8.88178e-13
3.10862e-12
2.66454e-12
3.10862e-12
3.10862e-12
1.77636e-12
3.9968e-12
4.44089e-13
-8.88178e-13
1.33227e-12
1.77636e-12
0
1.77636e-12
-4.44089e-13
1.33227e-12
1.33227e-12
5.77316e-12
3.10862e-12
6.21725e-12
3.10862e-12
2.66454e-12
3.55271e-12
4.44089e-13
0
2.66454e-12
2.22045e-12
1.77636e-12
1.33227e-12
3.10862e-12
1.77636e-12
8.88178e-13
2.66454e-12
2.22045e-12
6.21725e-12
2.22045e-12
2.22045e-12
7.10543e-12
2.22045e-12
7.54952e-12
2.66454e-12
1.77636e-12
0
2.22045e-12
1.77636e-12
5.77316e-12
-1.33227e-12
3.9968e-12
-8.88178e-13
4.44089e-12
3.10862e-12
-1.33227e-12
2.22045e-12
-4.44089e-13
2.22045e-12
1.77636e-12
3.10862e-12
4.44089e-13
2.22045e-12
3.9968e-12
-1.77636e-12
1.33227e-12
1.77636e-12
4.44089e-12
4.44089e-12
-4.44089e-13
0
-1.77636e-12
-4.44089e-13
0
-2.22045e-12
-4.44089e-13
-1.77636e-12
-4.44089e-13
0
-3.55271e-12
-2.22045e-12
-1.33227e-12
-8.88178e-13
-2.22045e-12
-8.88178e-13
-1.77636e-12
-2.22045e-12
-3.9968e-12
2.66454e-12
4.44089e-13
-3.9968e-12
-1.77636e-12
-2.22045e-12
-2.22045e-12
4.44089e-13
-2.22045e-12
-3.10862e-12
-2.22045e-12
-4.44089e-13
-8.88178e-13
-8.88178e-13
-1.33227e-12
0
0
-4.88498e-12
4.44089e-13
-6.66134e-12
0
-6.21725e-12
-1.77636e-12
-5.77316e-12
-1.33227e-12
-7.10543e-12
-7.10543e-12
-4.44089e-12
-7.10543e-12
-1.77636e-12
-6.66134e-12
-5.77316e-12
-1.77636e-12
0
-8.88178e-13
-6.66134e-12
-6.66134e-12
-4.88498e-12
-6.66134e-12
-8.88178e-13
-4.88498e-12
-1.33227e-12
-1.77636e-12
-1.33227e-12
-1.77636e-12
-1.77636e-12
-1.77636e-12
-4.88498e-12
-1.77636e-12
-3.9968e-12
-8.88178e-13
-2.66454e-12
8.88178e-13
-1.77636e-12
-1.33227e-12
0
-4.44089e-13
-2.66454e-12
0
-1.33227e-12
4.44089e-13
-3.9968e-12
4.44089e-13
0
-2.22045e-12
-6.66134e-12
-6.66134e-12
-4.88498e-12
-6.66134e-12
-3.9968e-12
-6.66134e-12
-6.21725e-12
-2.22045e-12
-4.44089e-13
-5.77316e-12
-7.10543e-12
-7.10543e-12
-6.21725e-12
-7.10543e-12
-1.33227e-12
-7.10543e-12
4.88498e-12
0
-1.33227e-12
-1.77636e-12
0
3.9968e-12
-1.33227e-12
0
-1.77636e-12
0
0
-1.77636e-12
8.88178e-13
-3.55271e-12
-3.10862e-12
8.88178e-13
-2.22045e-12
-2.22045e-12
0
-2.22045e-12
4.44089e-12
-4.44089e-13
-1.77636e-12
4.44089e-13
0
-1.77636e-12
-3.10862e-12
-1.77636e-12
4.44089e-13
-1.77636e-12
-4.44089e-13
-3.55271e-12
-1.33227e-12
-8.88178e-13
-3.10862e-12
-8.88178e-13
-5.32907e-12
-2.66454e-12
-5.77316e-12
-3.9968e-12
-4.88498e-12
-3.9968e-12
-9.32587e-12
0
-8.88178e-12
-8.88178e-12
-8.88178e-12
-8.88178e-12
1.33227e-12
-9.32587e-12
-7.10543e-12
-2.22045e-12
-8.88178e-13
0
-7.10543e-12
-7.10543e-12
-7.10543e-12
-7.10543e-12
-2.66454e-12
-4.44089e-12
-6.21725e-12
0
-4.44089e-12
4.44089e-13
0
-3.9968e-12
-6.66134e-12
0
-2.66454e-12
4.44089e-13
-5.32907e-12
0
-2.22045e-12
-4.44089e-12
0
-2.22045e-12
0
0
-4.44089e-13
-2.22045e-12
-4.44089e-12
-4.44089e-13
-2.66454e-12
1.33227e-12
-4.88498e-12
-8.88178e-12
-6.66134e-12
-4.88498e-12
-4.88498e-12
-6.66134e-12
-7.10543e-12
-7.10543e-12
4.44089e-13
-5.32907e-12
-6.66134e-12
-4.88498e-12
-7.54952e-12
-6.66134e-12
4.44089e-13
-6.66134e-12
5.32907e-12
0
-8.88178e-13
0
0
0
0
0
3.9968e-12
0
3.9968e-12
3.10862e-12
8.88178e-13
-4.44089e-13
1.33227e-12
8.88178e-13
0
1.33227e-12
1.77636e-12
3.55271e-12
-3.10862e-12
-1.33227e-12
2.66454e-12
1.33227e-12
1.77636e-12
1.33227e-12
-1.77636e-12
1.77636e-12
3.9968e-12
1.77636e-12
3.10862e-12
-3.10862e-12
-2.22045e-12
-2.66454e-12
0
-8.88178e-13
4.44089e-13
0
1.77636e-12
0
3.9968e-12
-1.77636e-12
4.44089e-13
1.33227e-12
-1.33227e-12
1.33227e-12
-4.44089e-13
-1.33227e-12
2.22045e-12
-1.33227e-12
8.88178e-13
1.77636e-12
8.88178e-13
-2.22045e-12
-3.10862e-12
4.44089e-13
-2.22045e-12
0
-1.77636e-12
-4.44089e-12
-3.9968e-12
-2.22045e-12
0
8.88178e-13
1.77636e-12
0
-3.9968e-12
1.77636e-12
-1.77636e-12
1.77636e-12
-1.77636e-12
4.44089e-13
-1.77636e-12
-1.77636e-12
0
-1.77636e-12
0
-2.22045e-12
1.33227e-12
4.44089e-13
0
-1.33227e-12
1.33227e-12
0
-2.66454e-12
0
-3.9968e-12
0
-1.33227e-12
-2.66454e-12
4.44089e-13
-3.9968e-12
0
8.88178e-13
8.88178e-13
4.44089e-13
4.44089e-13
8.88178e-13
1.77636e-12
8.88178e-13
-4.44089e-13
4.44089e-13
1.77636e-12
0
0
-4.44089e-12
0
0
4.44089e-13
0
0
0
0
0
0
0
0
0
-3.9968e-12
2.22045e-12
0
-4.44089e-12
-2.66454e-12
0
0
-2.66454e-12
1.77636e-12
-3.10862e-12
0
-3.10862e-12
0
4.44089e-13
2.22045e-12
0
1.33227e-12
2.22045e-12
0
1.33227e-12
0
-4.44089e-13
0
3.55271e-12
0
-2.22045e-12
0
0
2.66454e-12
0
-2.22045e-12
0
0
0
2.22045e-12
-3.9968e-12
8.88178e-13
0
4.44089e-13
4.44089e-13
1.77636e-12
-2.22045e-12
-1.33227e-12
-1.77636e-12
3.9968e-12
0
-1.77636e-12
2.22045e-12
0
-1.77636e-12
-4.44089e-13
-1.77636e-12
1.77636e-12
0
2.22045e-12
3.10862e-12
-1.77636e-12
2.66454e-12
0
-2.22045e-12
-1.33227e-12
0
-4.44089e-13
-1.77636e-12
4.44089e-13
0
-8.88178e-13
4.44089e-13
2.22045e-12
-4.44089e-13
0
8.88178e-13
-4.44089e-13
1.33227e-12
3.55271e-12
0
8.88178e-13
3.55271e-12
1.33227e-12
8.88178e-13
0
8.88178e-13
-8.88178e-13
3.55271e-12
-8.88178e-13
4.44089e-13
0
5.32907e-12
0
0
-3.9968e-12
0
1.77636e-12
4.44089e-13
-3.55271e-12
4.44089e-13
4.44089e-13
-2.22045e-12
0
4.44089e-13
4.44089e-13
4.44089e-13
-8.88178e-13
-8.88178e-13
8.88178e-13
0
4.44089e-13
8.88178e-13
-8.88178e-13
1.33227e-12
0
1.33227e-12
0
2.66454e-12
-1.77636e-12
3.9968e-12
-3.10862e-12
8.88178e-13
8.88178e-13
-4.44089e-13
4.44089e-13
-3.55271e-12
0
3.10862e-12
-8.88178e-13
0
2.22045e-12
-8.88178e-13
0
1.77636e-12
-3.9968e-12
1.77636e-12
-1.33227e-12
0
8.88178e-13
0
4.44089e-12
1.77636e-12
-4.44089e-13
1.77636e-12
1.77636e-12
4.44089e-12
3.9968e-12
3.55271e-12
1.77636e-12
4.44089e-13
0
1.77636e-12
2.22045e-12
0
8.88178e-13
0
3.55271e-12
-4.44089e-13
1.33227e-12
4.44089e-13
-4.44089e-13
-8.88178e-13
3.9968e-12
8.88178e-13
-3.55271e-12
-4.44089e-13
4.44089e-13
1.33227e-12
4.44089e-13
0
3.9968e-12
1.77636e-12
2.22045e-12
8.88178e-13
0
3.9968e-12
3.55271e-12
-8.88178e-13
0
-8.88178e-13
4.44089e-13
-1.33227e-12
4.44089e-13
4.44089e-13
-8.88178e-13
4.44089e-13
0
4.44089e-12
-1.77636e-12
-8.88178e-13
5.32907e-12
4.44089e-12
5.32907e-12
5.32907e-12
3.9968e-12
5.32907e-12
5.77316e-12
4.44089e-13
8.88178e-13
3.55271e-12
4.44089e-13
4.44089e-13
8.88178e-13
4.44089e-13
3.9968e-12
8.88178e-13
-4.44089e-12
4.44089e-13
4.44089e-12
-1.33227e-12
0
4.44089e-12
-2.66454e-12
3.9968e-12
-1.33227e-12
3.9968e-12
4.88498e-12
2.66454e-12
-3.10862e-12
0
0
-1.77636e-12
4.44089e-13
0
1.33227e-12
3.55271e-12
0
-3.10862e-12
2.22045e-12
1.33227e-12
3.9968e-12
2.22045e-12
1.77636e-12
-4.44089e-13
-2.22045e-12
-4.44089e-13
4.44089e-13
2.22045e-12
-2.22045e-12
2.66454e-12
1.77636e-12
1.77636e-12
8.88178e-13
1.77636e-12
8.88178e-13
8.88178e-13
3.9968e-12
1.33227e-12
0
-2.66454e-12
1.77636e-12
1.77636e-12
-4.44089e-13
1.77636e-12
-4.44089e-12
1.77636e-12
3.10862e-12
0
0
4.44089e-13
8.88178e-13
0
-1.77636e-12
-2.22045e-12
0
8.88178e-13
0
-2.22045e-12
-8.88178e-13
-2.22045e-12
-4.44089e-13
-8.88178e-13
0
-3.10862e-12
-1.33227e-12
4.44089e-13
1.77636e-12
0
-3.9968e-12
0
-1.77636e-12
-3.55271e-12
-4.44089e-13
-4.44089e-13
-8.88178e-13
-4.44089e-13
-4.44089e-12
-3.10862e-12
4.88498e-12
0
0
-4.44089e-12
0
0
0
-8.88178e-13
-5.77316e-12
-2.22045e-12
3.10862e-12
4.44089e-13
-4.44089e-13
2.22045e-12
-8.88178e-13
-3.9968e-12
-1.77636e-12
-8.88178e-13
4.44089e-13
1.77636e-12
-2.22045e-12
-3.9968e-12
-4.44089e-13
4.44089e-13
1.77636e-12
-4.44089e-13
-4.44089e-13
-4.44089e-13
-3.55271e-12
-4.44089e-13
0
-2.66454e-12
3.9968e-12
0
-1.33227e-12
1.33227e-12
4.44089e-13
3.9968e-12
-4.44089e-13
0
4.44089e-13
-8.88178e-13
1.33227e-12
4.44089e-13
4.44089e-13
2.22045e-12
2.66454e-12
2.22045e-12
8.88178e-13
-4.44089e-12
-2.22045e-12
8.88178e-13
-8.88178e-13
-2.22045e-12
2.22045e-12
-4.44089e-12
-2.22045e-12
-4.44089e-13
-3.9968e-12
8.88178e-13
-3.9968e-12
-8.88178e-13
0
-3.9968e-12
8.88178e-13
-8.88178e-13
-4.44089e-13
0
-3.9968e-12
-3.55271e-12
2.22045e-12
0
-2.22045e-12
1.77636e-12
-8.88178e-13
-2.66454e-12
2.66454e-12
-2.22045e-12
0
0
-3.55271e-12
1.33227e-12
4.44089e-13
-3.55271e-12
4.44089e-13
0
1.77636e-12
0
-3.9968e-12
-4.44089e-13
0
8.88178e-13
0
3.9968e-12
0
0
-4.44089e-13
0
-3.9968e-12
-4.88498e-12
0
0
0
0
0
0
0
0
0
3.10862e-12
-2.66454e-12
0
3.10862e-12
-2.66454e-12
1.33227e-12
2.66454e-12
8.88178e-13
8.88178e-13
0
0
-1.77636e-12
1.33227e-12
-1.77636e-12
-2.22045e-12
3.9968e-12
-1.77636e-12
-1.77636e-12
-1.77636e-12
-4.44089e-12
0
0
0
0
0
8.88178e-13
0
-1.77636e-12
0
4.44089e-13
0
1.77636e-12
0
0
1.77636e-12
0
3.9968e-12
-4.44089e-13
3.9968e-12
4.44089e-13
4.44089e-13
-1.33227e-12
1.77636e-12
0
-3.55271e-12
4.44089e-13
4.44089e-13
-4.44089e-12
0
-4.88498e-12
-4.44089e-12
-3.10862e-12
2.22045e-12
0
-3.10862e-12
1.33227e-12
8.88178e-13
3.10862e-12
0
-3.10862e-12
-1.33227e-12
0
-2.66454e-12
8.88178e-13
0
8.88178e-13
3.9968e-12
1.33227e-12
8.88178e-13
0
2.66454e-12
8.88178e-13
-1.33227e-12
1.33227e-12
8.88178e-13
-1.33227e-12
4.44089e-12
-3.55271e-12
0
-1.77636e-12
-4.44089e-13
1.77636e-12
-8.88178e-13
1.77636e-12
1.77636e-12
4.44089e-13
-8.88178e-13
-4.44089e-13
-8.88178e-13
4.44089e-12
5.77316e-12
-3.10862e-12
3.10862e-12
5.32907e-12
5.32907e-12
5.32907e-12
5.32907e-12
5.32907e-12
6.21725e-12
-4.44089e-13
4.44089e-13
5.32907e-12
5.77316e-12
-1.33227e-12
5.32907e-12
8.88178e-13
2.66454e-12
8.88178e-13
-1.33227e-12
3.9968e-12
-8.88178e-13
1.33227e-12
3.9968e-12
-4.44089e-13
-8.88178e-13
4.44089e-13
-4.44089e-13
0
-4.44089e-13
4.44089e-13
8.88178e-13
5.32907e-12
2.66454e-12
0
-4.44089e-13
8.88178e-13
0
0
0
-3.9968e-12
4.44089e-13
1.77636e-12
2.66454e-12
4.44089e-13
1.77636e-12
0
4.44089e-13
4.44089e-13
4.44089e-13
4.44089e-13
3.10862e-12
6.66134e-12
1.77636e-12
8.88178e-13
2.22045e-12
8.88178e-13
3.10862e-12
3.10862e-12
1.33227e-12
4.44089e-12
-8.88178e-13
3.55271e-12
8.88178e-13
4.44089e-13
3.55271e-12
4.44089e-13
4.44089e-13
8.88178e-13
4.44089e-13
0
3.9968e-12
-4.44089e-13
2.22045e-12
3.10862e-12
0
3.9968e-12
4.44089e-12
0
3.10862e-12
3.9968e-12
3.10862e-12
3.10862e-12
1.77636e-12
-8.88178e-13
3.10862e-12
4.44089e-12
-1.77636e-12
8.88178e-13
5.32907e-12
4.44089e-13
5.77316e-12
4.44089e-13
3.55271e-12
4.44089e-12
-2.66454e-12
0
0
4.44089e-13
0
0
5.77316e-12
8.88178e-13
4.44089e-12
1.33227e-12
1.33227e-12
1.33227e-12
1.33227e-12
8.88178e-13
1.33227e-12
-5.77316e-12
-4.44089e-13
6.66134e-12
3.9968e-12
-4.44089e-13
6.66134e-12
8.88178e-13
-4.44089e-13
0
-4.44089e-13
3.9968e-12
3.55271e-12
8.88178e-13
0
8.88178e-13
8.88178e-13
4.44089e-13
8.88178e-13
3.55271e-12
8.88178e-13
4.44089e-13
0
4.44089e-12
1.77636e-12
1.33227e-12
1.33227e-12
1.33227e-12
8.88178e-13
2.22045e-12
1.77636e-12
8.88178e-13
4.44089e-12
4.44089e-13
1.77636e-12
4.44089e-13
4.44089e-13
0
4.44089e-13
3.55271e-12
4.44089e-13
0
-4.44089e-13
8.88178e-12
0
0
3.55271e-12
4.44089e-13
-4.44089e-13
4.44089e-12
4.44089e-13
5.77316e-12
3.9968e-12
3.55271e-12
4.44089e-13
0
3.55271e-12
1.77636e-12
0
4.44089e-13
0
4.44089e-13
1.77636e-12
-8.88178e-13
3.9968e-12
0
-8.88178e-13
5.32907e-12
4.44089e-13
0
0
4.44089e-12
1.33227e-12
2.66454e-12
2.22045e-12
-8.88178e-13
2.66454e-12
4.88498e-12
-1.33227e-12
4.44089e-12
5.32907e-12
1.77636e-12
5.77316e-12
-1.77636e-12
3.9968e-12
4.88498e-12
-1.77636e-12
0
1.33227e-12
1.33227e-12
1.33227e-12
-4.44089e-12
)
;

boundaryField
{
    frontAndBack
    {
        type            calculated;
        value           uniform 0;
    }
    left
    {
        type            calculated;
        value           nonuniform List<scalar> 
100
(
-8.03801e-11
-7.9492e-11
-8.03801e-11
-8.08242e-11
-7.99361e-11
-7.99361e-11
-7.99361e-11
-7.99361e-11
-7.99361e-11
3.55271e-12
-7.72715e-11
-7.9492e-11
-8.08242e-11
-7.90479e-11
-7.99361e-11
-7.77156e-11
-7.99361e-11
-7.99361e-11
-7.59393e-11
3.9968e-12
1.77636e-12
0
4.44089e-13
1.33227e-12
4.44089e-13
4.44089e-13
0
4.44089e-13
0
0
-2.66454e-12
4.44089e-13
-2.22045e-12
0
0
-2.22045e-12
2.22045e-12
-1.77636e-12
0
-1.77636e-12
-1.77636e-12
0
-4.44089e-13
-8.88178e-13
-8.88178e-13
8.88178e-13
-4.44089e-13
-3.10862e-12
2.66454e-12
1.33227e-12
0
-4.44089e-13
2.22045e-12
-2.66454e-12
3.10862e-12
3.55271e-12
0
2.22045e-12
-8.88178e-13
8.88178e-13
2.22045e-12
2.66454e-12
0
1.77636e-12
3.10862e-12
8.88178e-13
4.44089e-13
4.44089e-12
-1.33227e-12
-2.22045e-12
-4.44089e-13
4.44089e-13
1.77636e-12
0
-2.22045e-12
0
-4.44089e-13
-4.44089e-13
0
-2.22045e-12
-3.10862e-12
7.86038e-11
7.81597e-11
8.12683e-11
7.90479e-11
7.99361e-11
8.12683e-11
7.99361e-11
7.81597e-11
7.77156e-11
-1.33227e-12
8.08242e-11
7.81597e-11
8.39329e-11
7.9492e-11
7.9492e-11
7.99361e-11
8.12683e-11
7.77156e-11
7.81597e-11
)
;
    }
    right
    {
        type            calculated;
        value           nonuniform List<scalar> 
100
(
0
2.66454e-12
-4.44089e-13
-6.21725e-12
-5.77316e-12
-1.33227e-12
-2.66454e-12
-3.9968e-12
-6.21725e-12
4.88498e-12
0
4.44089e-12
-4.44089e-13
-4.88498e-12
-7.10543e-12
-6.21725e-12
-5.32907e-12
-4.44089e-12
-7.10543e-12
5.32907e-12
3.9968e-12
-3.10862e-12
3.10862e-12
3.9968e-12
8.88178e-13
-3.9968e-12
-1.77636e-12
0
4.44089e-13
-4.44089e-13
0
0
0
0
0
-1.33227e-12
1.77636e-12
-4.44089e-13
-4.44089e-13
-8.88178e-13
1.77636e-12
-8.88178e-13
0
0
-1.33227e-12
3.9968e-12
3.55271e-12
4.44089e-13
3.55271e-12
0
5.77316e-12
-4.44089e-12
4.88498e-12
0
4.44089e-13
3.9968e-12
3.10862e-12
0
1.77636e-12
-4.44089e-12
-5.77316e-12
4.44089e-13
-3.55271e-12
-4.44089e-13
8.88178e-13
-3.9968e-12
-3.9968e-12
0
-3.9968e-12
-3.9968e-12
0
0
-4.44089e-12
4.44089e-13
4.44089e-13
-4.88498e-12
-3.10862e-12
0
-1.77636e-12
4.44089e-12
-4.44089e-13
3.9968e-12
4.44089e-13
-3.9968e-12
4.44089e-13
4.44089e-12
0
3.9968e-12
4.44089e-13
0
-5.77316e-12
3.9968e-12
4.44089e-13
8.88178e-13
0
5.77316e-12
4.44089e-13
4.44089e-12
1.77636e-12
-4.44089e-12
)
;
    }
    lowerWall
    {
        type            calculated;
        value           nonuniform List<scalar> 
300
(
-8.03801e-11
-7.72715e-11
1.77636e-12
-2.66454e-12
-1.77636e-12
0
2.22045e-12
-4.44089e-13
-3.10862e-12
-1.33227e-12
-8.88178e-13
-1.77636e-12
1.33227e-12
8.88178e-13
-2.22045e-12
0
2.22045e-12
-8.88178e-13
7.99361e-11
8.26006e-11
8.88178e-13
8.88178e-13
0
-1.77636e-12
8.88178e-13
4.44089e-13
4.44089e-13
3.55271e-12
0
-3.10862e-12
-4.44089e-13
-4.44089e-13
-1.77636e-12
0
1.77636e-12
-1.77636e-12
0
0
2.66454e-12
5.32907e-12
-4.44089e-13
-1.77636e-12
8.88178e-13
-8.88178e-13
-8.88178e-13
1.77636e-12
4.44089e-12
0
-3.55271e-12
4.44089e-13
-8.88178e-13
0
4.44089e-13
-1.77636e-12
8.88178e-13
0
-8.88178e-13
3.55271e-12
3.55271e-12
2.22045e-12
-8.88178e-13
-1.77636e-12
0
1.77636e-12
2.22045e-12
0
2.22045e-12
0
-3.55271e-12
0
8.88178e-13
-3.9968e-12
-1.33227e-12
3.55271e-12
-4.44089e-12
-3.10862e-12
3.9968e-12
0
4.44089e-13
3.9968e-12
-4.44089e-13
1.77636e-12
-4.44089e-13
0
2.22045e-12
-1.77636e-12
-1.33227e-12
0
-4.44089e-13
0
-4.44089e-12
-3.55271e-12
0
-1.33227e-12
4.44089e-13
-4.44089e-13
3.10862e-12
0
-3.10862e-12
1.33227e-12
0
0
0
-8.88178e-13
-1.33227e-12
8.88178e-13
0
4.44089e-13
0
8.88178e-13
-6.66134e-12
-5.77316e-12
4.44089e-13
-1.33227e-12
0
1.33227e-12
-4.44089e-13
1.77636e-12
4.44089e-13
-1.33227e-12
-1.77636e-12
-1.33227e-12
-4.44089e-13
0
3.9968e-12
-4.44089e-13
-3.10862e-12
-4.44089e-13
6.21725e-12
5.77316e-12
-2.22045e-12
-3.55271e-12
-1.33227e-12
0
-8.88178e-13
0
-8.88178e-13
-4.44089e-13
1.77636e-12
4.44089e-13
-4.88498e-12
-1.33227e-12
0
-4.44089e-12
0
5.32907e-12
0
0
5.32907e-12
1.33227e-12
3.55271e-12
-4.44089e-13
-3.55271e-12
4.44089e-13
3.55271e-12
0
-3.55271e-12
0
3.55271e-12
3.55271e-12
-6.66134e-12
-5.77316e-12
2.22045e-12
0
-1.77636e-12
-1.33227e-12
0
0
3.9968e-12
4.88498e-12
0
-4.44089e-13
0
0
3.9968e-12
-4.44089e-13
-3.10862e-12
-4.44089e-13
6.21725e-12
5.77316e-12
-3.55271e-12
-3.55271e-12
0
0
0
0
-4.44089e-13
-4.44089e-13
4.44089e-13
4.44089e-13
-4.88498e-12
-5.32907e-12
-4.44089e-13
0
0
-4.44089e-13
4.44089e-13
0
3.55271e-12
3.9968e-12
-4.44089e-13
0
0
4.44089e-13
3.55271e-12
4.44089e-12
-3.10862e-12
-4.88498e-12
5.77316e-12
5.77316e-12
0
-1.33227e-12
-8.88178e-13
1.77636e-12
-8.88178e-13
-1.77636e-12
4.88498e-12
0
-3.10862e-12
8.88178e-13
-1.77636e-12
-1.77636e-12
0
0
4.44089e-13
-8.88178e-13
0
0
3.10862e-12
4.44089e-12
-4.44089e-13
0
0
0
0
5.32907e-12
0
0
5.32907e-12
1.33227e-12
0
3.9968e-12
0
-4.44089e-12
5.32907e-12
4.44089e-12
-4.44089e-12
0
5.32907e-12
1.33227e-12
-2.22045e-12
-1.33227e-12
0
0
0
5.32907e-12
0
0
5.32907e-12
1.33227e-12
-4.44089e-13
0
0
0
0
5.32907e-12
0
0
5.32907e-12
1.33227e-12
-1.77636e-12
-1.77636e-12
3.9968e-12
4.44089e-13
-3.9968e-12
3.9968e-12
0
0
5.32907e-12
8.88178e-13
-4.44089e-13
0
0
0
0
5.32907e-12
-8.88178e-13
0
6.21725e-12
1.33227e-12
0
0
3.9968e-12
0
1.77636e-12
5.77316e-12
-5.77316e-12
0
-4.44089e-13
-5.77316e-12
)
;
    }
    upperWall
    {
        type            calculated;
        value           nonuniform List<scalar> 
300
(
3.55271e-12
3.9968e-12
0
-1.77636e-12
1.33227e-12
8.88178e-13
-2.22045e-12
-2.22045e-12
7.77156e-11
7.81597e-11
1.77636e-12
-2.22045e-12
-4.44089e-13
0
-1.77636e-12
8.88178e-13
0
-1.33227e-12
8.26006e-11
8.39329e-11
-8.88178e-13
-1.33227e-12
2.22045e-12
0
-4.44089e-13
0
-1.77636e-12
2.22045e-12
2.22045e-12
4.44089e-13
-4.88498e-12
-4.44089e-12
0
1.33227e-12
-2.22045e-12
0
3.10862e-12
-1.77636e-12
1.77636e-12
2.22045e-12
-1.33227e-12
-1.33227e-12
4.44089e-13
0
-1.33227e-12
0
0
0
1.33227e-12
1.77636e-12
-2.66454e-12
-5.32907e-12
-8.88178e-13
0
-4.44089e-13
0
4.44089e-13
1.77636e-12
5.32907e-12
4.88498e-12
-4.88498e-12
-5.32907e-12
5.32907e-12
0
-1.77636e-12
-4.44089e-13
-3.10862e-12
3.55271e-12
1.33227e-12
-1.77636e-12
3.55271e-12
-1.33227e-12
-3.9968e-12
0
0
0
0
1.33227e-12
4.44089e-13
0
-8.88178e-13
0
1.77636e-12
-2.22045e-12
2.22045e-12
1.33227e-12
0
0
3.10862e-12
4.88498e-12
-4.44089e-13
-8.88178e-13
1.33227e-12
0
-4.44089e-13
4.44089e-13
-1.33227e-12
0
6.66134e-12
4.88498e-12
-7.10543e-12
-6.66134e-12
4.44089e-13
1.33227e-12
0
-1.33227e-12
8.88178e-13
-1.33227e-12
4.44089e-13
1.77636e-12
-4.88498e-12
-5.77316e-12
4.44089e-13
8.88178e-13
0
4.44089e-13
-1.77636e-12
0
5.32907e-12
3.10862e-12
-1.33227e-12
-6.66134e-12
-5.32907e-12
0
3.9968e-12
1.33227e-12
0
0
-3.9968e-12
4.44089e-13
-4.44089e-12
-4.44089e-12
0
4.44089e-13
0
4.44089e-13
-4.44089e-13
-4.44089e-13
2.66454e-12
2.22045e-12
-6.21725e-12
-5.77316e-12
0
-1.33227e-12
3.9968e-12
0
-3.10862e-12
4.44089e-13
3.9968e-12
3.9968e-12
-3.9968e-12
-5.32907e-12
8.88178e-13
4.44089e-12
-1.33227e-12
-4.44089e-12
4.44089e-12
2.22045e-12
-3.10862e-12
-1.77636e-12
-4.44089e-12
-4.44089e-12
2.22045e-12
1.33227e-12
-3.10862e-12
4.44089e-13
8.88178e-13
-1.33227e-12
4.44089e-13
1.33227e-12
-1.33227e-12
-6.66134e-12
-4.44089e-12
8.88178e-13
-4.44089e-13
-1.33227e-12
3.9968e-12
-4.44089e-13
-3.55271e-12
1.77636e-12
0
-1.33227e-12
0
8.88178e-13
-1.33227e-12
4.44089e-13
8.88178e-13
-1.77636e-12
4.44089e-12
4.44089e-12
-3.9968e-12
-3.55271e-12
3.55271e-12
-1.33227e-12
-4.44089e-12
4.44089e-12
4.44089e-12
-3.9968e-12
8.88178e-13
4.44089e-12
-2.22045e-12
-7.10543e-12
-3.9968e-12
1.33227e-12
-8.88178e-13
0
-4.44089e-13
-4.44089e-13
5.77316e-12
5.77316e-12
-4.44089e-13
4.44089e-13
0
3.55271e-12
0
-3.9968e-12
0
1.77636e-12
4.44089e-13
-1.77636e-12
-5.77316e-12
-5.32907e-12
8.88178e-13
0
-8.88178e-13
0
8.88178e-13
-8.88178e-13
3.55271e-12
3.9968e-12
-7.10543e-12
-6.66134e-12
8.88178e-13
8.88178e-13
4.44089e-13
-1.77636e-12
0
1.77636e-12
4.44089e-12
4.88498e-12
-7.10543e-12
-4.88498e-12
4.44089e-13
3.55271e-12
-1.33227e-12
-3.55271e-12
3.9968e-12
1.77636e-12
-2.66454e-12
-1.77636e-12
-6.21725e-12
-7.54952e-12
4.44089e-13
1.33227e-12
4.44089e-13
-4.44089e-13
0
4.44089e-13
0
0
-7.10543e-12
-6.66134e-12
8.88178e-13
8.88178e-13
4.44089e-13
-4.44089e-13
0
-8.88178e-13
0
1.33227e-12
-1.33227e-12
4.44089e-13
1.77636e-12
0
-8.88178e-13
-8.88178e-13
-4.44089e-13
-4.44089e-13
4.44089e-13
1.33227e-12
-7.10543e-12
-6.66134e-12
8.88178e-13
8.88178e-13
4.44089e-13
-4.44089e-13
0
-8.88178e-13
0
1.33227e-12
4.88498e-12
5.32907e-12
-4.44089e-13
-8.88178e-13
0
-4.44089e-12
-3.9968e-12
4.44089e-12
0
-4.44089e-12
)
;
    }
}


// ************************************************************************* //
