/*--------------------------------*- C++ -*----------------------------------*\
  =========                 |
  \\      /  F ield         | OpenFOAM: The Open Source CFD Toolbox
   \\    /   O peration     | Website:  https://openfoam.org
    \\  /    A nd           | Version:  10
     \\/     M anipulation  |
\*---------------------------------------------------------------------------*/
FoamFile
{
    format      ascii;
    class       volScalarField;
    location    "0.5";
    object      gradTy;
}
// * * * * * * * * * * * * * * * * * * * * * * * * * * * * * * * * * * * * * //

dimensions      [0 -1 0 1 0 0 0];

internalField   nonuniform List<scalar> 
3000
(
-3.92131e-10
-2.66454e-12
9.32587e-12
-1.37668e-11
-3.55271e-12
-6.21725e-12
-3.55271e-12
-2.66454e-11
-6.21725e-12
-2.75335e-11
-3.78364e-10
-2.66454e-12
6.66134e-12
-2.22045e-12
-6.21725e-12
0
-6.21725e-12
-2.66454e-11
2.44249e-11
-2.62013e-11
7.10543e-12
0
-2.66454e-12
4.88498e-12
2.9754e-11
3.24185e-11
4.44089e-13
2.62013e-11
2.66454e-12
0
-1.37668e-11
2.66454e-12
-1.11022e-11
-1.24345e-11
0
-6.21725e-12
4.88498e-12
2.62013e-11
0
-7.10543e-12
-6.21725e-12
-3.9968e-12
1.77636e-12
-4.44089e-12
-3.24185e-11
-2.62013e-11
-3.55271e-12
-3.19744e-11
2.75335e-11
1.33227e-12
0
-2.66454e-12
0
2.66454e-12
5.77316e-12
3.01981e-11
1.46549e-11
0
-1.15463e-11
0
1.02141e-11
1.73195e-11
2.22045e-12
1.37668e-11
5.32907e-12
4.44089e-13
3.10862e-12
3.19744e-11
-2.39808e-11
-3.9968e-12
4.44089e-13
3.55271e-12
1.9984e-11
6.21725e-12
2.57572e-11
0
-1.5099e-11
-2.62013e-11
0
0
-2.39808e-11
3.8991e-10
-7.99361e-12
1.02141e-11
-4.44089e-13
2.57572e-11
2.9754e-11
-6.21725e-12
-8.88178e-13
3.9968e-12
-1.28786e-11
3.9968e-10
-1.42109e-11
1.59872e-11
-2.39808e-11
2.22045e-12
2.79776e-11
1.90958e-11
-1.37668e-11
6.21725e-12
-3.98792e-10
4.88498e-12
-7.10543e-12
-1.9984e-11
-1.19904e-11
-1.46549e-11
-9.76996e-12
-3.19744e-11
-1.9984e-11
-4.44089e-13
-3.86802e-10
-6.21725e-12
2.66454e-12
-1.9984e-11
-1.9984e-11
0
-1.77636e-11
-3.15303e-11
-4.44089e-13
-4.44089e-12
2.66454e-12
2.22045e-12
3.9968e-12
3.10862e-12
1.15463e-11
1.90958e-11
1.77636e-12
-2.66454e-12
1.02141e-11
-1.15463e-11
-1.19904e-11
1.77636e-12
-1.02141e-11
0
0
-1.42109e-11
7.54952e-12
1.33227e-12
-1.24345e-11
-1.55431e-11
-4.88498e-12
-1.42109e-11
4.44089e-12
8.88178e-12
-1.9984e-11
-5.77316e-12
-9.76996e-12
2.66454e-12
9.76996e-12
7.10543e-12
4.44089e-13
0
0
2.22045e-12
1.42109e-11
0
1.02141e-11
-4.44089e-13
1.02141e-11
4.44089e-13
1.02141e-11
9.32587e-12
2.66454e-12
-8.43769e-12
1.64313e-11
2.22045e-12
3.55271e-12
1.77636e-12
-1.59872e-11
-1.24345e-11
0
-1.33227e-12
1.77636e-11
0
5.77316e-12
1.9984e-11
0
-1.33227e-12
-1.24345e-11
-4.44089e-13
3.96572e-10
4.05898e-10
-7.54952e-12
7.54952e-12
-1.77636e-12
3.9968e-12
1.11022e-11
2.93099e-11
1.11022e-11
1.46549e-11
4.05898e-10
4.15668e-10
-1.19904e-11
7.10543e-12
-4.88498e-12
1.77636e-12
-3.10862e-12
3.06422e-11
9.32587e-12
1.82077e-11
-4.13003e-10
-2.22045e-12
-2.66454e-12
-7.99361e-12
-1.46549e-11
-7.10543e-12
-4.44089e-13
-3.55271e-12
-2.53131e-11
-5.77316e-12
-4.05009e-10
6.21725e-12
4.88498e-12
-2.93099e-11
-4.44089e-13
-1.77636e-12
-1.42109e-11
-4.44089e-13
-4.4853e-11
-2.13163e-11
1.24345e-11
1.11022e-11
-8.88178e-12
-1.15463e-11
8.43769e-12
-1.42109e-11
-5.77316e-12
-1.77636e-12
-1.9984e-11
-6.66134e-12
-1.15463e-11
-1.24345e-11
-7.54952e-12
0
-1.42109e-11
-1.90958e-11
-4.44089e-13
-1.9984e-11
0
0
-4.88498e-12
-3.55271e-12
1.59872e-11
-6.21725e-12
1.06581e-11
0
-8.43769e-12
3.55271e-12
0
5.77316e-12
0
1.02141e-11
-8.43769e-12
0
8.88178e-13
0
4.44089e-13
8.43769e-12
0
0
4.44089e-13
-6.21725e-12
-1.15463e-11
1.55431e-11
-3.9968e-12
2.04281e-11
0
-3.9968e-12
4.44089e-13
-1.42109e-11
1.86517e-11
9.76996e-12
-1.77636e-12
1.19904e-11
-8.88178e-13
-4.44089e-13
0
-7.99361e-12
0
1.42109e-11
4.05009e-10
3.97016e-10
-8.88178e-13
8.88178e-13
-4.44089e-13
-5.32907e-12
1.46549e-11
-8.88178e-13
2.04281e-11
2.08722e-11
3.97016e-10
3.84581e-10
4.44089e-12
7.10543e-12
1.46549e-11
1.46549e-11
1.42109e-11
1.42109e-11
2.13163e-11
7.10543e-12
-4.05453e-10
-3.9968e-12
-5.77316e-12
-9.76996e-12
-8.88178e-12
-9.32587e-12
-3.9968e-12
-3.28626e-11
-4.44089e-12
-1.19904e-11
-3.93463e-10
-4.44089e-12
-1.02141e-11
-1.24345e-11
-2.04281e-11
-2.04281e-11
-1.77636e-11
-4.44089e-11
-3.55271e-12
-1.11022e-11
6.66134e-12
8.88178e-13
0
8.88178e-12
0
3.9968e-12
-3.9968e-12
6.66134e-12
-3.9968e-12
1.77636e-12
-8.88178e-12
0
3.10862e-12
1.15463e-11
1.95399e-11
1.42109e-11
8.88178e-12
-1.33227e-12
5.77316e-12
1.11022e-11
-3.10862e-12
-8.88178e-13
-5.77316e-12
-8.88178e-12
3.9968e-12
5.32907e-12
4.88498e-12
-3.9968e-12
3.9968e-12
-1.02141e-11
-4.44089e-12
8.88178e-12
9.76996e-12
-1.15463e-11
0
1.33227e-12
0
-8.88178e-13
0
0
6.66134e-12
1.33227e-12
1.37668e-11
1.06581e-11
-1.06581e-11
-1.82077e-11
1.33227e-12
0
2.22045e-12
1.64313e-11
1.33227e-12
8.88178e-13
-1.42109e-11
1.02141e-11
-5.77316e-12
-1.33227e-12
0
1.64313e-11
-1.95399e-11
-1.95399e-11
3.95683e-10
4.05898e-10
4.44089e-12
-4.44089e-13
1.64313e-11
1.59872e-11
3.06422e-11
-8.88178e-13
3.9968e-12
3.9968e-12
4.05009e-10
3.97016e-10
1.82077e-11
1.77636e-12
6.21725e-12
3.9968e-12
3.86358e-11
-2.22045e-12
1.95399e-11
1.95399e-11
-3.95683e-10
-4.88498e-12
-2.22045e-12
-9.32587e-12
-1.46549e-11
-1.46549e-11
-5.77316e-12
-3.10862e-11
-3.73035e-11
-1.42109e-11
-4.02345e-10
-1.11022e-11
-3.10862e-12
-2.30926e-11
-1.46549e-11
4.44089e-12
-1.9984e-11
-4.70735e-11
-4.4853e-11
-1.46549e-11
8.43769e-12
1.06581e-11
1.77636e-12
-1.19904e-11
8.43769e-12
0
5.32907e-12
-1.28786e-11
-7.99361e-12
9.76996e-12
0
0
0
1.59872e-11
0
-1.90958e-11
0
1.42109e-11
0
0
-1.59872e-11
-1.59872e-11
-1.77636e-12
2.22045e-12
-8.43769e-12
0
-1.9984e-11
1.19904e-11
0
3.9968e-12
5.77316e-12
8.43769e-12
0
-1.46549e-11
0
0
0
0
0
1.42109e-11
5.77316e-12
1.5099e-11
1.37668e-11
-1.15463e-11
0
8.43769e-12
1.42109e-11
-1.19904e-11
1.42109e-11
-1.42109e-11
1.33227e-11
1.15463e-11
4.44089e-13
3.9968e-12
0
0
4.44089e-13
3.9968e-12
0
0
3.94795e-10
3.88134e-10
-9.32587e-12
2.79776e-11
1.46549e-11
6.21725e-12
4.44089e-13
1.46549e-11
4.44089e-13
2.08722e-11
3.83249e-10
3.84581e-10
4.44089e-12
1.9984e-11
1.46549e-11
1.46549e-11
1.42109e-11
-4.44089e-13
1.46549e-11
7.10543e-12
-4.01457e-10
-2.22045e-12
-2.66454e-12
-8.88178e-12
-1.46549e-11
-7.10543e-12
-4.44089e-11
-8.88178e-13
-2.4869e-11
-1.19904e-11
-3.91687e-10
6.21725e-12
4.88498e-12
-2.57572e-11
-1.46549e-11
-2.08722e-11
-4.52971e-11
-3.10862e-12
-4.4853e-11
-2.13163e-11
5.32907e-12
1.11022e-11
-1.06581e-11
-9.32587e-12
0
5.77316e-12
1.55431e-11
0
-1.9984e-11
7.10543e-12
-1.15463e-11
-1.24345e-11
4.44089e-13
9.76996e-12
0
-8.88178e-13
1.42109e-11
5.77316e-12
1.42109e-11
0
3.55271e-12
-3.55271e-12
0
1.02141e-11
0
-1.90958e-11
-1.5099e-11
-2.22045e-12
0
-1.33227e-12
0
4.44089e-13
-1.59872e-11
-6.21725e-12
4.44089e-13
1.5099e-11
-1.42109e-11
-1.15463e-11
0
1.42109e-11
-1.24345e-11
4.44089e-13
5.77316e-12
-3.55271e-12
8.43769e-12
1.42109e-11
9.76996e-12
-1.06581e-11
1.02141e-11
-5.77316e-12
1.82077e-11
1.95399e-11
-1.77636e-12
-3.55271e-12
-4.44089e-13
-8.88178e-13
8.43769e-12
0
1.33227e-12
-1.33227e-11
4.17444e-10
3.95239e-10
9.32587e-12
-7.10543e-12
6.21725e-12
4.44089e-13
3.55271e-11
1.46549e-11
3.5083e-11
1.06581e-11
3.97904e-10
3.88578e-10
1.46549e-11
8.43769e-12
1.46549e-11
4.44089e-13
3.64153e-11
9.32587e-12
2.9754e-11
1.86517e-11
-3.98792e-10
3.55271e-12
4.44089e-13
4.44089e-13
-1.15463e-11
-1.55431e-11
-1.59872e-11
-4.44089e-12
-1.77636e-12
-1.46549e-11
-3.93907e-10
-1.77636e-12
-7.99361e-12
-1.42109e-11
-1.90958e-11
-1.46549e-11
-3.41949e-11
-2.13163e-11
-1.90958e-11
-4.44089e-13
-8.88178e-13
-2.66454e-12
-8.88178e-12
-1.06581e-11
4.44089e-13
1.59872e-11
-9.32587e-12
-1.28786e-11
2.22045e-12
1.9984e-11
9.76996e-12
8.88178e-12
0
1.59872e-11
0
-8.88178e-13
-4.44089e-13
1.42109e-11
-4.44089e-13
0
1.46549e-11
-1.11022e-11
-1.33227e-12
7.99361e-12
-8.43769e-12
-1.46549e-11
5.77316e-12
6.66134e-12
-1.11022e-11
-1.24345e-11
-4.44089e-12
-1.33227e-12
0
-1.55431e-11
0
1.42109e-11
0
-1.42109e-11
-4.44089e-13
4.44089e-13
-3.9968e-12
1.59872e-11
1.37668e-11
1.77636e-12
0
7.99361e-12
-1.42109e-11
-6.66134e-12
5.77316e-12
6.21725e-12
0
-8.43769e-12
0
-4.44089e-13
4.44089e-13
0
1.46549e-11
1.42109e-11
4.44089e-13
-6.21725e-12
3.9968e-10
3.98348e-10
-7.99361e-12
1.06581e-11
1.42109e-11
6.21725e-12
1.42109e-11
1.42109e-11
7.10543e-12
6.66134e-12
3.9968e-10
4.05453e-10
3.9968e-12
2.35367e-11
1.46549e-11
4.44089e-13
4.44089e-13
3.9968e-12
2.04281e-11
1.33227e-11
-3.95683e-10
-5.32907e-12
-1.24345e-11
-1.86517e-11
-2.93099e-11
1.33227e-12
-2.9754e-11
-2.93099e-11
-4.44089e-12
-2.9754e-11
-4.00124e-10
-1.24345e-11
8.88178e-13
-1.19904e-11
-3.24185e-11
4.44089e-12
-3.86358e-11
-3.10862e-11
-2.13163e-11
-4.66294e-11
-3.9968e-12
-2.66454e-12
9.76996e-12
1.11022e-11
-1.64313e-11
-1.55431e-11
-1.64313e-11
-1.46549e-11
-1.28786e-11
-1.64313e-11
-2.22045e-12
7.54952e-12
-1.77636e-12
-1.55431e-11
-4.44089e-13
-3.55271e-12
-7.99361e-12
-1.33227e-11
1.82077e-11
8.43769e-12
-4.44089e-13
2.22045e-12
6.21725e-12
-2.17604e-11
1.82077e-11
1.24345e-11
7.54952e-12
0
4.88498e-12
7.10543e-12
-7.99361e-12
0
-1.24345e-11
1.55431e-11
-1.42109e-11
-5.32907e-12
-8.88178e-13
0
-3.9968e-12
0
7.99361e-12
2.22045e-12
-7.99361e-12
3.55271e-12
-1.64313e-11
-1.06581e-11
-4.88498e-12
1.55431e-11
-4.88498e-12
-3.9968e-12
9.32587e-12
8.88178e-13
0
0
0
0
1.42109e-11
0
-1.42109e-11
-8.88178e-12
3.83249e-10
3.90354e-10
-6.66134e-12
1.5099e-11
1.11022e-11
1.46549e-11
1.11022e-11
-1.33227e-12
4.21885e-11
1.02141e-11
3.91243e-10
3.91243e-10
2.66454e-12
1.33227e-12
1.5099e-11
7.54952e-12
8.88178e-13
1.42109e-11
4.4853e-11
1.5099e-11
-3.95683e-10
-3.9968e-12
-4.44089e-12
8.88178e-13
-1.15463e-11
-2.62013e-11
-1.55431e-11
-4.44089e-12
-2.84217e-11
-1.42109e-11
-3.85025e-10
1.19904e-11
-2.17604e-11
-1.68754e-11
-1.90958e-11
-4.4853e-11
-3.37508e-11
-2.13163e-11
-3.37508e-11
-1.46549e-11
-2.66454e-12
6.21725e-12
-7.54952e-12
-1.06581e-11
1.19904e-11
-1.9984e-11
1.33227e-12
0
-6.21725e-12
1.02141e-11
-1.24345e-11
-1.11022e-11
0
9.32587e-12
0
0
1.42109e-11
1.42109e-11
1.46549e-11
0
1.37668e-11
8.88178e-12
-1.02141e-11
-6.21725e-12
-1.9984e-11
1.42109e-11
-5.77316e-12
-6.21725e-12
0
-2.66454e-12
8.88178e-13
8.88178e-12
1.77636e-12
8.88178e-12
4.44089e-13
8.43769e-12
-1.42109e-11
0
-1.42109e-11
1.42109e-11
-4.88498e-12
-4.44089e-12
1.33227e-12
8.88178e-13
7.54952e-12
-5.77316e-12
0
-6.66134e-12
1.55431e-11
1.19904e-11
6.66134e-12
0
-1.77636e-12
-8.43769e-12
0
-8.43769e-12
4.44089e-13
8.88178e-13
9.76996e-12
-1.42109e-11
3.89466e-10
3.8991e-10
1.37668e-11
1.77636e-11
6.66134e-12
1.33227e-11
3.06422e-11
1.77636e-11
4.88498e-12
0
3.88578e-10
3.87246e-10
1.46549e-11
9.32587e-12
1.46549e-11
2.04281e-11
4.52971e-11
5.77316e-12
9.76996e-12
1.90958e-11
1.95399e-11
5.32907e-12
-1.77636e-12
-1.55431e-11
-6.21725e-12
-2.66454e-11
-6.21725e-12
-2.66454e-11
-6.21725e-12
-1.33227e-12
1.11022e-11
-1.02141e-11
-3.55271e-12
-1.24345e-11
-6.66134e-12
-3.24185e-11
-6.66134e-12
-3.28626e-11
1.33227e-12
-5.77316e-12
1.06581e-11
-1.11022e-11
2.66454e-12
-8.43769e-12
3.24185e-11
-6.66134e-12
3.24185e-11
-3.9968e-12
6.21725e-12
-4.44089e-13
0
0
4.44089e-13
-1.28786e-11
0
0
0
0
0
4.44089e-13
-3.9968e-12
0
-3.9968e-12
3.10862e-12
-2.66454e-11
0
-3.24185e-11
4.44089e-13
-6.21725e-12
-8.88178e-13
9.76996e-12
0
0
1.19904e-11
6.21725e-12
4.88498e-12
6.66134e-12
6.66134e-12
-1.77636e-12
0
-4.44089e-13
1.02141e-11
8.88178e-13
4.88498e-12
8.88178e-13
3.10862e-12
2.66454e-12
-4.44089e-13
6.21725e-12
-4.88498e-12
-7.99361e-12
1.06581e-11
0
3.55271e-12
-8.88178e-13
0
-5.77316e-12
2.39808e-11
4.44089e-13
4.88498e-12
3.69482e-10
4.02345e-10
1.19904e-11
5.77316e-12
-8.88178e-13
3.01981e-11
2.22045e-12
3.9968e-12
2.75335e-11
3.41949e-11
3.82805e-10
4.0723e-10
1.33227e-11
-1.33227e-12
0
2.93099e-11
5.32907e-12
-2.44249e-11
2.84217e-11
2.93099e-11
-2.26485e-11
-3.10862e-11
-2.44249e-11
-2.62013e-11
-2.84217e-11
3.9968e-12
-3.10862e-11
-2.26485e-11
-2.62013e-11
-2.75335e-11
-2.22045e-11
-2.93099e-11
-2.57572e-11
-2.62013e-11
-2.88658e-11
0
-3.15303e-11
-2.35367e-11
-2.62013e-11
-3.06422e-11
4.44089e-13
2.22045e-12
2.35367e-11
0
2.35367e-11
-3.19744e-11
2.66454e-11
4.44089e-13
0
-3.10862e-12
-1.33227e-12
1.42109e-11
-8.88178e-13
-2.66454e-12
2.75335e-11
-2.22045e-11
0
0
0
2.53131e-11
-6.21725e-12
-8.88178e-13
4.88498e-12
0
-2.30926e-11
2.79776e-11
-2.66454e-11
2.70894e-11
0
0
2.84217e-11
-1.46549e-11
-8.88178e-13
0
-2.79776e-11
0
0
-8.88178e-13
0
0
3.55271e-12
-5.32907e-12
-2.93099e-11
2.35367e-11
4.44089e-13
3.9968e-12
-3.55271e-12
-2.53131e-11
-6.21725e-12
2.66454e-12
-3.01981e-11
2.62013e-11
0
2.75335e-11
2.84217e-11
2.22045e-11
1.9984e-11
-8.88178e-13
-3.10862e-12
0
3.06422e-11
3.28626e-11
3.24185e-11
2.22045e-12
2.84217e-11
4.44089e-13
3.24185e-11
2.93099e-11
6.66134e-12
2.62013e-11
3.19744e-11
3.55271e-12
2.88658e-11
1.77636e-12
1.33227e-12
4.44089e-12
9.32587e-12
2.88658e-11
2.66454e-12
3.9968e-12
-1.86517e-11
-3.10862e-12
-8.43769e-12
-2.39808e-11
-5.77316e-12
-2.9754e-11
4.44089e-13
-5.77316e-12
4.44089e-13
-2.66454e-12
-1.15463e-11
-1.82077e-11
-6.21725e-12
-4.61853e-11
-6.21725e-12
-2.66454e-11
3.9968e-12
-6.21725e-12
-2.22045e-11
-8.88178e-13
-4.44089e-13
-1.46549e-11
-8.88178e-13
-2.08722e-11
-3.9968e-12
-1.77636e-12
3.9968e-12
2.22045e-12
-7.54952e-12
-7.99361e-12
4.44089e-13
1.42109e-11
0
6.21725e-12
-1.11022e-11
4.44089e-13
-1.42109e-11
-4.44089e-13
1.5099e-11
8.88178e-13
1.24345e-11
7.54952e-12
3.10862e-12
1.46549e-11
1.02141e-11
3.55271e-12
-7.10543e-12
-1.77636e-12
-1.37668e-11
8.88178e-12
0
-1.42109e-11
0
6.21725e-12
1.28786e-11
0
7.10543e-12
6.21725e-12
8.88178e-13
-8.88178e-12
3.9968e-12
-7.54952e-12
-2.66454e-12
5.32907e-12
-2.22045e-12
0
-1.15463e-11
3.55271e-12
8.88178e-13
-3.10862e-12
5.32907e-12
7.99361e-12
4.44089e-13
3.10862e-12
3.9968e-12
0
0
0
-1.5099e-11
9.76996e-12
4.44089e-13
1.9984e-11
3.64153e-11
-1.77636e-12
2.66454e-12
0
1.82077e-11
3.01981e-11
2.08722e-11
2.57572e-11
3.55271e-12
1.24345e-11
3.41949e-11
3.55271e-12
1.33227e-12
0
6.21725e-12
2.84217e-11
2.08722e-11
2.26485e-11
-1.33227e-12
-1.24345e-11
-6.21725e-12
-2.17604e-11
-2.84217e-11
2.22045e-12
-2.88658e-11
-6.21725e-12
-2.13163e-11
-2.35367e-11
-8.88178e-13
-8.88178e-12
-1.86517e-11
-6.66134e-12
-3.9968e-11
-1.02141e-11
-3.77476e-11
-1.77636e-12
-6.21725e-12
-3.4639e-11
-1.90958e-11
1.02141e-11
-2.22045e-12
1.46549e-11
-1.77636e-12
-5.77316e-12
6.21725e-12
-4.44089e-13
1.37668e-11
-1.64313e-11
-3.55271e-12
3.55271e-12
-1.33227e-12
0
-8.43769e-12
-8.43769e-12
1.19904e-11
-1.77636e-11
0
-8.43769e-12
1.77636e-11
-1.90958e-11
-1.77636e-12
4.44089e-12
-7.99361e-12
-5.77316e-12
-1.90958e-11
6.21725e-12
-1.46549e-11
6.66134e-12
-6.66134e-12
-8.88178e-12
8.43769e-12
-8.43769e-12
0
8.88178e-12
0
7.99361e-12
-8.88178e-12
0
-3.55271e-12
1.55431e-11
-7.10543e-12
-3.9968e-12
6.21725e-12
-5.77316e-12
1.46549e-11
-1.5099e-11
2.04281e-11
6.21725e-12
-4.44089e-13
1.19904e-11
4.44089e-13
-5.77316e-12
0
-8.43769e-12
-7.54952e-12
0
1.19904e-11
8.43769e-12
-8.88178e-13
4.44089e-13
1.15463e-11
4.44089e-13
4.44089e-12
1.15463e-11
1.77636e-12
1.02141e-11
-4.44089e-12
4.88498e-12
6.21725e-12
-2.66454e-12
6.21725e-12
1.5099e-11
2.13163e-11
1.5099e-11
7.54952e-12
6.21725e-12
-2.66454e-12
1.24345e-11
-4.44089e-12
-2.08722e-11
-7.54952e-12
-2.08722e-11
-7.99361e-12
-1.90958e-11
-2.66454e-11
0
-2.22045e-11
2.22045e-12
-6.66134e-12
-1.5099e-11
-6.21725e-12
-7.54952e-12
-8.88178e-13
-7.10543e-12
-3.06422e-11
-6.66134e-12
0
-8.88178e-13
-5.77316e-12
1.37668e-11
-6.21725e-12
1.82077e-11
1.33227e-12
3.10862e-12
-4.88498e-12
-1.64313e-11
1.55431e-11
1.33227e-12
-1.28786e-11
-6.66134e-12
-1.11022e-11
4.44089e-12
-1.77636e-12
-1.33227e-11
-1.46549e-11
-1.33227e-11
-2.22045e-11
2.66454e-12
-1.77636e-12
-1.42109e-11
-8.88178e-13
-3.9968e-12
7.54952e-12
1.02141e-11
6.21725e-12
1.02141e-11
8.88178e-13
-3.10862e-12
0
1.90958e-11
0
-3.9968e-12
0
1.5099e-11
0
1.5099e-11
1.90958e-11
-4.88498e-12
8.88178e-12
1.02141e-11
1.77636e-11
-3.9968e-12
-1.77636e-12
-9.76996e-12
-1.90958e-11
-1.11022e-11
-1.5099e-11
-1.28786e-11
8.43769e-12
-1.06581e-11
9.32587e-12
5.77316e-12
-6.21725e-12
0
1.46549e-11
-1.5099e-11
3.10862e-12
-5.77316e-12
-2.22045e-12
1.15463e-11
-5.32907e-12
7.54952e-12
4.88498e-12
1.64313e-11
4.4853e-11
1.82077e-11
2.08722e-11
4.26326e-11
5.32907e-12
1.28786e-11
4.44089e-12
-1.33227e-12
1.02141e-11
4.44089e-12
3.01981e-11
1.90958e-11
0
3.64153e-11
-3.9968e-12
4.88498e-12
0
-1.5099e-11
0
-2.39808e-11
-2.66454e-11
0
-2.04281e-11
-3.33067e-11
-1.77636e-11
6.21725e-12
-1.02141e-11
-6.66134e-12
-1.9984e-11
-4.26326e-11
-3.59712e-11
-1.86517e-11
-7.10543e-12
-4.30767e-11
3.10862e-12
-2.04281e-11
1.33227e-12
1.28786e-11
-1.68754e-11
-1.86517e-11
-1.42109e-11
-1.86517e-11
1.19904e-11
-6.66134e-12
1.33227e-11
-5.77316e-12
3.55271e-12
0
1.42109e-11
1.42109e-11
9.76996e-12
-1.77636e-12
0
1.42109e-11
-7.99361e-12
6.66134e-12
-8.88178e-13
8.88178e-13
1.64313e-11
1.24345e-11
1.86517e-11
7.10543e-12
-5.77316e-12
1.64313e-11
0
3.10862e-12
0
3.9968e-12
-1.42109e-11
-1.37668e-11
3.55271e-12
1.42109e-11
3.10862e-12
-1.42109e-11
-4.88498e-12
-5.32907e-12
-1.64313e-11
-1.77636e-12
-3.55271e-12
-1.11022e-11
-4.44089e-12
9.76996e-12
8.43769e-12
-3.55271e-12
4.88498e-12
-1.06581e-11
4.88498e-12
-1.82077e-11
1.95399e-11
1.46549e-11
-1.11022e-11
5.77316e-12
-1.06581e-11
1.9984e-11
1.77636e-11
1.82077e-11
1.5099e-11
0
1.77636e-12
4.35207e-11
5.32907e-12
2.22045e-12
4.44089e-12
1.33227e-12
1.77636e-12
1.02141e-11
-1.77636e-12
1.82077e-11
-1.77636e-12
3.24185e-11
1.02141e-11
1.77636e-12
1.02141e-11
-1.77636e-12
4.44089e-13
-8.88178e-13
-2.75335e-11
-4.44089e-12
4.44089e-13
-2.79776e-11
-1.33227e-11
-2.75335e-11
-1.33227e-12
-3.55271e-12
-4.44089e-13
-2.08722e-11
-3.28626e-11
-1.95399e-11
-1.86517e-11
-3.19744e-11
-1.5099e-11
-2.66454e-11
-2.22045e-11
1.77636e-12
-1.33227e-12
-4.88498e-12
-1.68754e-11
-1.37668e-11
-1.86517e-11
-2.22045e-12
2.22045e-12
-6.21725e-12
-4.88498e-12
-9.76996e-12
5.77316e-12
1.55431e-11
3.55271e-12
1.95399e-11
8.88178e-12
-1.46549e-11
1.24345e-11
-1.15463e-11
1.55431e-11
-1.11022e-11
-1.24345e-11
-8.88178e-13
1.77636e-11
1.90958e-11
8.43769e-12
-9.32587e-12
-8.88178e-12
-1.24345e-11
-8.88178e-13
5.32907e-12
-1.15463e-11
3.55271e-12
-8.88178e-13
8.88178e-13
9.76996e-12
-4.44089e-13
3.10862e-12
0
3.55271e-12
5.77316e-12
1.77636e-12
5.32907e-12
-1.77636e-11
-5.32907e-12
-6.66134e-12
-4.88498e-12
2.04281e-11
1.64313e-11
4.44089e-12
7.54952e-12
1.77636e-12
8.88178e-13
-5.77316e-12
-4.88498e-12
-1.15463e-11
0
0
1.77636e-12
0
-5.77316e-12
1.42109e-11
8.88178e-13
4.39648e-11
2.66454e-12
4.39648e-11
1.15463e-11
-4.44089e-12
0
-3.55271e-12
-2.66454e-12
7.99361e-12
3.10862e-12
3.64153e-11
2.66454e-12
3.86358e-11
1.42109e-11
-2.66454e-12
7.54952e-12
-2.66454e-12
6.21725e-12
2.22045e-12
-5.32907e-12
-6.21725e-12
-7.54952e-12
-2.79776e-11
-2.35367e-11
-1.33227e-11
-6.21725e-12
-1.33227e-12
-3.55271e-12
-3.10862e-12
-2.22045e-12
-1.15463e-11
-6.66134e-12
-2.84217e-11
-2.93099e-11
8.88178e-13
-3.55271e-12
-3.55271e-12
1.77636e-12
-1.90958e-11
-1.42109e-11
2.22045e-12
4.44089e-13
-1.77636e-12
-3.55271e-12
9.32587e-12
-1.24345e-11
-1.86517e-11
-1.24345e-11
-1.55431e-11
-1.24345e-11
5.77316e-12
-9.32587e-12
-1.02141e-11
5.77316e-12
-8.88178e-13
-2.22045e-12
-1.24345e-11
-1.15463e-11
9.76996e-12
7.54952e-12
-5.77316e-12
-2.66454e-12
-1.42109e-11
-1.64313e-11
-6.21725e-12
0
1.15463e-11
1.82077e-11
0
1.33227e-12
-1.28786e-11
6.66134e-12
0
-1.9984e-11
-1.11022e-11
-1.42109e-11
1.33227e-12
0
-6.66134e-12
3.10862e-12
-7.54952e-12
-8.88178e-13
0
2.66454e-12
1.11022e-11
1.68754e-11
3.55271e-12
-2.22045e-12
1.90958e-11
1.19904e-11
9.32587e-12
1.77636e-12
-1.77636e-12
1.90958e-11
6.21725e-12
0
6.21725e-12
5.77316e-12
1.5099e-11
1.06581e-11
1.77636e-11
1.06581e-11
1.19904e-11
1.11022e-11
2.66454e-12
-4.44089e-13
5.77316e-12
2.93099e-11
-1.77636e-12
1.33227e-12
1.06581e-11
6.66134e-12
6.66134e-12
-3.55271e-12
7.10543e-12
1.77636e-11
7.54952e-12
3.33067e-11
0
-2.66454e-12
-1.55431e-11
-1.46549e-11
0
-2.53131e-11
-2.66454e-12
-3.10862e-12
-9.32587e-12
0
-2.22045e-12
-1.82077e-11
-1.9984e-11
-8.88178e-13
-4.44089e-12
-2.22045e-11
8.88178e-13
-1.68754e-11
0
-4.44089e-12
0
-4.88498e-12
0
1.02141e-11
4.44089e-13
-1.33227e-11
-1.5099e-11
-1.28786e-11
-7.99361e-12
-1.77636e-12
-1.33227e-11
1.42109e-11
-1.28786e-11
-1.37668e-11
-1.28786e-11
-4.88498e-12
-7.10543e-12
1.55431e-11
-9.76996e-12
1.33227e-12
3.55271e-12
9.76996e-12
-3.9968e-12
7.99361e-12
4.44089e-13
-4.44089e-13
4.88498e-12
-4.44089e-13
1.77636e-11
-1.64313e-11
-4.44089e-13
-5.77316e-12
-4.44089e-13
8.43769e-12
-4.44089e-13
-1.11022e-11
3.10862e-12
0
1.15463e-11
-1.33227e-12
-1.77636e-11
-5.77316e-12
1.33227e-12
-1.82077e-11
-7.99361e-12
1.33227e-11
-5.32907e-12
1.64313e-11
-1.77636e-11
1.15463e-11
1.77636e-11
5.77316e-12
1.37668e-11
-4.44089e-13
1.82077e-11
1.42109e-11
-2.66454e-12
-1.5099e-11
-1.24345e-11
-1.55431e-11
1.46549e-11
4.44089e-13
2.88658e-11
1.46549e-11
7.99361e-12
2.93099e-11
1.73195e-11
2.62013e-11
1.77636e-11
3.41949e-11
-3.9968e-12
4.44089e-13
3.10862e-11
6.66134e-12
0
2.84217e-11
7.10543e-12
4.26326e-11
1.02141e-11
4.61853e-11
-3.9968e-12
-2.53131e-11
-6.21725e-12
-1.19904e-11
-3.01981e-11
-2.35367e-11
-2.66454e-12
-6.21725e-12
-1.82077e-11
-7.54952e-12
-9.32587e-12
-4.61853e-11
-1.15463e-11
-4.44089e-13
-3.9968e-11
-4.35207e-11
-1.42109e-11
-3.55271e-12
-1.86517e-11
-9.76996e-12
-1.42109e-11
-1.9984e-11
-1.24345e-11
1.33227e-11
0
-3.55271e-12
5.77316e-12
-1.24345e-11
1.42109e-11
-8.43769e-12
-7.99361e-12
1.59872e-11
-7.10543e-12
0
1.19904e-11
1.42109e-11
1.19904e-11
-2.22045e-12
1.5099e-11
5.77316e-12
9.76996e-12
1.37668e-11
8.88178e-12
-1.64313e-11
-7.99361e-12
-2.22045e-12
-5.77316e-12
0
4.44089e-13
1.37668e-11
0
3.55271e-12
1.28786e-11
8.88178e-13
-1.9984e-11
5.77316e-12
3.55271e-12
-1.46549e-11
3.10862e-12
-7.10543e-12
-7.10543e-12
-1.37668e-11
-7.10543e-12
-2.66454e-12
-5.77316e-12
-1.15463e-11
-1.77636e-12
1.68754e-11
-6.21725e-12
-4.44089e-12
4.44089e-13
0
2.22045e-12
-4.44089e-13
0
-1.9984e-11
-8.88178e-13
1.02141e-11
4.44089e-13
-7.54952e-12
1.11022e-11
2.08722e-11
1.68754e-11
1.73195e-11
1.73195e-11
4.26326e-11
3.55271e-12
-3.55271e-12
7.54952e-12
8.88178e-12
1.5099e-11
3.10862e-12
3.55271e-12
-2.66454e-12
2.04281e-11
4.4853e-11
-2.66454e-12
4.88498e-12
-3.9968e-12
1.90958e-11
2.70894e-11
2.35367e-11
-2.9754e-11
-3.10862e-12
-5.77316e-12
4.44089e-13
-2.62013e-11
-2.9754e-11
-6.21725e-12
-2.66454e-11
-6.21725e-12
1.37668e-11
-3.4639e-11
-6.21725e-12
-3.4639e-11
-2.22045e-12
-6.66134e-12
-3.41949e-11
1.28786e-11
-3.24185e-11
-2.70894e-11
-2.4869e-11
1.33227e-12
0
-2.79776e-11
-2.66454e-11
-2.22045e-12
-4.44089e-12
3.01981e-11
0
0
0
4.88498e-12
2.62013e-11
3.55271e-12
-2.62013e-11
-6.66134e-12
-4.44089e-13
0
0
-3.55271e-12
-1.33227e-12
2.62013e-11
0
3.10862e-11
2.44249e-11
2.66454e-11
4.44089e-12
-2.66454e-11
-4.44089e-12
0
1.15463e-11
0
3.9968e-12
-2.22045e-12
2.53131e-11
-1.42109e-11
0
1.06581e-11
3.24185e-11
-4.44089e-13
-4.44089e-12
0
-2.66454e-12
0
-2.44249e-11
-2.44249e-11
4.44089e-13
2.22045e-12
0
3.06422e-11
-3.10862e-11
2.75335e-11
-3.01981e-11
4.44089e-12
-2.35367e-11
-4.44089e-12
7.10543e-12
-3.01981e-11
-3.24185e-11
3.9968e-12
3.24185e-11
-2.70894e-11
3.01981e-11
4.44089e-13
-1.33227e-12
0
0
2.75335e-11
3.24185e-11
-2.44249e-11
3.24185e-11
-2.66454e-11
2.9754e-11
2.79776e-11
-4.44089e-13
6.21725e-12
0
3.15303e-11
3.28626e-11
-2.26485e-11
-2.26485e-11
-2.70894e-11
-2.35367e-11
-2.26485e-11
-2.66454e-11
-2.35367e-11
-2.53131e-11
-2.26485e-11
2.30926e-11
-2.35367e-11
-2.30926e-11
-2.44249e-11
-2.26485e-11
-2.35367e-11
-2.44249e-11
-2.26485e-11
-2.88658e-11
-2.35367e-11
2.26485e-11
4.44089e-13
1.33227e-12
0
-4.88498e-12
-4.88498e-12
2.84217e-11
-4.88498e-12
2.70894e-11
-4.88498e-12
5.77316e-12
0
2.70894e-11
0
2.84217e-11
2.84217e-11
2.75335e-11
2.75335e-11
8.88178e-13
2.84217e-11
6.21725e-12
-4.44089e-13
-6.21725e-12
3.10862e-12
3.28626e-11
3.28626e-11
1.33227e-12
3.37508e-11
-1.82077e-11
3.28626e-11
4.44089e-13
0
-2.75335e-11
-3.10862e-12
-2.84217e-11
-2.84217e-11
0
-2.84217e-11
3.01981e-11
-3.06422e-11
-1.77636e-12
-2.66454e-12
4.88498e-12
0
-2.79776e-11
-1.19904e-11
-3.06422e-11
-2.79776e-11
-8.88178e-12
-3.01981e-11
-1.77636e-12
0
-5.77316e-12
0
2.79776e-11
2.84217e-11
0
2.79776e-11
1.33227e-12
3.06422e-11
1.77636e-12
3.15303e-11
2.35367e-11
2.79776e-11
2.93099e-11
1.28786e-11
3.15303e-11
2.93099e-11
-1.33227e-12
3.10862e-11
-2.79776e-11
2.9754e-11
2.84217e-11
3.06422e-11
1.33227e-12
1.33227e-12
1.33227e-12
1.33227e-12
-2.70894e-11
1.33227e-12
-2.88658e-11
-1.90958e-11
-4.88498e-12
-7.99361e-12
-6.21725e-12
-4.88498e-12
-8.43769e-12
-6.21725e-12
-1.02141e-11
-1.95399e-11
4.44089e-12
0
-2.08722e-11
-4.44089e-12
-9.76996e-12
-1.06581e-11
1.77636e-12
-9.76996e-12
-1.73195e-11
-9.76996e-12
-2.35367e-11
1.5099e-11
2.66454e-12
1.77636e-12
2.66454e-12
2.66454e-12
4.88498e-12
1.33227e-12
-2.66454e-12
1.46549e-11
-2.93099e-11
-1.02141e-11
1.42109e-11
-8.88178e-13
0
0
0
0
6.21725e-12
0
-2.22045e-12
-2.22045e-12
-2.66454e-12
7.10543e-12
-2.66454e-12
-2.66454e-12
3.9968e-12
-1.33227e-12
9.76996e-12
4.44089e-12
3.06422e-11
3.9968e-12
0
-7.54952e-12
3.9968e-12
3.9968e-12
0
3.9968e-12
1.19904e-11
3.9968e-12
2.79776e-11
4.88498e-12
0
-4.88498e-12
5.77316e-12
5.77316e-12
-1.5099e-11
5.77316e-12
-4.44089e-12
0
-5.32907e-12
5.32907e-12
0
-8.88178e-13
0
0
0
0
8.88178e-13
0
-2.53131e-11
2.84217e-11
5.32907e-12
4.44089e-12
-1.77636e-12
-1.77636e-12
1.28786e-11
-1.77636e-12
4.44089e-13
-1.77636e-12
5.32907e-12
2.75335e-11
4.88498e-12
1.33227e-11
3.55271e-12
3.55271e-12
-2.22045e-12
3.55271e-12
-6.21725e-12
3.55271e-12
2.79776e-11
-1.02141e-11
5.32907e-12
-1.82077e-11
-1.02141e-11
-2.84217e-11
-1.02141e-11
-1.02141e-11
1.33227e-12
-1.02141e-11
4.88498e-12
0
-6.66134e-12
0
0
-3.9968e-11
-1.68754e-11
-1.15463e-11
4.88498e-12
-1.15463e-11
-2.53131e-11
-8.43769e-12
-5.77316e-12
7.54952e-12
-9.32587e-12
-5.77316e-12
8.88178e-13
-8.43769e-12
-7.54952e-12
-9.32587e-12
-1.19904e-11
-1.9984e-11
-8.43769e-12
0
-1.90958e-11
-8.43769e-12
-2.66454e-12
-8.43769e-12
0
-8.88178e-12
-3.55271e-12
8.43769e-12
-3.9968e-12
1.02141e-11
8.43769e-12
-3.9968e-12
-1.33227e-12
8.43769e-12
-4.88498e-12
1.9984e-11
-1.59872e-11
1.55431e-11
0
0
1.55431e-11
0
8.43769e-12
1.55431e-11
-8.88178e-13
1.46549e-11
0
8.43769e-12
0
-2.17604e-11
1.02141e-11
0
8.88178e-12
1.02141e-11
1.33227e-11
-8.88178e-12
-2.66454e-12
0
0
0
-8.88178e-13
0
0
-8.88178e-13
-1.77636e-12
-6.66134e-12
0
-3.9968e-12
1.15463e-11
4.44089e-11
-4.88498e-12
1.15463e-11
-3.9968e-12
-4.88498e-12
2.53131e-11
3.9968e-12
3.15303e-11
-4.44089e-13
2.04281e-11
2.22045e-11
-4.44089e-13
2.04281e-11
6.21725e-12
-4.44089e-13
2.39808e-11
6.21725e-12
3.41949e-11
-4.44089e-12
8.88178e-13
-6.21725e-12
-4.44089e-12
8.88178e-13
-4.44089e-12
-5.32907e-12
-2.93099e-11
-5.32907e-12
-2.66454e-11
-6.66134e-12
1.33227e-12
2.22045e-12
-4.44089e-12
1.33227e-12
-1.02141e-11
-4.88498e-12
-2.75335e-11
-4.88498e-12
-8.88178e-13
-1.37668e-11
-6.21725e-12
-8.43769e-12
1.77636e-12
8.88178e-13
-8.88178e-13
3.10862e-12
-2.22045e-12
3.10862e-12
2.62013e-11
-1.24345e-11
0
0
-1.55431e-11
0
5.32907e-12
-1.55431e-11
-8.88178e-13
-1.55431e-11
-2.62013e-11
1.68754e-11
7.99361e-12
2.66454e-12
-1.77636e-11
-1.33227e-12
-4.88498e-12
-6.66134e-12
-6.66134e-12
-1.77636e-11
-2.66454e-11
0
-2.22045e-12
-8.88178e-12
1.90958e-11
-2.66454e-12
-1.55431e-11
1.86517e-11
-6.66134e-12
1.90958e-11
-4.44089e-13
1.33227e-12
-1.68754e-11
0
2.04281e-11
-2.66454e-12
-8.43769e-12
-2.66454e-12
1.02141e-11
2.04281e-11
0
9.76996e-12
3.55271e-12
-5.77316e-12
-1.9984e-11
2.22045e-12
0
-9.32587e-12
-1.77636e-12
-1.9984e-11
4.44089e-13
-5.32907e-12
1.9984e-11
3.68594e-11
-4.44089e-13
7.99361e-12
1.86517e-11
1.19904e-11
2.44249e-11
-4.44089e-13
2.66454e-11
3.55271e-12
2.66454e-12
3.77476e-11
1.9984e-11
4.44089e-12
1.90958e-11
9.32587e-12
3.55271e-11
1.9984e-11
2.75335e-11
-1.06581e-11
-1.77636e-12
-1.82077e-11
-1.06581e-11
-4.44089e-13
-1.06581e-11
-1.06581e-11
-1.82077e-11
-8.88178e-13
4.44089e-12
-1.9984e-11
-2.04281e-11
0
-1.77636e-12
-1.9984e-11
-5.77316e-12
-1.9984e-11
0
-1.9984e-11
-2.84217e-11
-8.43769e-12
0
7.10543e-12
3.9968e-12
0
2.66454e-12
3.9968e-12
7.10543e-12
-1.95399e-11
-1.19904e-11
1.42109e-11
0
-8.43769e-12
-1.82077e-11
0
0
0
-8.43769e-12
0
-4.44089e-13
6.66134e-12
-5.32907e-12
-7.99361e-12
-5.32907e-12
-1.15463e-11
-4.44089e-12
-5.32907e-12
2.66454e-12
8.43769e-12
-1.77636e-11
-5.77316e-12
1.55431e-11
6.21725e-12
7.99361e-12
7.99361e-12
-5.77316e-12
7.99361e-12
6.21725e-12
7.99361e-12
5.77316e-12
1.02141e-11
4.44089e-12
1.19904e-11
2.22045e-12
1.15463e-11
1.02141e-11
2.22045e-12
-3.55271e-12
2.22045e-12
0
5.77316e-12
-1.5099e-11
3.10862e-12
5.77316e-12
-8.43769e-12
1.15463e-11
5.77316e-12
1.77636e-12
5.77316e-12
-6.66134e-12
1.33227e-12
2.70894e-11
2.79776e-11
9.32587e-12
2.70894e-11
1.33227e-12
9.32587e-12
3.24185e-11
9.32587e-12
3.10862e-11
6.21725e-12
4.70735e-11
2.26485e-11
6.21725e-12
4.70735e-11
4.44089e-13
6.21725e-12
2.44249e-11
6.21725e-12
3.37508e-11
-2.70894e-11
-1.46549e-11
-6.21725e-12
0
-3.81917e-11
-6.21725e-12
0
-3.10862e-12
0
-3.24185e-11
-3.68594e-11
5.32907e-12
0
0
-2.84217e-11
-9.76996e-12
0
1.33227e-12
0
-1.77636e-12
-3.55271e-12
8.88178e-13
3.10862e-12
-1.9984e-11
1.06581e-11
2.22045e-12
-6.21725e-12
4.44089e-13
-1.9984e-11
2.93099e-11
9.76996e-12
-1.06581e-11
-1.77636e-12
-5.77316e-12
-1.15463e-11
7.99361e-12
-9.76996e-12
-2.08722e-11
-9.76996e-12
-2.9754e-11
3.55271e-12
1.82077e-11
-1.33227e-11
1.95399e-11
-8.88178e-13
-1.28786e-11
5.77316e-12
2.22045e-12
1.95399e-11
4.44089e-13
-4.88498e-12
1.15463e-11
-4.88498e-12
4.88498e-12
1.15463e-11
-2.66454e-12
9.76996e-12
1.64313e-11
9.76996e-12
2.93099e-11
-8.88178e-13
-1.15463e-11
6.66134e-12
-2.66454e-12
-1.15463e-11
1.73195e-11
-7.10543e-12
-1.82077e-11
-3.55271e-12
-2.57572e-11
0
0
-8.43769e-12
0
0
0
0
-6.21725e-12
0
0
-8.88178e-13
1.24345e-11
6.21725e-12
1.77636e-11
8.88178e-12
8.88178e-13
7.99361e-12
1.86517e-11
4.44089e-12
2.66454e-11
2.66454e-12
1.33227e-12
1.33227e-11
1.42109e-11
-1.33227e-12
4.88498e-12
1.33227e-12
1.06581e-11
1.33227e-12
4.44089e-13
-3.81917e-11
5.77316e-12
8.88178e-13
-3.81917e-11
-2.84217e-11
-3.81917e-11
-3.81917e-11
-2.75335e-11
-2.84217e-11
-1.37668e-11
-4.84057e-11
4.88498e-12
-3.9968e-12
-3.28626e-11
-2.84217e-11
-4.84057e-11
-3.28626e-11
-3.41949e-11
-3.33067e-11
-1.77636e-12
6.66134e-12
-1.37668e-11
-4.44089e-12
3.55271e-12
-5.77316e-12
6.66134e-12
8.88178e-13
-8.88178e-13
-7.99361e-12
-1.64313e-11
-4.44089e-13
-1.15463e-11
6.66134e-12
3.10862e-12
-1.15463e-11
2.04281e-11
-1.5099e-11
-1.19904e-11
-1.5099e-11
-2.9754e-11
3.9968e-12
3.9968e-12
-4.44089e-13
5.77316e-12
5.77316e-12
1.77636e-12
8.88178e-12
0
6.21725e-12
2.75335e-11
1.95399e-11
1.15463e-11
-1.55431e-11
8.88178e-13
1.15463e-11
-1.82077e-11
1.95399e-11
-1.77636e-12
1.9984e-11
2.93099e-11
-1.33227e-12
9.76996e-12
0
-1.77636e-12
0
-7.10543e-12
-2.17604e-11
-8.88178e-12
0
-2.93099e-11
-1.9984e-11
-1.9984e-11
6.66134e-12
-4.88498e-12
-1.9984e-11
1.73195e-11
-1.95399e-11
1.5099e-11
-3.9968e-12
-2.62013e-11
1.33227e-12
4.44089e-13
6.66134e-12
-3.10862e-12
4.44089e-13
6.21725e-12
2.17604e-11
6.21725e-12
2.22045e-12
2.26485e-11
2.04281e-11
1.9984e-11
8.88178e-12
0
1.9984e-11
-2.66454e-12
1.9984e-11
1.77636e-12
3.9968e-12
1.9984e-11
-2.53131e-11
-2.75335e-11
-7.54952e-12
4.44089e-13
-4.44089e-13
-2.53131e-11
-1.86517e-11
-6.66134e-12
2.66454e-12
2.17604e-11
-1.68754e-11
-3.64153e-11
-2.17604e-11
0
-1.33227e-12
-1.68754e-11
0
-3.55271e-12
1.77636e-12
1.55431e-11
4.44089e-13
-1.86517e-11
-7.99361e-12
-4.44089e-13
4.44089e-13
2.66454e-12
1.73195e-11
7.10543e-12
-4.44089e-13
3.9968e-12
0
3.9968e-12
1.59872e-11
0
-5.77316e-12
1.77636e-12
-1.33227e-12
-7.54952e-12
0
-1.68754e-11
-1.33227e-11
8.43769e-12
7.54952e-12
-2.22045e-12
-1.06581e-11
3.55271e-12
-2.04281e-11
-1.19904e-11
-3.9968e-12
-3.01981e-11
0
-1.28786e-11
0
0
-1.28786e-11
0
0
0
0
0
6.21725e-12
7.99361e-12
4.44089e-13
-1.46549e-11
5.77316e-12
0
8.88178e-13
6.21725e-12
-1.28786e-11
3.9968e-12
-3.55271e-12
0
0
0
0
-2.22045e-12
0
9.32587e-12
0
0
8.88178e-12
2.22045e-12
6.66134e-12
1.82077e-11
3.15303e-11
3.10862e-12
2.17604e-11
3.9968e-12
1.82077e-11
6.21725e-12
-1.33227e-12
1.86517e-11
6.66134e-12
4.44089e-13
4.57412e-11
3.10862e-12
1.77636e-12
-1.77636e-12
4.44089e-13
7.99361e-12
0
-4.44089e-12
8.88178e-13
-2.84217e-11
-3.81917e-11
-3.41949e-11
-2.84217e-11
-2.75335e-11
-2.84217e-11
-2.84217e-11
-1.9984e-11
-6.21725e-12
2.22045e-12
-3.9968e-11
-3.9968e-11
-3.33067e-11
-3.9968e-11
-4.26326e-11
-3.9968e-11
-3.19744e-11
-3.9968e-12
-3.9968e-12
-3.9968e-12
-5.77316e-12
3.9968e-12
2.66454e-12
-9.32587e-12
-1.02141e-11
-8.43769e-12
-4.44089e-13
0
7.10543e-12
-1.77636e-12
9.76996e-12
6.66134e-12
5.32907e-12
7.54952e-12
-4.88498e-12
7.10543e-12
3.10862e-12
3.9968e-12
-6.66134e-12
3.9968e-12
4.88498e-12
-1.42109e-11
1.77636e-12
8.43769e-12
-1.02141e-11
6.21725e-12
-5.32907e-12
0
-1.5099e-11
-4.88498e-12
1.77636e-12
-1.5099e-11
-4.88498e-12
4.88498e-12
1.64313e-11
4.88498e-12
-8.88178e-13
-7.54952e-12
1.9984e-11
-2.04281e-11
8.88178e-13
1.9984e-11
-1.77636e-12
-1.33227e-12
1.82077e-11
2.22045e-12
2.22045e-12
1.55431e-11
0
-7.99361e-12
0
0
0
0
-1.73195e-11
-2.22045e-12
-5.32907e-12
1.77636e-12
2.53131e-11
1.86517e-11
1.42109e-11
2.53131e-11
4.88498e-12
-1.33227e-12
-8.88178e-13
-2.22045e-12
3.10862e-11
-8.88178e-13
4.4853e-11
1.33227e-11
1.42109e-11
4.4853e-11
4.88498e-12
-1.33227e-12
1.59872e-11
0
3.37508e-11
-3.19744e-11
2.84217e-11
4.44089e-13
-3.19744e-11
-1.33227e-12
-3.19744e-11
-3.19744e-11
-2.84217e-11
-3.19744e-11
2.79776e-11
-3.4639e-11
-5.77316e-12
-2.66454e-11
-3.4639e-11
-3.4639e-11
-2.79776e-11
-3.4639e-11
-2.75335e-11
-3.4639e-11
4.44089e-13
-2.22045e-12
-3.55271e-12
-1.28786e-11
2.66454e-12
-2.79776e-11
3.10862e-12
8.88178e-13
-4.44089e-13
2.66454e-12
-2.66454e-11
6.21725e-12
6.21725e-12
2.44249e-11
6.21725e-12
6.21725e-12
2.22045e-11
6.66134e-12
-4.44089e-12
6.21725e-12
2.22045e-11
2.22045e-12
3.55271e-12
-1.37668e-11
-8.88178e-13
0
0
-1.33227e-12
2.22045e-11
8.88178e-13
2.66454e-11
-2.66454e-12
-8.88178e-13
-2.66454e-11
1.28786e-11
-8.88178e-13
-2.22045e-11
0
-1.77636e-12
0
-2.22045e-12
3.10862e-12
-3.01981e-11
0
1.77636e-12
-2.22045e-12
2.62013e-11
3.55271e-12
-2.4869e-11
0
-8.88178e-13
2.75335e-11
-2.22045e-12
0
-1.90958e-11
-2.22045e-12
2.57572e-11
-7.10543e-12
6.66134e-12
2.70894e-11
-1.90958e-11
2.66454e-11
2.53131e-11
2.62013e-11
2.70894e-11
2.4869e-11
-2.57572e-11
8.88178e-13
2.66454e-12
0
-2.75335e-11
3.55271e-12
2.4869e-11
2.88658e-11
3.37508e-11
2.53131e-11
-2.70894e-11
6.21725e-12
0
-2.70894e-11
-4.44089e-13
)
;

boundaryField
{
    frontAndBack
    {
        type            calculated;
        value           nonuniform List<scalar> 
600
(
-3.92131e-10
-3.78364e-10
7.10543e-12
-1.37668e-11
-6.21725e-12
0
1.02141e-11
4.44089e-13
-2.39808e-11
-1.28786e-11
-2.66454e-12
-2.66454e-12
0
2.66454e-12
-3.9968e-12
-2.66454e-12
1.73195e-11
3.55271e-12
3.8991e-10
3.9968e-10
9.32587e-12
6.66134e-12
-2.66454e-12
-1.11022e-11
1.77636e-12
0
2.22045e-12
1.9984e-11
-7.99361e-12
-1.42109e-11
-1.37668e-11
-2.22045e-12
4.88498e-12
-1.24345e-11
-4.44089e-12
2.66454e-12
1.37668e-11
6.21725e-12
1.02141e-11
1.59872e-11
-3.55271e-12
-6.21725e-12
2.9754e-11
0
-3.24185e-11
5.77316e-12
5.32907e-12
2.57572e-11
-4.44089e-13
-2.39808e-11
-6.21725e-12
0
3.24185e-11
-6.21725e-12
-2.62013e-11
3.01981e-11
4.44089e-13
0
2.57572e-11
2.22045e-12
-3.55271e-12
-6.21725e-12
4.44089e-13
4.88498e-12
-3.55271e-12
1.46549e-11
3.10862e-12
-1.5099e-11
2.9754e-11
2.79776e-11
-2.66454e-11
-2.66454e-11
2.62013e-11
2.62013e-11
-3.19744e-11
0
3.19744e-11
-2.62013e-11
-6.21725e-12
1.90958e-11
-6.21725e-12
2.44249e-11
2.66454e-12
0
2.75335e-11
-1.15463e-11
-2.39808e-11
0
-8.88178e-13
-1.37668e-11
-2.75335e-11
-2.62013e-11
0
-7.10543e-12
1.33227e-12
0
-3.9968e-12
0
3.9968e-12
6.21725e-12
1.95399e-11
1.11022e-11
1.06581e-11
0
-3.9968e-12
9.76996e-12
-4.44089e-13
-7.99361e-12
3.69482e-10
3.82805e-10
5.32907e-12
-1.02141e-11
-1.11022e-11
0
0
0
1.02141e-11
1.06581e-11
4.02345e-10
4.0723e-10
-1.77636e-12
-3.55271e-12
2.66454e-12
4.44089e-13
-3.9968e-12
0
8.88178e-13
0
1.19904e-11
1.33227e-11
-1.55431e-11
-1.24345e-11
-8.43769e-12
-1.28786e-11
3.10862e-12
1.19904e-11
4.88498e-12
3.55271e-12
5.77316e-12
-1.33227e-12
-6.21725e-12
-6.66134e-12
3.24185e-11
0
-2.66454e-11
6.21725e-12
8.88178e-13
-8.88178e-13
-8.88178e-13
0
-2.66454e-11
-3.24185e-11
-6.66134e-12
0
0
4.88498e-12
3.10862e-12
0
3.01981e-11
2.93099e-11
-6.21725e-12
-6.66134e-12
3.24185e-11
0
-3.24185e-11
6.66134e-12
2.66454e-12
-5.77316e-12
2.22045e-12
5.32907e-12
-2.66454e-11
-3.28626e-11
-3.9968e-12
0
4.44089e-13
6.66134e-12
-4.44089e-13
2.39808e-11
3.9968e-12
-2.44249e-11
-6.21725e-12
1.33227e-12
6.21725e-12
0
-6.21725e-12
-1.77636e-12
6.21725e-12
4.44089e-13
2.75335e-11
2.84217e-11
-1.33227e-12
-5.77316e-12
-4.44089e-13
4.44089e-13
-8.88178e-13
0
-4.88498e-12
4.88498e-12
3.41949e-11
2.93099e-11
-2.26485e-11
-2.22045e-11
4.44089e-13
-1.33227e-12
-6.21725e-12
2.84217e-11
3.55271e-12
-3.01981e-11
3.06422e-11
3.19744e-11
-3.10862e-11
-2.93099e-11
2.22045e-12
1.42109e-11
-8.88178e-13
-1.46549e-11
-5.32907e-12
2.62013e-11
3.28626e-11
3.55271e-12
-2.44249e-11
-2.57572e-11
2.35367e-11
-8.88178e-13
4.88498e-12
-8.88178e-13
-2.93099e-11
0
3.24185e-11
2.88658e-11
-2.62013e-11
-2.62013e-11
0
-2.66454e-12
0
0
2.35367e-11
2.75335e-11
2.22045e-12
1.77636e-12
-2.84217e-11
-2.88658e-11
2.35367e-11
2.75335e-11
-2.30926e-11
-2.79776e-11
4.44089e-13
2.84217e-11
2.84217e-11
1.33227e-12
3.9968e-12
0
-3.19744e-11
-2.22045e-11
2.79776e-11
0
3.9968e-12
2.22045e-11
4.44089e-13
4.44089e-12
-3.10862e-11
-3.15303e-11
2.66454e-11
0
-2.66454e-11
0
-3.55271e-12
1.9984e-11
3.24185e-11
9.32587e-12
-2.26485e-11
-2.35367e-11
4.44089e-13
0
2.70894e-11
-8.88178e-13
-2.53131e-11
-8.88178e-13
2.93099e-11
2.88658e-11
-2.62013e-11
-2.62013e-11
0
0
0
0
-6.21725e-12
-3.10862e-12
6.66134e-12
2.66454e-12
-2.75335e-11
-3.06422e-11
-3.10862e-12
2.53131e-11
0
0
2.66454e-12
0
2.62013e-11
3.9968e-12
2.70894e-11
-6.21725e-12
-2.70894e-11
0
-3.55271e-12
0
-4.44089e-13
3.06422e-11
3.9968e-12
-2.44249e-11
2.35367e-11
1.37668e-11
-2.4869e-11
0
-1.33227e-12
1.15463e-11
-4.44089e-12
-3.10862e-11
3.24185e-11
3.24185e-11
-2.9754e-11
-3.4639e-11
1.33227e-12
4.88498e-12
2.62013e-11
0
0
2.75335e-11
-2.70894e-11
-2.66454e-11
-3.10862e-12
-6.21725e-12
0
2.62013e-11
0
3.9968e-12
-2.66454e-12
-3.01981e-11
3.01981e-11
2.9754e-11
-5.77316e-12
-3.4639e-11
-2.79776e-11
3.55271e-12
3.10862e-11
-2.22045e-12
0
4.44089e-12
4.44089e-13
2.79776e-11
4.44089e-13
-2.22045e-12
-2.66454e-11
-2.62013e-11
2.44249e-11
2.53131e-11
-2.44249e-11
-2.35367e-11
-1.33227e-12
-4.44089e-13
-2.62013e-11
-6.66134e-12
-2.22045e-12
-6.66134e-12
2.66454e-11
-1.42109e-11
-2.44249e-11
-4.44089e-12
0
6.21725e-12
-2.9754e-11
-3.41949e-11
-4.44089e-12
-4.44089e-13
4.44089e-12
0
4.44089e-13
7.10543e-12
0
0
-6.21725e-12
1.28786e-11
3.01981e-11
0
-2.66454e-11
1.06581e-11
2.22045e-12
-3.01981e-11
2.75335e-11
3.15303e-11
-2.66454e-11
-3.24185e-11
0
0
-4.44089e-12
3.24185e-11
0
-3.24185e-11
3.24185e-11
3.28626e-11
-2.26485e-11
-2.35367e-11
4.44089e-13
0
-4.44089e-13
0
-2.66454e-12
0
3.15303e-11
2.9754e-11
-2.26485e-11
-2.30926e-11
1.33227e-12
2.70894e-11
-6.21725e-12
-2.75335e-11
4.88498e-12
-5.77316e-12
2.35367e-11
2.84217e-11
-2.70894e-11
-2.44249e-11
0
0
3.10862e-12
-3.10862e-12
0
0
2.79776e-11
3.06422e-11
-2.35367e-11
-2.26485e-11
-4.88498e-12
2.84217e-11
3.28626e-11
-2.84217e-11
-2.79776e-11
2.79776e-11
2.93099e-11
1.33227e-12
-2.26485e-11
-2.35367e-11
-4.88498e-12
2.84217e-11
3.28626e-11
-2.84217e-11
-1.19904e-11
2.84217e-11
1.28786e-11
1.33227e-12
-2.66454e-11
-2.44249e-11
2.84217e-11
2.75335e-11
1.33227e-12
0
-3.06422e-11
0
3.15303e-11
1.33227e-12
-2.35367e-11
-2.26485e-11
-4.88498e-12
2.75335e-11
3.37508e-11
-2.84217e-11
-2.79776e-11
2.79776e-11
2.93099e-11
1.33227e-12
-2.53131e-11
-2.88658e-11
2.70894e-11
8.88178e-13
-1.82077e-11
3.01981e-11
-8.88178e-12
1.33227e-12
-1.33227e-12
-2.70894e-11
-2.26485e-11
-2.35367e-11
-4.88498e-12
2.84217e-11
3.28626e-11
-3.06422e-11
-3.01981e-11
3.06422e-11
3.10862e-11
1.33227e-12
2.30926e-11
2.26485e-11
5.77316e-12
6.21725e-12
4.44089e-13
-1.77636e-12
-1.77636e-12
1.77636e-12
-2.79776e-11
-2.88658e-11
-3.19744e-11
-3.4639e-11
-2.22045e-12
6.21725e-12
2.22045e-12
-2.66454e-12
3.10862e-12
2.75335e-11
2.66454e-11
3.55271e-12
2.84217e-11
-5.77316e-12
-3.55271e-12
6.21725e-12
3.55271e-12
-8.88178e-13
-3.01981e-11
-2.22045e-12
2.53131e-11
2.4869e-11
4.44089e-13
-2.66454e-11
-1.28786e-11
2.44249e-11
-1.37668e-11
-2.66454e-11
0
0
2.62013e-11
2.88658e-11
-3.19744e-11
-3.4639e-11
2.66454e-12
6.21725e-12
-8.88178e-13
1.28786e-11
1.77636e-12
-1.90958e-11
2.70894e-11
3.37508e-11
-1.33227e-12
-3.4639e-11
-2.79776e-11
6.21725e-12
0
-8.88178e-13
-2.22045e-12
-2.22045e-12
2.4869e-11
2.53131e-11
-3.19744e-11
-2.79776e-11
3.10862e-12
2.22045e-11
0
-2.22045e-11
2.62013e-11
2.57572e-11
-2.57572e-11
-2.70894e-11
-3.19744e-11
-3.4639e-11
8.88178e-13
6.66134e-12
-1.33227e-12
0
3.55271e-12
-7.10543e-12
8.88178e-13
6.21725e-12
-2.84217e-11
-2.75335e-11
-4.44089e-13
-4.44089e-12
2.22045e-11
-1.77636e-12
-2.4869e-11
6.66134e-12
2.66454e-12
0
-3.19744e-11
-3.4639e-11
2.66454e-12
6.21725e-12
8.88178e-13
0
0
2.70894e-11
0
-2.70894e-11
2.79776e-11
4.44089e-13
-2.66454e-11
2.22045e-11
2.66454e-11
-2.22045e-12
-8.88178e-13
-1.90958e-11
-2.75335e-11
-4.44089e-13
)
;
    }
    left
    {
        type            calculated;
        value           nonuniform List<scalar> 
100
(
-3.92131e-10
-3.78364e-10
7.10543e-12
-1.37668e-11
-6.21725e-12
0
1.02141e-11
4.44089e-13
-2.39808e-11
-1.28786e-11
-3.98792e-10
-3.86802e-10
2.66454e-12
-1.19904e-11
-4.88498e-12
4.44089e-13
1.02141e-11
0
3.96572e-10
4.05898e-10
-4.13003e-10
-4.05009e-10
1.24345e-11
-1.15463e-11
-4.88498e-12
0
4.44089e-13
1.86517e-11
4.05009e-10
3.97016e-10
-4.05453e-10
-3.93463e-10
6.66134e-12
-8.88178e-12
-3.10862e-12
-4.44089e-12
6.66134e-12
1.33227e-12
3.95683e-10
4.05009e-10
-3.95683e-10
-4.02345e-10
8.43769e-12
0
-1.59872e-11
5.77316e-12
5.77316e-12
1.33227e-11
3.94795e-10
3.83249e-10
-4.01457e-10
-3.91687e-10
5.32907e-12
-1.15463e-11
3.55271e-12
0
-1.24345e-11
1.82077e-11
4.17444e-10
3.97904e-10
-3.98792e-10
-3.93907e-10
-8.88178e-13
9.76996e-12
1.46549e-11
-4.44089e-12
-3.9968e-12
0
3.9968e-10
3.9968e-10
-3.95683e-10
-4.00124e-10
-3.9968e-12
-2.22045e-12
-4.44089e-13
-7.99361e-12
7.99361e-12
9.32587e-12
3.83249e-10
3.91243e-10
-3.95683e-10
-3.85025e-10
-2.66454e-12
-1.24345e-11
1.37668e-11
8.88178e-13
-4.88498e-12
6.66134e-12
3.89466e-10
3.88578e-10
1.95399e-11
1.11022e-11
1.06581e-11
0
-3.9968e-12
9.76996e-12
-4.44089e-13
-7.99361e-12
3.69482e-10
3.82805e-10
)
;
    }
    right
    {
        type            calculated;
        value           nonuniform List<scalar> 
100
(
2.30926e-11
2.26485e-11
5.77316e-12
6.21725e-12
4.44089e-13
-1.77636e-12
-1.77636e-12
1.77636e-12
-2.79776e-11
-2.88658e-11
4.44089e-12
-2.35367e-11
-2.93099e-11
-2.22045e-12
3.06422e-11
2.79776e-11
-5.32907e-12
-2.53131e-11
5.32907e-12
2.79776e-11
4.88498e-12
-2.53131e-11
-1.19904e-11
-3.55271e-12
-1.59872e-11
0
-2.66454e-12
0
3.15303e-11
3.41949e-11
-2.66454e-11
-8.88178e-13
2.62013e-11
-2.62013e-11
-2.66454e-11
-4.44089e-13
0
4.44089e-13
2.66454e-11
2.75335e-11
4.44089e-12
-2.84217e-11
-1.19904e-11
-4.44089e-13
-1.77636e-11
5.77316e-12
0
-6.66134e-12
3.10862e-11
3.37508e-11
-3.24185e-11
-1.77636e-12
2.93099e-11
-2.9754e-11
4.44089e-13
2.93099e-11
-2.57572e-11
0
2.66454e-11
4.44089e-13
-1.37668e-11
-1.77636e-12
-1.64313e-11
-2.9754e-11
2.75335e-11
2.93099e-11
-2.93099e-11
-2.62013e-11
2.26485e-11
1.9984e-11
2.17604e-11
1.55431e-11
3.9968e-12
-1.68754e-11
-3.01981e-11
0
3.9968e-12
0
6.21725e-12
7.99361e-12
-2.84217e-11
-3.19744e-11
-4.44089e-13
3.10862e-12
-5.32907e-12
-8.88178e-13
2.22045e-12
-5.32907e-12
3.10862e-11
3.37508e-11
2.79776e-11
4.44089e-13
-2.66454e-11
2.22045e-11
2.66454e-11
-2.22045e-12
-8.88178e-13
-1.90958e-11
-2.75335e-11
-4.44089e-13
)
;
    }
    lowerWall
    {
        type            calculated;
        value           uniform 0;
    }
    upperWall
    {
        type            calculated;
        value           uniform 0;
    }
}


// ************************************************************************* //
