/*--------------------------------*- C++ -*----------------------------------*\
  =========                 |
  \\      /  F ield         | OpenFOAM: The Open Source CFD Toolbox
   \\    /   O peration     | Website:  https://openfoam.org
    \\  /    A nd           | Version:  10
     \\/     M anipulation  |
\*---------------------------------------------------------------------------*/
FoamFile
{
    format      ascii;
    class       volScalarField;
    location    "0.5";
    object      gradTx;
}
// * * * * * * * * * * * * * * * * * * * * * * * * * * * * * * * * * * * * * //

dimensions      [0 -1 0 1 0 0 0];

internalField   nonuniform List<scalar> 
3000
(
-499.002
-0.996976
-0.00100657
-6.84349e-07
-3.67262e-10
0
2.66454e-11
0
0
2.22045e-11
-499.002
-0.996976
-0.00100657
-6.84361e-07
-3.59712e-10
4.44089e-13
5.77316e-12
-3.10862e-12
-4.44089e-13
4.88498e-12
-499.002
-0.996976
-0.00100657
-6.84362e-07
-3.65485e-10
0
0
3.06422e-11
-4.44089e-13
-2.39808e-11
-499.002
-0.996976
-0.00100657
-6.84328e-07
-3.32179e-10
-2.93099e-11
4.44089e-13
-4.44089e-13
-2.66454e-11
2.66454e-12
-499.002
-0.996976
-0.00100657
-6.84352e-07
-3.59712e-10
4.44089e-12
3.24185e-11
2.57572e-11
-3.19744e-11
-2.4869e-11
-499.002
-0.996976
-0.00100657
-6.84362e-07
-3.53495e-10
0
-5.77316e-12
3.06422e-11
5.77316e-12
-3.06422e-11
-499.002
-0.996976
-0.00100657
-6.84346e-07
-3.32179e-10
1.37668e-11
2.22045e-12
0
-3.24185e-11
1.42109e-11
-499.002
-0.996976
-0.00100657
-6.84358e-07
-3.67262e-10
-3.9968e-12
2.66454e-11
3.55271e-12
-2.9754e-11
-3.10862e-12
-499.002
-0.996976
-0.00100657
-6.84341e-07
-3.37952e-10
-2.62013e-11
-2.39808e-11
1.46549e-11
-6.21725e-12
-1.59872e-11
-499.002
-0.996976
-0.00100657
-6.8435e-07
-3.51719e-10
2.62013e-11
-6.21725e-12
-2.75335e-11
-1.9984e-11
2.9754e-11
-499.002
-0.996976
-0.00100657
-6.84352e-07
-3.72147e-10
-1.77636e-12
3.33067e-11
2.22045e-12
-2.84217e-11
0
-499.002
-0.996976
-0.00100657
-6.84357e-07
-3.66374e-10
0
1.64313e-11
-8.43769e-12
3.10862e-12
1.33227e-12
-499.002
-0.996976
-0.00100657
-6.84374e-07
-3.52607e-10
0
2.22045e-12
1.9984e-11
-8.88178e-13
-1.15463e-11
-499.002
-0.996976
-0.00100657
-6.84349e-07
-3.49942e-10
-9.32587e-12
-5.77316e-12
0
-5.77316e-12
-8.43769e-12
-499.002
-0.996976
-0.00100657
-6.84364e-07
-3.66818e-10
7.54952e-12
1.82077e-11
0
-1.77636e-11
1.33227e-12
-499.002
-0.996976
-0.00100657
-6.84374e-07
-3.64597e-10
0
2.22045e-12
1.95399e-11
-4.44089e-13
-5.77316e-12
-499.002
-0.996976
-0.00100657
-6.8435e-07
-3.69482e-10
3.9968e-12
1.82077e-11
0
-1.77636e-11
-9.32587e-12
-499.002
-0.996976
-0.00100657
-6.84361e-07
-3.52607e-10
-1.37668e-11
1.77636e-12
0
-1.5099e-11
1.5099e-11
-499.002
-0.996976
-0.00100657
-6.84361e-07
-3.49942e-10
-1.77636e-12
-3.10862e-12
-1.19904e-11
-1.64313e-11
7.99361e-12
-499.002
-0.996976
-0.00100657
-6.84355e-07
-3.55715e-10
0
2.62013e-11
0
-2.9754e-11
3.55271e-12
-499.002
-0.996976
-0.00100657
-6.84362e-07
-3.65485e-10
0
0
3.06422e-11
-4.44089e-13
-2.39808e-11
-499.002
-0.996976
-0.00100657
-6.84374e-07
-3.64597e-10
1.42109e-11
3.55271e-12
5.77316e-12
-2.22045e-12
4.44089e-13
-499.002
-0.996976
-0.00100657
-6.84367e-07
-3.3884e-10
-1.33227e-11
4.44089e-13
-4.44089e-13
-1.9984e-11
1.9984e-11
-499.002
-0.996976
-0.00100657
-6.84357e-07
-3.66374e-10
0
1.64313e-11
-8.43769e-12
-7.99361e-12
1.77636e-12
-499.002
-0.996976
-0.00100657
-6.84374e-07
-3.57936e-10
0
0
4.44089e-13
-4.44089e-13
1.5099e-11
-499.002
-0.996976
-0.00100657
-6.84362e-07
-3.59712e-10
-1.9984e-11
2.04281e-11
-4.44089e-13
-5.77316e-12
2.04281e-11
-499.002
-0.996976
-0.00100657
-6.84365e-07
-3.57936e-10
4.44089e-13
7.99361e-12
4.44089e-13
-8.43769e-12
8.43769e-12
-499.002
-0.996976
-0.00100657
-6.84354e-07
-3.56604e-10
-1.46549e-11
-3.9968e-12
0
-1.64313e-11
1.59872e-11
-499.002
-0.996976
-0.00100657
-6.84364e-07
-3.69482e-10
4.44089e-13
0
0
1.37668e-11
8.43769e-12
-499.002
-0.996976
-0.00100657
-6.84354e-07
-3.62377e-10
0
0
6.66134e-12
6.21725e-12
-6.21725e-12
-499.002
-0.996976
-0.00100657
-6.84355e-07
-3.59268e-10
-2.22045e-12
2.66454e-11
0
-2.66454e-11
2.66454e-12
-499.002
-0.996976
-0.00100657
-6.84359e-07
-3.59268e-10
3.9968e-12
3.9968e-12
0
-5.77316e-12
2.22045e-12
-499.002
-0.996976
-0.00100657
-6.84365e-07
-3.66818e-10
0
3.10862e-12
1.42109e-11
5.32907e-12
0
-499.002
-0.996976
-0.00100657
-6.84359e-07
-3.64597e-10
0
7.10543e-12
0
-1.11022e-11
4.44089e-13
-499.002
-0.996976
-0.00100657
-6.84348e-07
-3.64597e-10
-1.11022e-11
-1.33227e-11
1.19904e-11
1.82077e-11
-1.82077e-11
-499.002
-0.996976
-0.00100657
-6.84349e-07
-3.49942e-10
1.33227e-12
-3.55271e-12
-8.88178e-13
-1.64313e-11
-5.77316e-12
-499.002
-0.996976
-0.00100657
-6.84358e-07
-3.51275e-10
-1.15463e-11
-1.42109e-11
1.19904e-11
1.82077e-11
-1.86517e-11
-499.002
-0.996976
-0.00100657
-6.84374e-07
-3.79252e-10
1.37668e-11
1.46549e-11
0
0
8.88178e-13
-499.002
-0.996976
-0.00100657
-6.84349e-07
-3.63265e-10
-5.77316e-12
3.10862e-12
-7.54952e-12
-1.77636e-11
9.76996e-12
-499.002
-0.996976
-0.00100657
-6.84361e-07
-3.61489e-10
2.75335e-11
-3.10862e-12
-2.66454e-11
4.44089e-12
-4.88498e-12
-499.002
-0.996976
-0.00100657
-6.84352e-07
-3.71703e-10
5.77316e-12
3.15303e-11
2.53131e-11
-3.19744e-11
-2.75335e-11
-499.002
-0.996976
-0.00100657
-6.84364e-07
-3.78808e-10
1.42109e-11
1.64313e-11
-6.66134e-12
-1.59872e-11
7.10543e-12
-499.002
-0.996976
-0.00100657
-6.84364e-07
-3.44169e-10
8.88178e-13
-1.95399e-11
0
-4.44089e-13
0
-499.002
-0.996976
-0.00100657
-6.84357e-07
-3.66374e-10
1.11022e-11
3.55271e-12
-2.04281e-11
7.54952e-12
1.64313e-11
-499.002
-0.996976
-0.00100657
-6.84364e-07
-3.78364e-10
0
1.42109e-11
0
-1.42109e-11
1.42109e-11
-499.002
-0.996976
-0.00100657
-6.84364e-07
-3.69482e-10
0
1.59872e-11
-8.88178e-13
-8.88178e-13
8.43769e-12
-499.002
-0.996976
-0.00100657
-6.84363e-07
-3.63265e-10
0
1.42109e-11
0
0
1.42109e-11
-499.002
-0.996976
-0.00100657
-6.84377e-07
-3.50386e-10
1.42109e-11
-4.88498e-12
0
-3.55271e-12
-1.11022e-11
-499.002
-0.996976
-0.00100657
-6.84364e-07
-3.66818e-10
4.44089e-13
1.82077e-11
-4.44089e-13
-3.9968e-12
1.9984e-11
-499.002
-0.996976
-0.00100657
-6.84353e-07
-3.72147e-10
0
3.55271e-12
-4.44089e-13
3.55271e-12
6.21725e-12
-499.002
-0.996976
-0.00100657
-6.84362e-07
-3.65485e-10
3.01981e-11
-3.55271e-12
0
3.9968e-12
-3.06422e-11
-499.002
-0.996976
-0.00100657
-6.84374e-07
-3.64597e-10
0
2.22045e-12
1.9984e-11
-7.99361e-12
-4.44089e-12
-499.002
-0.996976
-0.00100657
-6.84381e-07
-3.60156e-10
0
1.42109e-11
0
-1.42109e-11
1.42109e-11
-499.002
-0.996976
-0.00100657
-6.84363e-07
-3.50386e-10
1.55431e-11
-3.55271e-12
-1.5099e-11
-1.33227e-12
1.42109e-11
-499.002
-0.996976
-0.00100657
-6.84381e-07
-3.69482e-10
1.42109e-11
1.9984e-11
0
-1.9984e-11
5.77316e-12
-499.002
-0.996976
-0.00100657
-6.84364e-07
-3.79696e-10
4.44089e-13
1.42109e-11
-4.44089e-13
0
8.88178e-13
-499.002
-0.996976
-0.00100657
-6.84365e-07
-3.47722e-10
-8.88178e-13
-6.66134e-12
1.42109e-11
5.77316e-12
-5.77316e-12
-499.002
-0.996976
-0.00100657
-6.84361e-07
-3.62377e-10
1.77636e-12
-1.06581e-11
0
4.88498e-12
-7.10543e-12
-499.002
-0.996976
-0.00100657
-6.84364e-07
-3.45945e-10
8.43769e-12
-5.77316e-12
7.10543e-12
-8.88178e-12
-4.88498e-12
-499.002
-0.996976
-0.00100657
-6.84364e-07
-3.54383e-10
3.10862e-11
2.66454e-12
0
1.33227e-12
-2.70894e-11
-499.002
-0.996976
-0.00100657
-6.84355e-07
-3.61933e-10
1.46549e-11
6.21725e-12
-1.46549e-11
-6.21725e-12
-1.33227e-12
-499.002
-0.996976
-0.00100657
-6.84367e-07
-3.77032e-10
1.02141e-11
1.64313e-11
0
-1.64313e-11
2.22045e-12
-499.002
-0.996976
-0.00100657
-6.84365e-07
-3.63265e-10
4.44089e-13
0
0
1.42109e-11
1.46549e-11
-499.002
-0.996976
-0.00100657
-6.84357e-07
-3.51275e-10
0
-1.24345e-11
1.19904e-11
1.64313e-11
-1.9984e-11
-499.002
-0.996976
-0.00100657
-6.84365e-07
-3.78364e-10
0
1.42109e-11
4.44089e-13
0
-4.44089e-13
-499.002
-0.996976
-0.00100657
-6.84364e-07
-3.74811e-10
1.42109e-11
9.76996e-12
-5.77316e-12
-2.66454e-12
1.77636e-12
-499.002
-0.996976
-0.00100657
-6.84365e-07
-3.49054e-10
0
-1.42109e-11
4.44089e-13
1.37668e-11
0
-499.002
-0.996976
-0.00100657
-6.84377e-07
-3.68594e-10
0
-4.88498e-12
1.42109e-11
1.06581e-11
-1.06581e-11
-499.002
-0.996976
-0.00100657
-6.84365e-07
-3.49054e-10
1.42109e-11
0
-1.37668e-11
-6.66134e-12
1.95399e-11
-499.002
-0.996976
-0.00100657
-6.84355e-07
-3.72147e-10
0
3.10862e-12
6.21725e-12
3.55271e-12
-3.55271e-12
-499.002
-0.996976
-0.00100657
-6.84332e-07
-3.73479e-10
0
3.19744e-11
-2.62013e-11
0
-3.10862e-12
-499.002
-0.996976
-0.00100657
-6.84349e-07
-3.53051e-10
-4.44089e-13
1.77636e-12
-1.33227e-12
-4.44089e-13
1.77636e-12
-499.002
-0.996976
-0.00100657
-6.84365e-07
-3.56604e-10
-6.66134e-12
-3.55271e-12
-8.43769e-12
-1.59872e-11
1.59872e-11
-499.002
-0.996976
-0.00100657
-6.84376e-07
-3.79252e-10
0
1.77636e-12
1.77636e-12
-1.77636e-12
1.46549e-11
-499.002
-0.996976
-0.00100657
-6.84364e-07
-3.45945e-10
-1.42109e-11
-1.19904e-11
1.82077e-11
4.88498e-12
-1.46549e-11
-499.002
-0.996976
-0.00100657
-6.84364e-07
-3.44613e-10
-1.15463e-11
-1.06581e-11
0
5.32907e-12
1.24345e-11
-499.002
-0.996976
-0.00100657
-6.84365e-07
-3.66818e-10
0
-6.66134e-12
1.42109e-11
4.88498e-12
-1.11022e-11
-499.002
-0.996976
-0.00100657
-6.84373e-07
-3.59268e-10
0
1.55431e-11
0
-1.37668e-11
-4.44089e-13
-499.002
-0.996976
-0.00100657
-6.84365e-07
-3.66818e-10
1.42109e-11
-6.66134e-12
-1.42109e-11
-3.10862e-12
2.04281e-11
-499.002
-0.996976
-0.00100657
-6.84354e-07
-3.59712e-10
4.44089e-13
-8.88178e-13
3.06422e-11
-2.22045e-12
-2.84217e-11
-499.002
-0.996976
-0.00100657
-6.84367e-07
-3.31291e-10
1.42109e-11
-2.39808e-11
0
-6.21725e-12
-1.59872e-11
-499.002
-0.996976
-0.00100657
-6.84373e-07
-3.57492e-10
1.02141e-11
-3.10862e-12
-1.24345e-11
-1.59872e-11
7.99361e-12
-499.002
-0.996976
-0.00100657
-6.84364e-07
-3.60156e-10
0
4.44089e-13
-4.44089e-13
0
8.43769e-12
-499.002
-0.996976
-0.00100657
-6.84354e-07
-3.66818e-10
0
1.64313e-11
-1.95399e-11
-5.77316e-12
-8.88178e-13
-499.002
-0.996976
-0.00100657
-6.84364e-07
-3.69482e-10
1.42109e-11
1.42109e-11
0
-1.42109e-11
-1.42109e-11
-499.002
-0.996976
-0.00100657
-6.84364e-07
-3.4639e-10
1.42109e-11
-3.9968e-12
-1.42109e-11
-2.22045e-12
9.76996e-12
-499.002
-0.996976
-0.00100657
-6.84365e-07
-3.7037e-10
-4.44089e-13
5.77316e-12
0
4.44089e-13
-4.44089e-13
-499.002
-0.996976
-0.00100657
-6.84358e-07
-3.52607e-10
6.21725e-12
-4.88498e-12
8.88178e-13
1.64313e-11
-1.24345e-11
-499.002
-0.996976
-0.00100657
-6.84364e-07
-3.69038e-10
0
1.55431e-11
9.76996e-12
-1.55431e-11
-1.02141e-11
-499.002
-0.996976
-0.00100657
-6.84364e-07
-3.57936e-10
3.06422e-11
-8.88178e-13
-2.4869e-11
-8.88178e-13
-5.77316e-12
-499.002
-0.996976
-0.00100657
-6.8435e-07
-3.51719e-10
0
4.44089e-13
-8.88178e-13
-2.70894e-11
1.33227e-12
-499.002
-0.996976
-0.00100657
-6.84355e-07
-3.61933e-10
0
0
0
-4.44089e-13
3.33067e-11
-499.002
-0.996976
-0.00100657
-6.84353e-07
-3.72147e-10
0
0
6.66134e-12
0
-6.66134e-12
-499.002
-0.996976
-0.00100657
-6.84325e-07
-3.59712e-10
0
2.22045e-12
-2.57572e-11
2.66454e-12
4.44089e-13
-499.002
-0.996976
-0.00100657
-6.84354e-07
-3.60156e-10
0
0
6.66134e-12
0
-6.66134e-12
-499.002
-0.996976
-0.00100657
-6.84348e-07
-3.62377e-10
-5.32907e-12
2.66454e-12
4.44089e-13
1.33227e-12
3.55271e-12
-499.002
-0.996976
-0.00100657
-6.84347e-07
-3.67262e-10
0
1.77636e-12
-1.77636e-12
-6.21725e-12
-4.88498e-12
-499.002
-0.996976
-0.00100657
-6.84348e-07
-3.64597e-10
-3.10862e-12
-8.88178e-13
3.55271e-12
-2.66454e-12
-3.9968e-12
-499.002
-0.996976
-0.00100657
-6.84348e-07
-3.7037e-10
-5.77316e-12
2.53131e-11
5.77316e-12
-2.53131e-11
2.44249e-11
-499.002
-0.996976
-0.00100657
-6.84361e-07
-3.39728e-10
-4.44089e-13
-2.75335e-11
2.84217e-11
2.79776e-11
-2.75335e-11
1.77636e-12
2.22045e-12
-2.66454e-12
3.9968e-12
-3.9968e-12
4.44089e-13
0
-2.22045e-12
5.77316e-12
-3.9968e-12
-2.22045e-12
8.88178e-13
2.66454e-12
0
2.57572e-11
-1.77636e-12
-2.75335e-11
3.10862e-12
8.88178e-13
-8.88178e-13
-1.33227e-12
-4.44089e-13
1.33227e-12
-8.88178e-13
2.30926e-11
-2.66454e-12
-2.30926e-11
2.66454e-12
-1.33227e-12
-8.88178e-13
8.88178e-13
2.22045e-11
0
0
-5.32907e-12
2.22045e-12
4.88498e-12
-2.39808e-11
-2.66454e-12
0
1.90958e-11
0
-1.64313e-11
2.84217e-11
2.66454e-12
-2.9754e-11
-8.88178e-13
3.10862e-12
2.26485e-11
-1.33227e-12
-4.44089e-13
3.24185e-11
4.44089e-13
-2.75335e-11
2.22045e-11
-1.77636e-12
3.9968e-12
3.10862e-12
-2.88658e-11
-8.88178e-13
4.88498e-12
-2.79776e-11
-1.77636e-12
0
2.66454e-12
-1.33227e-12
-8.88178e-13
3.10862e-12
2.26485e-11
-1.33227e-12
-2.22045e-12
-1.33227e-12
3.06422e-11
3.9968e-12
1.77636e-12
-6.21725e-12
-2.62013e-11
0
0
2.22045e-12
3.01981e-11
2.22045e-12
0
2.79776e-11
-1.77636e-12
-1.02141e-11
-2.30926e-11
-1.9984e-11
2.30926e-11
1.77636e-12
2.70894e-11
0
-8.88178e-13
0
4.44089e-13
-2.22045e-12
1.77636e-12
-2.62013e-11
-2.22045e-12
2.84217e-11
-2.22045e-12
8.88178e-13
2.70894e-11
-4.44089e-13
1.77636e-12
-5.32907e-12
-2.66454e-11
6.21725e-12
4.44089e-13
-8.88178e-13
-4.44089e-12
1.02141e-11
5.77316e-12
2.66454e-12
-3.55271e-12
1.33227e-12
-3.9968e-12
5.77316e-12
4.44089e-12
-1.9984e-11
-1.55431e-11
5.77316e-12
-8.88178e-13
0
2.08722e-11
5.32907e-12
-5.77316e-12
-1.9984e-11
5.77316e-12
2.08722e-11
-9.32587e-12
9.76996e-12
0
-4.44089e-13
1.64313e-11
7.99361e-12
-4.44089e-13
-4.88498e-12
-4.88498e-12
2.66454e-12
1.33227e-11
5.77316e-12
-8.88178e-12
-1.11022e-11
1.5099e-11
1.77636e-12
-5.77316e-12
8.43769e-12
5.77316e-12
-3.55271e-12
-7.99361e-12
4.44089e-13
7.10543e-12
5.32907e-12
5.77316e-12
-8.43769e-12
-5.77316e-12
-1.19904e-11
6.21725e-12
1.37668e-11
-8.88178e-13
5.77316e-12
1.15463e-11
2.22045e-12
8.43769e-12
-4.44089e-12
0
3.55271e-12
-9.76996e-12
-4.44089e-13
-3.10862e-12
-6.21725e-12
1.95399e-11
6.21725e-12
4.44089e-13
-1.77636e-11
-2.22045e-12
0
0
1.82077e-11
7.54952e-12
4.44089e-13
7.10543e-12
5.32907e-12
5.77316e-12
-8.43769e-12
0
-1.15463e-11
0
1.9984e-11
2.22045e-12
3.06422e-11
-2.22045e-12
-2.70894e-11
1.33227e-12
-2.66454e-12
2.84217e-11
2.66454e-12
-4.88498e-12
2.62013e-11
-1.33227e-12
-4.44089e-13
1.33227e-12
2.75335e-11
-2.66454e-12
-7.54952e-12
1.77636e-12
-1.9984e-11
2.35367e-11
-1.33227e-12
-7.99361e-12
-6.21725e-12
-7.99361e-12
5.77316e-12
2.08722e-11
-8.43769e-12
-6.21725e-12
-1.15463e-11
6.21725e-12
9.76996e-12
1.19904e-11
-1.90958e-11
3.55271e-12
6.66134e-12
-6.21725e-12
-5.32907e-12
8.88178e-12
1.19904e-11
-9.32587e-12
5.32907e-12
9.32587e-12
1.02141e-11
-4.44089e-12
5.77316e-12
4.44089e-13
8.88178e-13
0
-4.88498e-12
-1.06581e-11
-1.24345e-11
1.5099e-11
-1.5099e-11
-4.44089e-13
0
-1.42109e-11
1.42109e-11
4.44089e-13
-4.44089e-13
4.44089e-13
-1.46549e-11
-1.55431e-11
-1.02141e-11
1.95399e-11
0
-9.76996e-12
-1.11022e-11
1.15463e-11
0
-1.02141e-11
1.15463e-11
5.32907e-12
4.44089e-13
-4.44089e-13
-7.99361e-12
2.22045e-12
1.46549e-11
0
-8.43769e-12
-8.43769e-12
8.88178e-12
1.46549e-11
-1.33227e-11
8.88178e-13
1.24345e-11
-1.11022e-11
-2.22045e-12
8.88178e-13
6.21725e-12
1.15463e-11
-8.88178e-13
3.9968e-12
0
-1.82077e-11
-8.43769e-12
0
7.99361e-12
8.43769e-12
1.02141e-11
0
-2.66454e-12
-5.77316e-12
-8.88178e-13
8.88178e-13
5.77316e-12
0
-5.77316e-12
-8.88178e-13
0
6.66134e-12
0
8.88178e-13
-2.66454e-12
0
0
0
2.75335e-11
-8.88178e-13
-2.39808e-11
-2.66454e-12
0
-8.43769e-12
-5.77316e-12
0
-4.44089e-13
1.77636e-12
7.10543e-12
1.9984e-11
-1.90958e-11
-8.88178e-13
1.73195e-11
-2.22045e-12
-3.10862e-12
7.99361e-12
5.77316e-12
4.44089e-13
-2.66454e-12
0
6.21725e-12
3.9968e-12
-6.66134e-12
3.9968e-12
-6.21725e-12
3.9968e-12
6.21725e-12
-1.33227e-11
2.66454e-12
0
4.44089e-13
1.64313e-11
-1.06581e-11
-2.08722e-11
0
1.86517e-11
1.55431e-11
-1.73195e-11
-1.64313e-11
4.44089e-13
-8.88178e-13
1.90958e-11
2.22045e-12
0
-5.77316e-12
1.42109e-11
1.46549e-11
0
2.22045e-12
0
-4.88498e-12
3.55271e-12
5.32907e-12
-1.33227e-12
-4.44089e-13
-3.55271e-12
1.5099e-11
2.22045e-12
-1.64313e-11
4.44089e-13
1.77636e-11
-8.88178e-13
-1.64313e-11
-5.32907e-12
2.66454e-12
0
-4.88498e-12
-5.77316e-12
-1.59872e-11
-1.33227e-12
0
1.33227e-12
2.08722e-11
7.99361e-12
0
1.24345e-11
0
-3.55271e-12
3.9968e-12
-1.55431e-11
6.66134e-12
9.32587e-12
-9.32587e-12
8.88178e-13
0
-2.66454e-12
5.77316e-12
2.66454e-12
2.44249e-11
-4.44089e-13
-2.39808e-11
2.62013e-11
-5.77316e-12
0
2.66454e-12
5.32907e-12
8.88178e-13
2.22045e-11
1.95399e-11
-2.26485e-11
-1.9984e-11
2.35367e-11
-1.33227e-12
1.90958e-11
5.77316e-12
-1.37668e-11
0
1.42109e-11
-6.66134e-12
4.44089e-13
-1.37668e-11
-1.02141e-11
1.02141e-11
2.08722e-11
1.02141e-11
-6.21725e-12
-9.76996e-12
-1.46549e-11
5.32907e-12
8.88178e-13
9.32587e-12
-8.88178e-13
-1.46549e-11
-1.15463e-11
4.44089e-12
1.9984e-11
-1.73195e-11
-1.77636e-11
-3.9968e-12
0
1.24345e-11
1.77636e-12
-1.02141e-11
1.46549e-11
0
0
0
-4.44089e-13
4.44089e-13
-1.42109e-11
0
1.42109e-11
-4.44089e-13
-7.99361e-12
1.15463e-11
1.28786e-11
0
-4.88498e-12
-1.77636e-12
-5.77316e-12
-1.19904e-11
1.11022e-11
2.66454e-12
3.9968e-12
0
0
-1.42109e-11
-1.77636e-11
1.82077e-11
1.37668e-11
0
-1.37668e-11
-9.76996e-12
4.44089e-13
0
1.82077e-11
1.28786e-11
-1.5099e-11
-2.22045e-12
1.46549e-11
4.44089e-13
-1.77636e-12
4.44089e-12
-7.10543e-12
0
-7.99361e-12
0
1.5099e-11
-1.19904e-11
4.88498e-12
0
0
7.10543e-12
-3.10862e-12
-2.66454e-12
0
0
2.88658e-11
0
-2.62013e-11
0
-2.66454e-12
1.77636e-12
-4.44089e-13
3.24185e-11
-2.66454e-12
-2.70894e-11
2.88658e-11
-1.77636e-12
0
3.10862e-12
-2.88658e-11
2.57572e-11
1.06581e-11
5.32907e-12
-6.21725e-12
0
6.66134e-12
-1.5099e-11
0
1.46549e-11
-5.77316e-12
4.44089e-13
-1.33227e-12
8.88178e-13
-8.88178e-13
-1.24345e-11
1.64313e-11
1.33227e-12
4.44089e-12
-3.55271e-12
-4.44089e-13
1.15463e-11
-4.44089e-13
-1.06581e-11
-1.5099e-11
-2.22045e-12
1.82077e-11
6.21725e-12
-3.9968e-12
7.54952e-12
-9.76996e-12
1.77636e-12
1.46549e-11
-2.22045e-12
3.9968e-12
-7.99361e-12
-1.82077e-11
4.88498e-12
7.99361e-12
0
0
5.32907e-12
0
1.95399e-11
5.32907e-12
-1.06581e-11
-1.06581e-11
-1.11022e-11
-7.10543e-12
1.46549e-11
8.88178e-12
6.21725e-12
3.9968e-12
7.99361e-12
1.33227e-12
2.66454e-12
-1.86517e-11
-1.77636e-12
8.43769e-12
0
5.77316e-12
-3.10862e-12
1.11022e-11
0
-5.32907e-12
4.44089e-13
-1.15463e-11
1.59872e-11
1.55431e-11
-1.33227e-12
-4.44089e-13
8.88178e-13
1.82077e-11
4.44089e-13
-4.44089e-12
-2.22045e-12
-1.37668e-11
1.02141e-11
9.76996e-12
0
-1.77636e-12
-2.66454e-12
1.77636e-12
2.93099e-11
-4.88498e-12
0
-1.77636e-12
-3.15303e-11
2.66454e-12
0
-3.55271e-12
3.55271e-12
5.32907e-12
2.22045e-12
1.33227e-12
2.75335e-11
2.22045e-11
-3.01981e-11
-2.30926e-11
3.55271e-12
-2.22045e-12
2.70894e-11
1.5099e-11
-6.21725e-12
-1.33227e-12
5.77316e-12
6.66134e-12
-1.5099e-11
-5.77316e-12
1.46549e-11
-4.44089e-13
-9.32587e-12
3.9968e-12
-6.66134e-12
-3.9968e-12
1.15463e-11
0
-1.33227e-12
3.10862e-12
-1.33227e-12
3.55271e-12
-1.77636e-11
-1.90958e-11
1.64313e-11
1.37668e-11
8.88178e-13
2.22045e-12
-3.10862e-12
-1.55431e-11
-1.37668e-11
0
1.64313e-11
-7.99361e-12
1.37668e-11
-8.88178e-13
-3.9968e-12
1.42109e-11
7.99361e-12
-4.88498e-12
-1.19904e-11
-6.21725e-12
-5.77316e-12
4.44089e-13
0
4.44089e-12
-7.99361e-12
-1.11022e-11
3.9968e-12
1.77636e-12
3.9968e-12
1.86517e-11
8.43769e-12
-6.21725e-12
8.88178e-13
3.9968e-12
9.32587e-12
-1.19904e-11
-2.66454e-12
4.44089e-13
0
7.99361e-12
1.24345e-11
-3.9968e-12
-4.44089e-13
4.44089e-13
0
-7.54952e-12
1.55431e-11
1.46549e-11
-2.66454e-12
0
2.66454e-12
1.15463e-11
-9.32587e-12
-5.77316e-12
-1.77636e-12
4.44089e-12
5.77316e-12
-1.77636e-11
-8.88178e-13
1.42109e-11
-1.37668e-11
4.44089e-13
3.10862e-12
-8.88178e-13
-4.88498e-12
-6.21725e-12
5.77316e-12
3.10862e-12
-4.44089e-13
2.9754e-11
-1.33227e-12
-2.93099e-11
1.82077e-11
-3.55271e-12
-1.5099e-11
2.84217e-11
-3.10862e-12
-2.22045e-11
0
-4.44089e-13
1.86517e-11
-2.66454e-12
3.10862e-12
-1.5099e-11
-1.33227e-12
1.82077e-11
-4.88498e-12
0
-7.10543e-12
3.10862e-12
2.22045e-12
-4.44089e-13
4.44089e-13
1.33227e-11
0
7.99361e-12
2.22045e-12
-1.59872e-11
-1.33227e-12
1.19904e-11
4.44089e-13
9.32587e-12
2.66454e-12
0
0
-5.77316e-12
-2.08722e-11
0
0
1.37668e-11
1.15463e-11
5.77316e-12
-4.44089e-13
-1.37668e-11
-4.44089e-13
1.64313e-11
8.43769e-12
3.9968e-12
-3.10862e-12
-2.66454e-12
1.02141e-11
1.06581e-11
-4.44089e-12
-1.33227e-12
4.44089e-12
-1.33227e-11
-1.59872e-11
0
1.28786e-11
-2.66454e-12
-2.04281e-11
4.44089e-13
-4.44089e-13
0
0
-3.55271e-12
1.15463e-11
1.5099e-11
5.77316e-12
-3.55271e-12
-1.77636e-12
1.02141e-11
1.46549e-11
-1.42109e-11
-4.44089e-12
1.77636e-11
-1.33227e-11
3.55271e-12
0
-8.43769e-12
4.44089e-12
1.42109e-11
-4.44089e-12
-6.66134e-12
4.44089e-12
1.06581e-11
-8.88178e-12
-1.37668e-11
-3.9968e-12
-3.10862e-12
7.10543e-12
0
3.01981e-11
0
-2.62013e-11
3.24185e-11
-3.10862e-12
0
0
-4.44089e-13
-3.9968e-12
3.01981e-11
2.22045e-12
-2.70894e-11
2.84217e-11
2.4869e-11
-3.15303e-11
-2.30926e-11
1.77636e-12
-2.22045e-12
2.22045e-12
1.9984e-11
-4.44089e-13
-1.37668e-11
3.9968e-12
1.42109e-11
-4.44089e-12
-5.77316e-12
-1.37668e-11
-3.10862e-12
1.95399e-11
-8.88178e-13
4.44089e-13
1.86517e-11
0
-1.82077e-11
-5.77316e-12
1.64313e-11
-3.9968e-12
-7.54952e-12
1.33227e-12
-9.32587e-12
4.44089e-13
1.9984e-11
1.64313e-11
-3.55271e-12
2.22045e-12
-1.5099e-11
-5.32907e-12
-4.44089e-13
2.66454e-12
1.46549e-11
1.77636e-12
3.55271e-12
1.82077e-11
-3.9968e-12
-5.32907e-12
0
0
0
-1.42109e-11
6.21725e-12
4.44089e-13
-1.06581e-11
-4.44089e-13
1.11022e-11
3.55271e-12
-1.24345e-11
4.44089e-13
1.37668e-11
5.32907e-12
3.9968e-12
1.42109e-11
8.88178e-13
-1.42109e-11
8.88178e-13
1.73195e-11
-1.90958e-11
0
7.99361e-12
-1.82077e-11
-1.95399e-11
4.44089e-13
0
8.88178e-13
3.10862e-12
7.10543e-12
1.55431e-11
-3.9968e-12
-7.99361e-12
5.77316e-12
1.86517e-11
1.59872e-11
1.33227e-12
-1.64313e-11
-1.95399e-11
1.82077e-11
1.02141e-11
1.33227e-12
-1.02141e-11
-3.9968e-12
1.77636e-12
4.88498e-12
-3.9968e-12
1.33227e-12
2.84217e-11
-6.21725e-12
-3.10862e-11
8.88178e-13
4.44089e-12
-4.44089e-13
0
2.84217e-11
0
0
2.62013e-11
-2.22045e-12
2.22045e-12
-2.62013e-11
-2.22045e-12
2.84217e-11
2.44249e-11
-2.79776e-11
-2.70894e-11
2.30926e-11
3.01981e-11
-2.22045e-11
-2.84217e-11
-6.21725e-12
8.88178e-13
2.66454e-12
1.95399e-11
0
-1.95399e-11
0
3.10862e-11
2.53131e-11
-2.93099e-11
-7.10543e-12
-4.44089e-13
-1.95399e-11
-4.44089e-13
4.44089e-13
-2.22045e-12
-5.77316e-12
2.66454e-12
3.10862e-12
-5.77316e-12
2.70894e-11
4.88498e-12
-3.01981e-11
1.95399e-11
5.77316e-12
6.21725e-12
-2.22045e-12
-2.13163e-11
1.59872e-11
-4.44089e-12
0
0
-1.28786e-11
-8.88178e-13
2.9754e-11
-1.33227e-12
0
2.66454e-11
-1.33227e-12
-2.53131e-11
-2.70894e-11
-4.44089e-12
-8.88178e-13
3.10862e-11
4.88498e-12
0
-4.88498e-12
4.44089e-13
3.9968e-12
-3.06422e-11
2.62013e-11
3.15303e-11
-2.66454e-11
0
3.01981e-11
0
0
6.21725e-12
-2.62013e-11
0
-1.33227e-12
-4.88498e-12
4.44089e-13
-4.88498e-12
2.66454e-12
0
-2.70894e-11
6.66134e-12
-5.77316e-12
0
0
-5.77316e-12
2.93099e-11
-1.33227e-12
-8.88178e-13
-1.77636e-12
2.70894e-11
-2.53131e-11
-2.62013e-11
8.88178e-13
2.62013e-11
2.66454e-11
8.88178e-13
-5.77316e-12
2.22045e-12
0
-2.22045e-12
1.77636e-12
0
4.44089e-13
0
-2.4869e-11
-2.26485e-11
-8.88178e-13
-1.33227e-12
-8.88178e-13
2.22045e-12
-1.33227e-12
4.44089e-13
8.88178e-13
0
2.30926e-11
2.30926e-11
3.10862e-12
4.44089e-13
-1.33227e-12
-4.44089e-13
0
0
-3.9968e-12
0
2.75335e-11
2.26485e-11
2.66454e-12
-2.66454e-12
-5.77316e-12
-2.66454e-12
3.19744e-11
-8.88178e-13
8.88178e-13
4.44089e-13
8.88178e-13
3.37508e-11
5.32907e-12
8.88178e-13
0
2.75335e-11
0
0
-3.19744e-11
0
3.28626e-11
1.33227e-12
-3.9968e-12
1.33227e-12
3.33067e-11
2.75335e-11
0
0
-1.95399e-11
0
2.04281e-11
1.33227e-12
-2.26485e-11
-1.77636e-12
0
1.77636e-12
2.79776e-11
0
-4.44089e-13
-2.66454e-12
0
3.01981e-11
-4.44089e-13
3.10862e-12
0
1.55431e-11
-2.66454e-12
-1.59872e-11
3.10862e-12
-1.33227e-12
2.66454e-11
2.93099e-11
-2.84217e-11
-1.77636e-12
3.37508e-11
3.01981e-11
0
0
-4.44089e-13
0
1.33227e-12
1.33227e-12
-3.9968e-12
-4.44089e-13
6.21725e-12
4.44089e-13
0
0
-2.9754e-11
0
8.88178e-13
-2.9754e-11
-8.88178e-13
-2.22045e-12
0
2.22045e-12
-1.33227e-12
4.44089e-13
8.88178e-13
0
2.30926e-11
2.30926e-11
-3.55271e-12
8.88178e-12
0
3.9968e-12
-3.10862e-12
0
-8.88178e-13
-1.37668e-11
3.64153e-11
4.70735e-11
-2.04281e-11
-6.21725e-12
1.02141e-11
-3.55271e-12
1.02141e-11
-4.44089e-13
-1.68754e-11
0
1.73195e-11
9.76996e-12
5.77316e-12
-5.32907e-12
0
5.32907e-12
0
-1.33227e-12
-8.88178e-12
4.44089e-13
9.76996e-12
1.77636e-12
-5.77316e-12
3.55271e-12
-3.9968e-12
-3.55271e-12
1.02141e-11
-4.44089e-13
-1.15463e-11
0
9.32587e-12
7.99361e-12
-5.77316e-12
3.9968e-12
0
-3.9968e-12
6.21725e-12
-4.44089e-13
-2.22045e-12
5.77316e-12
3.06422e-11
2.84217e-11
3.10862e-12
-7.99361e-12
0
7.99361e-12
5.77316e-12
0
4.44089e-13
0
2.44249e-11
3.15303e-11
-3.9968e-12
-4.44089e-12
5.77316e-12
6.66134e-12
-1.5099e-11
0
8.43769e-12
4.44089e-13
2.9754e-11
2.26485e-11
-6.21725e-12
-1.46549e-11
0
8.88178e-12
6.21725e-12
-4.44089e-13
1.33227e-12
0
-1.33227e-12
6.21725e-12
-2.39808e-11
-2.88658e-11
-1.33227e-12
-4.44089e-13
0
0
-3.55271e-12
0
3.37508e-11
3.06422e-11
-2.84217e-11
1.33227e-12
4.88498e-12
2.75335e-11
0
-2.79776e-11
-3.9968e-12
0
2.75335e-11
2.26485e-11
4.44089e-13
-7.99361e-12
-9.32587e-12
1.73195e-11
0
-1.02141e-11
7.54952e-12
0
3.06422e-11
3.81917e-11
0
8.88178e-13
1.11022e-11
-1.19904e-11
-1.64313e-11
-4.44089e-13
1.77636e-11
0
-3.10862e-12
9.76996e-12
1.11022e-11
8.88178e-12
-1.28786e-11
3.9968e-12
9.76996e-12
-1.28786e-11
-8.88178e-13
-8.88178e-13
2.57572e-11
3.55271e-11
0
2.04281e-11
0
-2.04281e-11
0
0
2.04281e-11
0
-6.21725e-12
1.46549e-11
0
1.02141e-11
0
-1.02141e-11
0
0
-5.32907e-12
1.06581e-11
1.46549e-11
0
8.88178e-13
4.88498e-12
1.55431e-11
-2.04281e-11
-7.10543e-12
1.5099e-11
1.24345e-11
-4.44089e-13
-5.77316e-12
-8.88178e-13
-6.21725e-12
-1.95399e-11
1.02141e-11
1.06581e-11
-1.33227e-12
1.02141e-11
-1.33227e-12
-9.32587e-12
-4.44089e-13
6.66134e-12
-7.99361e-12
4.88498e-12
1.5099e-11
-1.9984e-11
-7.10543e-12
1.5099e-11
1.06581e-11
-7.54952e-12
-3.9968e-12
6.21725e-12
0
2.84217e-11
-6.66134e-12
-2.17604e-11
0
-6.66134e-12
2.84217e-11
0
5.77316e-12
3.41949e-11
-2.66454e-12
-3.10862e-12
5.77316e-12
-2.66454e-12
0
5.32907e-12
2.70894e-11
0
0
2.66454e-11
-3.55271e-12
-4.44089e-12
-8.88178e-13
5.32907e-12
0
-1.77636e-12
2.22045e-12
0
3.10862e-12
5.32907e-12
-1.77636e-12
6.66134e-12
0
-4.44089e-12
-5.32907e-12
0
9.32587e-12
0
2.66454e-11
3.06422e-11
-1.06581e-11
-4.44089e-13
7.10543e-12
1.55431e-11
-3.10862e-12
8.88178e-13
4.44089e-13
0
3.10862e-11
2.93099e-11
-3.9968e-12
1.95399e-11
-1.55431e-11
-3.9968e-12
1.5099e-11
-1.55431e-11
3.10862e-12
0
2.22045e-12
1.90958e-11
0
-1.33227e-11
-1.82077e-11
1.02141e-11
9.32587e-12
-4.88498e-12
0
-1.02141e-11
1.02141e-11
2.04281e-11
-1.77636e-12
9.76996e-12
6.21725e-12
2.22045e-12
-1.82077e-11
5.77316e-12
1.02141e-11
0
8.43769e-12
0
-2.66454e-12
-1.55431e-11
1.95399e-11
7.10543e-12
-1.95399e-11
-5.32907e-12
1.9984e-11
1.24345e-11
4.44089e-13
0
7.54952e-12
-5.32907e-12
-1.82077e-11
1.02141e-11
8.88178e-13
-4.88498e-12
8.43769e-12
-1.02141e-11
1.02141e-11
2.04281e-11
-2.62013e-11
2.79776e-11
-4.44089e-13
-2.26485e-11
0
-8.88178e-13
2.53131e-11
0
2.22045e-12
2.75335e-11
-2.13163e-11
4.44089e-13
-1.33227e-12
-4.44089e-13
0
0
1.33227e-12
-8.88178e-13
2.30926e-11
2.26485e-11
1.02141e-11
-7.99361e-12
-9.32587e-12
1.73195e-11
-4.44089e-13
-9.76996e-12
-7.10543e-12
9.32587e-12
4.57412e-11
2.84217e-11
0
2.04281e-11
1.77636e-11
-2.04281e-11
-3.55271e-12
-4.44089e-13
6.66134e-12
0
-6.21725e-12
1.46549e-11
1.68754e-11
9.32587e-12
-6.21725e-12
9.32587e-12
-4.44089e-13
-6.21725e-12
-2.66454e-12
-1.37668e-11
2.57572e-11
3.55271e-11
-1.37668e-11
-2.66454e-12
0
-1.15463e-11
1.42109e-11
-4.44089e-13
-2.22045e-12
0
2.66454e-12
1.46549e-11
-4.44089e-12
-5.77316e-12
-6.66134e-12
5.32907e-12
0
0
5.32907e-12
0
3.9968e-12
9.76996e-12
1.5099e-11
8.88178e-12
-6.66134e-12
-9.32587e-12
0
0
9.32587e-12
0
3.10862e-12
1.28786e-11
3.55271e-12
-3.9968e-12
-8.88178e-12
4.88498e-12
7.99361e-12
-8.88178e-12
-8.88178e-12
0
7.54952e-12
6.21725e-12
-1.9984e-11
6.66134e-12
1.37668e-11
-2.04281e-11
4.88498e-12
1.5099e-11
-8.88178e-13
-4.44089e-13
-3.9968e-12
4.44089e-13
2.88658e-11
2.30926e-11
-2.66454e-11
3.55271e-12
0
-2.66454e-11
2.30926e-11
0
4.88498e-12
2.84217e-11
-3.10862e-12
-2.62013e-11
5.77316e-12
2.66454e-11
0
-2.79776e-11
0
0
2.88658e-11
2.9754e-11
-1.42109e-11
-5.32907e-12
1.95399e-11
-3.9968e-12
-6.21725e-12
1.02141e-11
3.10862e-12
0
0
-3.10862e-12
0
1.06581e-11
0
-8.88178e-13
-9.76996e-12
4.44089e-13
1.02141e-11
0
2.66454e-11
2.66454e-11
-3.55271e-12
1.77636e-12
-8.88178e-13
2.66454e-12
1.64313e-11
-6.66134e-12
1.77636e-12
-1.37668e-11
2.84217e-11
4.70735e-11
0
-1.33227e-12
5.77316e-12
-1.02141e-11
3.9968e-12
1.77636e-12
-1.82077e-11
0
1.77636e-11
6.66134e-12
9.76996e-12
-1.5099e-11
0
1.5099e-11
-1.68754e-11
0
1.73195e-11
0
2.66454e-11
2.70894e-11
5.77316e-12
-1.77636e-12
0
6.66134e-12
-3.55271e-12
0
0
0
3.06422e-11
2.70894e-11
-9.32587e-12
-7.10543e-12
7.54952e-12
-3.10862e-12
3.55271e-12
5.32907e-12
-1.90958e-11
3.55271e-12
1.95399e-11
4.44089e-12
1.11022e-11
-1.02141e-11
0
1.5099e-11
-3.55271e-12
0
-6.21725e-12
0
3.68594e-11
2.70894e-11
5.77316e-12
4.44089e-13
1.33227e-11
-8.88178e-13
-1.24345e-11
3.10862e-12
0
0
2.66454e-11
2.66454e-11
-3.55271e-12
-3.01981e-11
3.37508e-11
3.01981e-11
0
0
-4.44089e-13
0
1.33227e-12
1.33227e-12
6.21725e-12
8.88178e-12
-9.76996e-12
8.88178e-13
0
-1.02141e-11
1.11022e-11
9.32587e-12
1.5099e-11
1.64313e-11
0
1.37668e-11
-4.88498e-12
5.77316e-12
-1.5099e-11
-3.9968e-12
1.28786e-11
0
3.37508e-11
3.15303e-11
3.9968e-12
-1.33227e-12
8.43769e-12
-8.88178e-13
2.66454e-12
-3.10862e-12
3.10862e-12
4.44089e-13
4.44089e-13
8.43769e-12
4.44089e-13
2.04281e-11
9.32587e-12
-1.19904e-11
2.66454e-12
-8.43769e-12
-1.86517e-11
0
1.55431e-11
1.68754e-11
-1.02141e-11
-5.32907e-12
9.76996e-12
4.44089e-12
-8.88178e-13
0
8.88178e-13
-1.33227e-12
2.70894e-11
2.9754e-11
1.15463e-11
-1.5099e-11
0
1.5099e-11
-1.68754e-11
0
-3.10862e-12
0
4.70735e-11
2.70894e-11
2.22045e-12
-3.9968e-12
-2.22045e-12
5.32907e-12
-7.10543e-12
-2.13163e-11
-8.88178e-13
1.95399e-11
7.10543e-12
-4.44089e-13
-1.42109e-11
1.19904e-11
1.42109e-11
-1.06581e-11
4.88498e-12
0
-4.44089e-12
1.59872e-11
5.77316e-12
4.44089e-12
-2.66454e-11
8.88178e-13
-5.32907e-12
-8.88178e-13
2.22045e-12
0
-4.44089e-13
0
2.39808e-11
2.04281e-11
2.66454e-11
-1.5099e-11
-2.66454e-11
-8.88178e-13
1.68754e-11
-1.33227e-12
-1.55431e-11
-1.33227e-12
-8.88178e-13
3.10862e-12
0
2.22045e-12
8.88178e-13
6.21725e-12
-9.32587e-12
-1.90958e-11
3.10862e-12
1.90958e-11
2.9754e-11
2.22045e-11
-6.21725e-12
-1.95399e-11
1.02141e-11
2.08722e-11
-1.77636e-12
4.44089e-13
-1.33227e-12
0
1.86517e-11
1.59872e-11
-1.68754e-11
-5.77316e-12
1.90958e-11
1.46549e-11
-5.77316e-12
-2.22045e-12
6.66134e-12
1.33227e-12
2.62013e-11
2.70894e-11
-3.55271e-12
-3.9968e-12
6.21725e-12
-8.88178e-13
0
4.88498e-12
-1.02141e-11
1.77636e-12
7.99361e-12
-8.88178e-13
8.88178e-12
1.55431e-11
7.99361e-12
-3.9968e-12
4.44089e-13
-1.24345e-11
-9.32587e-12
1.82077e-11
8.88178e-12
8.88178e-13
-1.5099e-11
-3.55271e-12
1.86517e-11
-1.33227e-11
0
1.73195e-11
-1.02141e-11
1.77636e-12
8.43769e-12
-1.33227e-12
4.88498e-12
9.76996e-12
-1.5099e-11
8.88178e-13
1.46549e-11
-1.5099e-11
-3.55271e-12
3.55271e-12
6.66134e-12
1.77636e-11
0
0
1.86517e-11
-1.33227e-11
-2.22045e-12
1.68754e-11
2.22045e-12
1.33227e-12
-8.88178e-13
-1.33227e-12
-2.66454e-11
7.54952e-12
4.44089e-13
2.62013e-11
0
-2.62013e-11
-3.55271e-12
4.44089e-13
8.88178e-12
6.21725e-12
-3.9968e-12
-1.77636e-12
3.37508e-11
3.01981e-11
0
0
-4.44089e-13
0
1.33227e-12
1.33227e-12
-4.44089e-13
-4.44089e-13
9.76996e-12
-8.88178e-12
-6.21725e-12
1.02141e-11
6.21725e-12
0
0
1.33227e-12
0
2.04281e-11
-4.44089e-13
-1.19904e-11
7.10543e-12
0
-1.02141e-11
0
1.28786e-11
9.32587e-12
3.9968e-12
-1.33227e-12
8.43769e-12
-8.88178e-13
2.66454e-12
-3.10862e-12
-6.66134e-12
4.44089e-13
1.02141e-11
8.43769e-12
1.33227e-12
1.86517e-11
2.22045e-12
-3.55271e-12
3.10862e-12
0
-2.13163e-11
0
2.13163e-11
5.77316e-12
-1.5099e-11
-4.44089e-13
1.90958e-11
-1.86517e-11
-1.77636e-12
1.9984e-11
-1.82077e-11
-2.22045e-12
1.5099e-11
-3.10862e-12
-7.54952e-12
1.33227e-11
1.95399e-11
-1.42109e-11
-3.10862e-12
2.04281e-11
0
0
3.55271e-12
4.44089e-13
8.88178e-12
-1.42109e-11
8.88178e-13
2.08722e-11
-3.9968e-12
-1.77636e-12
1.77636e-12
1.33227e-12
0
-3.10862e-12
0
-1.02141e-11
1.90958e-11
-4.44089e-12
-3.9968e-12
2.04281e-11
-1.64313e-11
-2.22045e-12
1.5099e-11
-3.10862e-12
2.53131e-11
3.55271e-12
-1.06581e-11
2.66454e-11
-1.33227e-11
-2.70894e-11
-4.44089e-12
0
3.15303e-11
3.10862e-11
-2.75335e-11
-2.22045e-12
2.9754e-11
2.22045e-12
0
0
-4.44089e-13
0
-2.84217e-11
-2.9754e-11
2.79776e-11
3.01981e-11
-3.01981e-11
0
4.44089e-13
-3.06422e-11
2.66454e-12
0
2.66454e-11
3.01981e-11
0
6.66134e-12
-8.88178e-13
-5.77316e-12
6.66134e-12
0
0
0
0
6.21725e-12
2.53131e-11
1.90958e-11
-2.53131e-11
-1.42109e-11
8.88178e-13
-1.33227e-12
0
1.77636e-12
0
4.44089e-13
6.21725e-12
2.44249e-11
-8.88178e-13
-2.35367e-11
2.22045e-11
0
-2.75335e-11
4.44089e-13
2.70894e-11
2.17604e-11
3.33067e-11
3.10862e-12
-2.88658e-11
-1.33227e-12
1.77636e-12
-2.22045e-12
2.26485e-11
3.10862e-12
4.44089e-12
2.66454e-11
-2.70894e-11
4.44089e-13
1.37668e-11
2.22045e-12
-1.37668e-11
1.33227e-12
-7.10543e-12
0
2.62013e-11
1.9984e-11
2.22045e-12
4.44089e-13
3.10862e-12
-3.10862e-12
2.57572e-11
3.55271e-12
-2.9754e-11
4.44089e-13
2.9754e-11
2.66454e-11
3.55271e-12
-2.66454e-11
-3.55271e-12
0
3.19744e-11
-2.66454e-12
-2.62013e-11
3.33067e-11
0
-2.70894e-11
-4.44089e-12
-1.33227e-12
5.32907e-12
-3.9968e-12
-2.70894e-11
-2.22045e-11
0
0
-8.88178e-13
-4.44089e-13
)
;

boundaryField
{
    frontAndBack
    {
        type            calculated;
        value           nonuniform List<scalar> 
600
(
-499.002
-499.002
-499.002
-499.002
-499.002
-499.002
-499.002
-499.002
-499.002
-499.002
-0.996976
-0.996976
-0.996976
-0.996976
-0.996976
-0.996976
-0.996976
-0.996976
-0.996976
-0.996976
-0.00100657
-0.00100657
-0.00100657
-0.00100657
-0.00100657
-0.00100657
-0.00100657
-0.00100657
-0.00100657
-0.00100657
-6.84349e-07
-6.84361e-07
-6.84362e-07
-6.84328e-07
-6.84352e-07
-6.84362e-07
-6.84346e-07
-6.84358e-07
-6.84341e-07
-6.8435e-07
-3.67262e-10
-3.59712e-10
-3.65485e-10
-3.32179e-10
-3.59712e-10
-3.53495e-10
-3.32179e-10
-3.67262e-10
-3.37952e-10
-3.51719e-10
0
4.44089e-13
0
-2.93099e-11
4.44089e-12
0
1.37668e-11
-3.9968e-12
-2.62013e-11
2.62013e-11
2.66454e-11
5.77316e-12
0
4.44089e-13
3.24185e-11
-5.77316e-12
2.22045e-12
2.66454e-11
-2.39808e-11
-6.21725e-12
0
-3.10862e-12
3.06422e-11
-4.44089e-13
2.57572e-11
3.06422e-11
0
3.55271e-12
1.46549e-11
-2.75335e-11
0
-4.44089e-13
-4.44089e-13
-2.66454e-11
-3.19744e-11
5.77316e-12
-3.24185e-11
-2.9754e-11
-6.21725e-12
-1.9984e-11
2.22045e-11
4.88498e-12
-2.39808e-11
2.66454e-12
-2.4869e-11
-3.06422e-11
1.42109e-11
-3.10862e-12
-1.59872e-11
2.9754e-11
-499.002
-499.002
-499.002
-499.002
-499.002
-499.002
-499.002
-499.002
-499.002
-499.002
-0.996976
-0.996976
-0.996976
-0.996976
-0.996976
-0.996976
-0.996976
-0.996976
-0.996976
-0.996976
-0.00100657
-0.00100657
-0.00100657
-0.00100657
-0.00100657
-0.00100657
-0.00100657
-0.00100657
-0.00100657
-0.00100657
-6.8435e-07
-6.84355e-07
-6.84353e-07
-6.84325e-07
-6.84354e-07
-6.84348e-07
-6.84347e-07
-6.84348e-07
-6.84348e-07
-6.84361e-07
-3.51719e-10
-3.61933e-10
-3.72147e-10
-3.59712e-10
-3.60156e-10
-3.62377e-10
-3.67262e-10
-3.64597e-10
-3.7037e-10
-3.39728e-10
0
0
0
0
0
-5.32907e-12
0
-3.10862e-12
-5.77316e-12
-4.44089e-13
4.44089e-13
0
0
2.22045e-12
0
2.66454e-12
1.77636e-12
-8.88178e-13
2.53131e-11
-2.75335e-11
-8.88178e-13
0
6.66134e-12
-2.57572e-11
6.66134e-12
4.44089e-13
-1.77636e-12
3.55271e-12
5.77316e-12
2.84217e-11
-2.70894e-11
-4.44089e-13
0
2.66454e-12
0
1.33227e-12
-6.21725e-12
-2.66454e-12
-2.53131e-11
2.79776e-11
1.33227e-12
3.33067e-11
-6.66134e-12
4.44089e-13
-6.66134e-12
3.55271e-12
-4.88498e-12
-3.9968e-12
2.44249e-11
-2.75335e-11
1.77636e-12
-2.22045e-12
-1.33227e-12
8.88178e-13
1.90958e-11
-4.44089e-13
4.88498e-12
-2.22045e-12
3.01981e-11
2.70894e-11
2.22045e-12
8.88178e-13
-4.44089e-13
2.22045e-11
0
3.24185e-11
-2.79776e-11
-1.33227e-12
2.22045e-12
0
-2.66454e-12
2.66454e-12
1.33227e-12
0
-1.64313e-11
4.44089e-13
-1.77636e-12
3.06422e-11
0
-8.88178e-13
3.9968e-12
0
-8.88178e-13
0
2.84217e-11
-2.75335e-11
0
3.9968e-12
2.79776e-11
0
-3.9968e-12
2.57572e-11
2.30926e-11
-5.32907e-12
2.66454e-12
2.22045e-11
2.66454e-12
1.77636e-12
-1.77636e-12
4.44089e-13
4.44089e-13
-1.77636e-12
-2.66454e-12
2.22045e-12
-2.9754e-11
-1.77636e-12
-1.33227e-12
-6.21725e-12
-1.02141e-11
-2.22045e-12
0
-2.75335e-11
-2.30926e-11
4.88498e-12
-8.88178e-13
3.9968e-12
-8.88178e-13
-2.62013e-11
-2.30926e-11
1.77636e-12
-2.22045e-12
3.10862e-12
2.66454e-12
-2.39808e-11
3.10862e-12
3.10862e-12
3.10862e-12
0
-1.9984e-11
-2.62013e-11
5.77316e-12
8.88178e-13
-1.33227e-12
-2.66454e-12
2.26485e-11
-2.88658e-11
2.26485e-11
0
2.30926e-11
-2.22045e-12
-3.9968e-12
-8.88178e-13
-8.88178e-13
0
-1.33227e-12
-8.88178e-13
-1.33227e-12
2.22045e-12
1.77636e-12
2.84217e-11
0
2.44249e-11
1.95399e-11
-4.44089e-13
1.95399e-11
-8.88178e-13
3.10862e-11
0
-4.88498e-12
-1.33227e-12
2.84217e-11
-2.79776e-11
0
4.44089e-13
5.77316e-12
2.9754e-11
4.88498e-12
3.01981e-11
2.66454e-12
-8.88178e-13
0
-2.70894e-11
-1.95399e-11
-2.22045e-12
6.21725e-12
-1.33227e-12
0
0
0
-1.77636e-12
0
2.30926e-11
0
-5.77316e-12
-2.22045e-12
0
-4.88498e-12
0
-2.70894e-11
2.70894e-11
2.62013e-11
3.01981e-11
3.10862e-11
2.66454e-12
-2.13163e-11
2.66454e-11
4.44089e-13
6.21725e-12
6.66134e-12
-2.53131e-11
-2.22045e-12
-2.22045e-11
2.53131e-11
3.10862e-12
1.59872e-11
-1.33227e-12
3.9968e-12
-2.62013e-11
-5.77316e-12
-2.62013e-11
2.22045e-12
-2.84217e-11
-2.93099e-11
-5.77316e-12
-4.44089e-12
-2.53131e-11
-3.06422e-11
0
0
8.88178e-13
-2.62013e-11
-6.21725e-12
-7.10543e-12
2.70894e-11
0
-2.70894e-11
2.62013e-11
-1.33227e-12
0
2.62013e-11
-2.22045e-12
8.88178e-13
-4.44089e-13
4.88498e-12
0
-4.44089e-12
3.15303e-11
-4.88498e-12
-5.77316e-12
2.66454e-11
2.84217e-11
2.66454e-12
-1.95399e-11
-3.01981e-11
-1.28786e-11
-8.88178e-13
-2.66454e-11
4.44089e-13
2.93099e-11
8.88178e-13
-5.77316e-12
-8.88178e-13
3.10862e-12
2.66454e-12
5.32907e-12
-3.9968e-12
-2.26485e-11
-4.44089e-13
-2.84217e-11
-3.9968e-12
2.22045e-12
-1.33227e-12
4.44089e-13
-2.66454e-12
8.88178e-13
1.33227e-12
-1.77636e-12
3.10862e-12
-1.77636e-12
-4.44089e-13
0
-8.88178e-13
-1.33227e-12
-5.77316e-12
0
3.33067e-11
0
0
3.37508e-11
6.21725e-12
-2.22045e-12
2.22045e-12
-4.44089e-13
-2.66454e-12
2.75335e-11
2.75335e-11
1.77636e-12
1.55431e-11
3.01981e-11
4.44089e-13
1.77636e-12
-1.33227e-12
0
3.19744e-11
0
0
2.79776e-11
-2.66454e-12
0
0
0
4.44089e-13
0
-8.88178e-13
0
0
0
-1.59872e-11
0
0
4.44089e-13
8.88178e-13
-3.9968e-12
8.88178e-13
-3.19744e-11
-1.95399e-11
-4.44089e-13
3.10862e-12
-4.44089e-13
-2.9754e-11
0
0
0
4.44089e-13
0
0
-2.66454e-12
-1.33227e-12
0
0
-2.4869e-11
2.30926e-11
2.75335e-11
8.88178e-13
3.28626e-11
2.04281e-11
0
2.66454e-11
1.33227e-12
8.88178e-13
-2.26485e-11
2.30926e-11
2.26485e-11
3.37508e-11
1.33227e-12
1.33227e-12
3.01981e-11
2.93099e-11
1.33227e-12
-2.9754e-11
-2.75335e-11
2.79776e-11
0
2.53131e-11
6.21725e-12
3.33067e-11
-2.70894e-11
2.22045e-12
3.55271e-12
-4.44089e-12
-2.22045e-12
3.01981e-11
6.66134e-12
1.90958e-11
2.44249e-11
3.10862e-12
4.44089e-13
4.44089e-13
-2.66454e-11
-1.33227e-12
2.9754e-11
-3.01981e-11
-8.88178e-13
-2.53131e-11
-8.88178e-13
-2.88658e-11
1.37668e-11
3.10862e-12
-3.55271e-12
5.32907e-12
2.22045e-12
0
-5.77316e-12
-1.42109e-11
-2.35367e-11
-1.33227e-12
2.22045e-12
-3.10862e-12
0
-3.9968e-12
0
4.44089e-13
6.66134e-12
8.88178e-13
2.22045e-11
1.77636e-12
-1.37668e-11
2.57572e-11
3.19744e-11
-2.70894e-11
0
-3.06422e-11
0
-1.33227e-12
0
-2.22045e-12
1.33227e-12
3.55271e-12
-2.66454e-12
-2.22045e-11
-4.44089e-13
2.66454e-12
0
0
-2.75335e-11
2.26485e-11
-7.10543e-12
-2.9754e-11
-2.62013e-11
0
0
0
0
1.77636e-12
4.44089e-13
3.10862e-12
0
4.44089e-13
3.33067e-11
0
-2.84217e-11
2.66454e-11
0
0
2.70894e-11
4.44089e-12
2.62013e-11
2.9754e-11
0
-8.88178e-13
-2.9754e-11
3.01981e-11
6.21725e-12
4.44089e-13
2.17604e-11
2.66454e-11
1.9984e-11
2.66454e-11
-2.70894e-11
-4.44089e-13
)
;
    }
    left
    {
        type            calculated;
        value           nonuniform List<scalar> 
100
(
-996.012
-996.012
-996.012
-996.012
-996.012
-996.012
-996.012
-996.012
-996.012
-996.012
-996.012
-996.012
-996.012
-996.012
-996.012
-996.012
-996.012
-996.012
-996.012
-996.012
-996.012
-996.012
-996.012
-996.012
-996.012
-996.012
-996.012
-996.012
-996.012
-996.012
-996.012
-996.012
-996.012
-996.012
-996.012
-996.012
-996.012
-996.012
-996.012
-996.012
-996.012
-996.012
-996.012
-996.012
-996.012
-996.012
-996.012
-996.012
-996.012
-996.012
-996.012
-996.012
-996.012
-996.012
-996.012
-996.012
-996.012
-996.012
-996.012
-996.012
-996.012
-996.012
-996.012
-996.012
-996.012
-996.012
-996.012
-996.012
-996.012
-996.012
-996.012
-996.012
-996.012
-996.012
-996.012
-996.012
-996.012
-996.012
-996.012
-996.012
-996.012
-996.012
-996.012
-996.012
-996.012
-996.012
-996.012
-996.012
-996.012
-996.012
-996.012
-996.012
-996.012
-996.012
-996.012
-996.012
-996.012
-996.012
-996.012
-996.012
)
;
    }
    right
    {
        type            calculated;
        value           uniform 0;
    }
    lowerWall
    {
        type            calculated;
        value           nonuniform List<scalar> 
300
(
-499.002
-499.002
-499.002
-499.002
-499.002
-499.002
-499.002
-499.002
-499.002
-499.002
-0.996976
-0.996976
-0.996976
-0.996976
-0.996976
-0.996976
-0.996976
-0.996976
-0.996976
-0.996976
-0.00100657
-0.00100657
-0.00100657
-0.00100657
-0.00100657
-0.00100657
-0.00100657
-0.00100657
-0.00100657
-0.00100657
-6.84349e-07
-6.84352e-07
-6.84362e-07
-6.84355e-07
-6.84352e-07
-6.84362e-07
-6.84355e-07
-6.84332e-07
-6.84367e-07
-6.8435e-07
-3.67262e-10
-3.72147e-10
-3.65485e-10
-3.59268e-10
-3.71703e-10
-3.65485e-10
-3.61933e-10
-3.73479e-10
-3.31291e-10
-3.51719e-10
0
-1.77636e-12
0
-2.22045e-12
5.77316e-12
3.01981e-11
1.46549e-11
0
1.42109e-11
0
2.66454e-11
3.33067e-11
0
2.66454e-11
3.15303e-11
-3.55271e-12
6.21725e-12
3.19744e-11
-2.39808e-11
4.44089e-13
0
2.22045e-12
3.06422e-11
0
2.53131e-11
0
-1.46549e-11
-2.62013e-11
0
-8.88178e-13
0
-2.84217e-11
-4.44089e-13
-2.66454e-11
-3.19744e-11
3.9968e-12
-6.21725e-12
0
-6.21725e-12
-2.70894e-11
2.22045e-11
0
-2.39808e-11
2.66454e-12
-2.75335e-11
-3.06422e-11
-1.33227e-12
-3.10862e-12
-1.59872e-11
1.33227e-12
1.77636e-12
-2.22045e-12
-1.33227e-12
8.88178e-13
0
-4.44089e-13
5.32907e-12
-2.93099e-11
3.01981e-11
0
2.22045e-12
8.88178e-13
-4.44089e-13
-2.66454e-12
2.66454e-12
3.24185e-11
2.22045e-12
1.82077e-11
2.22045e-12
2.84217e-11
-2.66454e-12
2.70894e-11
1.33227e-12
0
5.32907e-12
-2.66454e-12
1.33227e-12
-3.55271e-12
-2.70894e-11
0
3.9968e-12
-4.44089e-13
2.75335e-11
0
8.88178e-13
-2.70894e-11
2.75335e-11
-1.5099e-11
2.84217e-11
0
-3.9968e-12
1.77636e-12
-2.66454e-12
0
2.22045e-11
2.88658e-11
2.22045e-11
2.84217e-11
2.4869e-11
2.62013e-11
4.44089e-13
-5.32907e-12
-7.54952e-12
2.75335e-11
1.95399e-11
-1.77636e-12
-3.01981e-11
-3.10862e-12
-3.15303e-11
-2.22045e-12
0
-2.66454e-11
1.77636e-12
-8.88178e-13
-2.26485e-11
0
-2.30926e-11
-2.22045e-11
-2.30926e-11
2.22045e-12
-2.22045e-12
6.21725e-12
-1.9984e-11
-2.39808e-11
-1.9984e-11
3.10862e-12
3.55271e-12
0
1.77636e-12
-2.62013e-11
5.77316e-12
4.44089e-13
2.35367e-11
-2.66454e-12
2.35367e-11
-2.88658e-11
-2.22045e-12
-4.44089e-13
-2.22045e-12
-2.22045e-12
-3.9968e-12
-8.88178e-13
-1.33227e-12
0
-1.33227e-12
2.57572e-11
2.70894e-11
1.86517e-11
2.22045e-12
2.84217e-11
-5.77316e-12
-8.88178e-13
-2.84217e-11
-2.66454e-12
-2.13163e-11
-3.10862e-12
-3.55271e-12
2.66454e-11
-3.9968e-12
-2.75335e-11
2.22045e-12
-2.22045e-12
1.33227e-12
-3.10862e-12
4.44089e-13
-2.62013e-11
-3.01981e-11
-1.5099e-11
-1.77636e-12
-2.22045e-12
0
0
4.88498e-12
5.77316e-12
-1.33227e-12
5.77316e-12
3.37508e-11
-2.66454e-11
3.37508e-11
2.9754e-11
-2.22045e-12
2.22045e-12
2.75335e-11
-2.66454e-12
-4.44089e-13
2.66454e-11
3.01981e-11
-8.88178e-13
3.01981e-11
2.22045e-12
1.77636e-12
-1.33227e-12
0
0
0
0
0
1.68754e-11
0
0
0
4.44089e-13
-2.79776e-11
5.32907e-12
0
-2.79776e-11
0
-1.33227e-12
0
0
4.44089e-13
8.88178e-13
-3.9968e-12
2.70894e-11
1.33227e-12
0
-4.44089e-13
-1.55431e-11
-4.44089e-13
-4.44089e-13
0
0
0
0
-8.88178e-13
0
0
-1.33227e-12
0
0
-2.4869e-11
2.30926e-11
2.75335e-11
0
2.30926e-11
2.88658e-11
1.33227e-12
-8.88178e-13
1.33227e-12
-2.84217e-11
-2.26485e-11
2.30926e-11
2.26485e-11
2.66454e-11
2.26485e-11
2.9754e-11
1.33227e-12
3.10862e-12
1.33227e-12
-2.9754e-11
)
;
    }
    upperWall
    {
        type            calculated;
        value           nonuniform List<scalar> 
300
(
-499.002
-499.002
-499.002
-499.002
-499.002
-499.002
-499.002
-499.002
-499.002
-499.002
-0.996976
-0.996976
-0.996976
-0.996976
-0.996976
-0.996976
-0.996976
-0.996976
-0.996976
-0.996976
-0.00100657
-0.00100657
-0.00100657
-0.00100657
-0.00100657
-0.00100657
-0.00100657
-0.00100657
-0.00100657
-0.00100657
-6.8435e-07
-6.84355e-07
-6.84354e-07
-6.84361e-07
-6.84353e-07
-6.84364e-07
-6.84355e-07
-6.84354e-07
-6.84364e-07
-6.84361e-07
-3.51719e-10
-3.55715e-10
-3.62377e-10
-3.61489e-10
-3.72147e-10
-3.54383e-10
-3.72147e-10
-3.59712e-10
-3.57936e-10
-3.39728e-10
2.62013e-11
0
0
2.75335e-11
0
3.10862e-11
0
4.44089e-13
3.06422e-11
-4.44089e-13
-6.21725e-12
2.62013e-11
0
-3.10862e-12
3.55271e-12
2.66454e-12
3.10862e-12
-8.88178e-13
-8.88178e-13
-2.75335e-11
-2.75335e-11
0
6.66134e-12
-2.66454e-11
-4.44089e-13
0
6.21725e-12
3.06422e-11
-2.4869e-11
2.84217e-11
-1.9984e-11
-2.9754e-11
6.21725e-12
4.44089e-12
3.55271e-12
1.33227e-12
3.55271e-12
-2.22045e-12
-8.88178e-13
2.79776e-11
2.9754e-11
3.55271e-12
-6.21725e-12
-4.88498e-12
6.21725e-12
-2.70894e-11
-3.55271e-12
-2.84217e-11
-5.77316e-12
-2.75335e-11
2.70894e-11
2.22045e-12
-5.77316e-12
8.88178e-13
-3.10862e-12
1.77636e-12
4.44089e-13
0
1.77636e-12
-1.33227e-12
0
3.06422e-11
-8.88178e-13
0
-2.66454e-12
2.93099e-11
3.10862e-12
3.01981e-11
4.88498e-12
-8.88178e-13
-8.88178e-13
-2.22045e-12
8.88178e-13
-2.66454e-12
0
-4.88498e-12
-8.88178e-13
0
-3.9968e-12
-1.77636e-12
0
-2.70894e-11
5.77316e-12
5.77316e-12
0
0
-4.88498e-12
-2.62013e-11
1.33227e-12
2.70894e-11
4.44089e-13
1.33227e-12
0
2.66454e-12
2.88658e-11
-1.77636e-12
-6.21725e-12
3.24185e-11
2.84217e-11
-2.53131e-11
-2.22045e-12
-2.66454e-12
-5.77316e-12
2.44249e-11
0
-3.15303e-11
5.77316e-12
-3.10862e-12
-6.21725e-12
-2.62013e-11
1.77636e-12
2.84217e-11
-8.88178e-13
-4.44089e-13
-2.62013e-11
2.66454e-12
3.10862e-12
0
-3.10862e-11
8.88178e-13
-2.62013e-11
2.66454e-12
0
-2.39808e-11
0
0
-4.44089e-13
0
8.88178e-13
2.62013e-11
-2.22045e-12
-4.88498e-12
6.66134e-12
2.62013e-11
-2.66454e-12
-3.55271e-12
2.9754e-11
-4.44089e-13
4.44089e-12
2.66454e-11
2.84217e-11
2.62013e-11
0
-5.77316e-12
1.77636e-12
3.55271e-12
-1.33227e-12
-3.9968e-12
-4.44089e-13
8.88178e-13
-3.9968e-12
-2.39808e-11
0
-2.62013e-11
2.88658e-11
5.77316e-12
-2.66454e-11
-2.66454e-11
2.53131e-11
-4.44089e-12
-4.44089e-13
-2.88658e-11
2.84217e-11
2.79776e-11
2.30926e-11
4.44089e-13
8.88178e-13
7.54952e-12
3.55271e-12
-1.33227e-12
6.21725e-12
-1.33227e-12
-6.66134e-12
-4.44089e-13
-2.66454e-11
1.33227e-11
-5.32907e-12
4.44089e-13
-1.06581e-11
5.32907e-12
4.44089e-13
-4.44089e-13
-2.17604e-11
-2.26485e-11
3.55271e-12
-8.88178e-13
-8.88178e-13
2.62013e-11
2.66454e-11
-3.9968e-12
0
0
0
0
0
-1.24345e-11
2.22045e-12
0
-1.33227e-11
-2.70894e-11
0
0
-6.66134e-12
-8.88178e-13
-2.66454e-11
3.10862e-12
0
-2.62013e-11
-2.70894e-11
-2.22045e-11
-2.9754e-11
-3.55271e-12
2.84217e-11
2.53131e-11
2.30926e-11
0
-4.44089e-13
-3.55271e-12
-4.44089e-12
0
0
0
0
0
0
0
0
4.44089e-13
0
0
8.88178e-13
3.37508e-11
5.77316e-12
2.22045e-12
4.88498e-12
2.66454e-11
2.39808e-11
8.88178e-12
3.15303e-11
-8.88178e-13
-2.9754e-11
3.06422e-11
3.41949e-11
2.75335e-11
2.84217e-11
2.66454e-11
2.04281e-11
6.21725e-12
3.10862e-11
-4.44089e-13
)
;
    }
}


// ************************************************************************* //
