/*--------------------------------*- C++ -*----------------------------------*\
  =========                 |
  \\      /  F ield         | OpenFOAM: The Open Source CFD Toolbox
   \\    /   O peration     | Website:  https://openfoam.org
    \\  /    A nd           | Version:  10
     \\/     M anipulation  |
\*---------------------------------------------------------------------------*/
FoamFile
{
    format      ascii;
    class       volScalarField;
    location    "1.2";
    object      gradTx;
}
// * * * * * * * * * * * * * * * * * * * * * * * * * * * * * * * * * * * * * //

dimensions      [0 -1 0 1 0 0 0];

internalField   nonuniform List<scalar> 
3000
(
-497.612
-2.38273
-0.00573757
-9.25257e-06
-1.12927e-08
-3.06422e-11
6.66134e-11
0
0
6.17284e-11
-497.612
-2.38273
-0.00573757
-9.2526e-06
-1.12896e-08
-3.28626e-11
1.37668e-11
-8.88178e-12
-1.33227e-12
1.15463e-11
-497.612
-2.38273
-0.00573757
-9.2526e-06
-1.12985e-08
-3.73035e-11
0
7.99361e-11
-4.44089e-13
-6.35048e-11
-497.612
-2.38273
-0.00573757
-9.25254e-06
-1.12159e-08
-7.28306e-11
0
0
-6.79456e-11
4.88498e-12
-497.612
-2.38273
-0.00573757
-9.25257e-06
-1.1291e-08
-2.53131e-11
8.12683e-11
6.79456e-11
-7.90479e-11
-6.61693e-11
-497.612
-2.38273
-0.00573757
-9.2526e-06
-1.12754e-08
-3.73035e-11
-1.33227e-11
8.03801e-11
1.28786e-11
-7.77156e-11
-497.612
-2.38273
-0.00573757
-9.25256e-06
-1.12101e-08
2.22045e-11
2.22045e-12
0
-7.9492e-11
1.42109e-11
-497.612
-2.38273
-0.00573757
-9.25259e-06
-1.12998e-08
-4.04121e-11
6.61693e-11
9.32587e-12
-7.54952e-11
-4.44089e-12
-497.612
-2.38273
-0.00573757
-9.25257e-06
-1.12288e-08
-7.06102e-11
-6.35048e-11
5.68434e-11
-1.55431e-11
-5.77316e-11
-497.612
-2.38273
-0.00573757
-9.25258e-06
-1.12528e-08
3.4639e-11
-6.21725e-12
-6.79456e-11
-5.90639e-11
6.92779e-11
-497.612
-2.38273
-0.00573757
-9.25258e-06
-1.13132e-08
-3.5083e-11
8.08242e-11
3.10862e-12
-6.92779e-11
4.44089e-13
-497.612
-2.38273
-0.00573757
-9.25261e-06
-1.13127e-08
-1.5099e-11
3.4639e-11
-1.55431e-11
7.54952e-12
-1.33227e-12
-497.612
-2.38273
-0.00573757
-9.25264e-06
-1.12821e-08
-2.26485e-11
4.44089e-12
4.84057e-11
8.88178e-13
-2.66454e-11
-497.612
-2.38273
-0.00573757
-9.25257e-06
-1.12741e-08
-5.50671e-11
-1.06581e-11
-4.44089e-13
-1.55431e-11
-2.08722e-11
-497.612
-2.38273
-0.00573757
-9.25262e-06
-1.13185e-08
-2.22045e-12
4.4853e-11
4.44089e-13
-3.90799e-11
1.77636e-12
-497.612
-2.38273
-0.00573757
-9.25264e-06
-1.13012e-08
-2.26485e-11
4.44089e-12
4.84057e-11
8.88178e-13
-1.06581e-11
-497.612
-2.38273
-0.00573757
-9.25257e-06
-1.13229e-08
-2.66454e-11
4.57412e-11
0
-3.86358e-11
-2.39808e-11
-497.612
-2.38273
-0.00573757
-9.25259e-06
-1.12816e-08
-6.57252e-11
3.9968e-12
0
-3.41949e-11
3.41949e-11
-497.612
-2.38273
-0.00573757
-9.2526e-06
-1.12741e-08
-3.55271e-11
-7.10543e-12
-3.01981e-11
-4.08562e-11
2.13163e-11
-497.612
-2.38273
-0.00573757
-9.25258e-06
-1.12741e-08
-3.9968e-11
6.57252e-11
0
-7.10543e-11
1.11022e-11
-497.612
-2.38273
-0.00573757
-9.2526e-06
-1.12985e-08
-3.73035e-11
0
7.99361e-11
-4.44089e-13
-6.35048e-11
-497.612
-2.38273
-0.00573757
-9.25264e-06
-1.13012e-08
1.19904e-11
8.43769e-12
1.42109e-11
-3.55271e-12
1.77636e-12
-497.612
-2.38273
-0.00573757
-9.25261e-06
-1.12528e-08
-6.66134e-11
0
-5.32907e-12
-4.92939e-11
4.84057e-11
-497.612
-2.38273
-0.00573757
-9.25261e-06
-1.13189e-08
-1.5099e-11
4.08562e-11
-2.17604e-11
-1.90958e-11
5.77316e-12
-497.612
-2.38273
-0.00573757
-9.25264e-06
-1.13016e-08
-2.30926e-11
6.66134e-12
0
-6.66134e-12
4.21885e-11
-497.612
-2.38273
-0.00573757
-9.2526e-06
-1.12976e-08
-7.37188e-11
4.88498e-11
-6.21725e-12
-1.28786e-11
5.01821e-11
-497.612
-2.38273
-0.00573757
-9.25262e-06
-1.13016e-08
-1.90958e-11
2.13163e-11
4.44089e-13
-1.55431e-11
1.55431e-11
-497.612
-2.38273
-0.00573757
-9.25258e-06
-1.12821e-08
-7.06102e-11
-8.43769e-12
0
-4.08562e-11
3.4639e-11
-497.612
-2.38273
-0.00573757
-9.25262e-06
-1.13225e-08
-1.64313e-11
6.21725e-12
-6.21725e-12
2.9754e-11
2.17604e-11
-497.612
-2.38273
-0.00573757
-9.25258e-06
-1.12896e-08
-3.68594e-11
1.77636e-12
1.59872e-11
1.33227e-11
-1.33227e-11
-497.612
-2.38273
-0.00573757
-9.25258e-06
-1.12834e-08
-3.55271e-11
6.79456e-11
0
-6.79456e-11
4.88498e-12
-497.612
-2.38273
-0.00573757
-9.25262e-06
-1.12959e-08
-1.77636e-12
1.06581e-11
0
-1.59872e-11
3.9968e-12
-497.612
-2.38273
-0.00573757
-9.25262e-06
-1.13185e-08
-1.95399e-11
1.11022e-11
3.06422e-11
1.06581e-11
4.44089e-13
-497.612
-2.38273
-0.00573757
-9.25262e-06
-1.13043e-08
-1.28786e-11
1.42109e-11
0
-2.4869e-11
-8.88178e-13
-497.612
-2.38273
-0.00573757
-9.25257e-06
-1.13012e-08
-5.9508e-11
-3.15303e-11
2.75335e-11
4.30767e-11
-4.39648e-11
-497.612
-2.38273
-0.00573757
-9.25257e-06
-1.12745e-08
-3.10862e-11
-7.54952e-12
-7.54952e-12
-4.08562e-11
-1.28786e-11
-497.612
-2.38273
-0.00573757
-9.25259e-06
-1.12768e-08
-5.90639e-11
-3.68594e-11
2.75335e-11
4.30767e-11
-4.39648e-11
-497.612
-2.38273
-0.00573757
-9.25264e-06
-1.13403e-08
1.15463e-11
3.59712e-11
0
0
3.55271e-12
-497.612
-2.38273
-0.00573757
-9.25257e-06
-1.13021e-08
-5.10703e-11
8.43769e-12
-1.59872e-11
-3.86358e-11
1.9984e-11
-497.612
-2.38273
-0.00573757
-9.2526e-06
-1.1287e-08
3.59712e-11
-7.99361e-12
-6.75016e-11
1.06581e-11
-1.15463e-11
-497.612
-2.38273
-0.00573757
-9.25257e-06
-1.13141e-08
-2.35367e-11
8.12683e-11
6.61693e-11
-7.90479e-11
-6.92779e-11
-497.612
-2.38273
-0.00573757
-9.25262e-06
-1.13376e-08
1.19904e-11
4.08562e-11
-1.42109e-11
-3.4639e-11
1.68754e-11
-497.612
-2.38273
-0.00573757
-9.25262e-06
-1.12608e-08
-1.64313e-11
-4.17444e-11
-6.21725e-12
-6.66134e-12
6.66134e-12
-497.612
-2.38273
-0.00573757
-9.25261e-06
-1.13189e-08
1.15463e-11
1.15463e-11
-4.92939e-11
1.55431e-11
4.08562e-11
-497.612
-2.38273
-0.00573757
-9.25262e-06
-1.13367e-08
-2.35367e-11
3.64153e-11
0
-3.64153e-11
3.64153e-11
-497.612
-2.38273
-0.00573757
-9.25262e-06
-1.13225e-08
-1.64313e-11
4.17444e-11
-6.21725e-12
-5.77316e-12
2.17604e-11
-497.612
-2.38273
-0.00573757
-9.25262e-06
-1.13087e-08
-2.30926e-11
3.64153e-11
0
0
3.64153e-11
-497.612
-2.38273
-0.00573757
-9.25265e-06
-1.1279e-08
1.37668e-11
-1.33227e-11
0
-8.88178e-12
-2.79776e-11
-497.612
-2.38273
-0.00573757
-9.25262e-06
-1.13185e-08
-1.64313e-11
4.57412e-11
-6.21725e-12
-9.76996e-12
4.84057e-11
-497.612
-2.38273
-0.00573757
-9.25258e-06
-1.13141e-08
-3.68594e-11
1.06581e-11
-4.44089e-13
5.32907e-12
1.55431e-11
-497.612
-2.38273
-0.00573757
-9.2526e-06
-1.12985e-08
4.21885e-11
-8.88178e-12
0
9.32587e-12
-7.77156e-11
-497.612
-2.38273
-0.00573757
-9.25264e-06
-1.13012e-08
-2.26485e-11
4.44089e-12
4.84057e-11
-1.86517e-11
-6.66134e-12
-497.612
-2.38273
-0.00573757
-9.25266e-06
-1.12981e-08
-2.30926e-11
3.77476e-11
0
-3.77476e-11
3.77476e-11
-497.612
-2.38273
-0.00573757
-9.25261e-06
-1.12741e-08
1.64313e-11
-7.54952e-12
-4.21885e-11
1.33227e-12
3.73035e-11
-497.612
-2.38273
-0.00573757
-9.25266e-06
-1.13225e-08
1.15463e-11
4.88498e-11
-8.88178e-13
-4.79616e-11
1.42109e-11
-497.612
-2.38273
-0.00573757
-9.25262e-06
-1.1342e-08
-1.64313e-11
3.73035e-11
-6.21725e-12
-1.33227e-12
5.32907e-12
-497.612
-2.38273
-0.00573757
-9.25262e-06
-1.12665e-08
-2.62013e-11
-1.9984e-11
3.64153e-11
1.42109e-11
-1.46549e-11
-497.612
-2.38273
-0.00573757
-9.25262e-06
-1.1295e-08
-1.06581e-11
-2.84217e-11
0
1.28786e-11
-1.73195e-11
-497.612
-2.38273
-0.00573757
-9.25262e-06
-1.12612e-08
-1.33227e-12
-1.42109e-11
2.04281e-11
-1.59872e-11
-1.5099e-11
-497.612
-2.38273
-0.00573757
-9.2526e-06
-1.12754e-08
4.26326e-11
1.02141e-11
8.88178e-13
4.44089e-13
-6.88338e-11
-497.612
-2.38273
-0.00573757
-9.25258e-06
-1.12896e-08
2.4869e-11
1.55431e-11
-5.68434e-11
-1.55431e-11
-8.88178e-13
-497.612
-2.38273
-0.00573757
-9.25262e-06
-1.13385e-08
8.88178e-12
4.17444e-11
0
-4.13003e-11
3.9968e-12
-497.612
-2.38273
-0.00573757
-9.25262e-06
-1.13025e-08
-1.64313e-11
0
0
2.9754e-11
3.59712e-11
-497.612
-2.38273
-0.00573757
-9.25261e-06
-1.12768e-08
-1.55431e-11
-3.06422e-11
2.66454e-11
3.77476e-11
-4.26326e-11
-497.612
-2.38273
-0.00573757
-9.25262e-06
-1.13305e-08
-2.30926e-11
2.9754e-11
6.21725e-12
0
0
-497.612
-2.38273
-0.00573757
-9.25262e-06
-1.13247e-08
1.37668e-11
2.04281e-11
-1.5099e-11
-6.21725e-12
4.88498e-12
-497.612
-2.38273
-0.00573757
-9.25262e-06
-1.12723e-08
-2.30926e-11
-2.9754e-11
0
2.9754e-11
6.21725e-12
-497.612
-2.38273
-0.00573757
-9.25264e-06
-1.13101e-08
-1.9984e-11
-1.28786e-11
3.06422e-11
2.75335e-11
-2.75335e-11
-497.612
-2.38273
-0.00573757
-9.25262e-06
-1.12723e-08
1.33227e-11
-1.33227e-12
-3.01981e-11
-1.42109e-11
4.21885e-11
-497.612
-2.38273
-0.00573757
-9.25258e-06
-1.13141e-08
-3.68594e-11
1.02141e-11
1.59872e-11
4.88498e-12
-4.88498e-12
-497.612
-2.38273
-0.00573757
-9.25255e-06
-1.13123e-08
-2.22045e-12
7.90479e-11
-6.61693e-11
0
-3.9968e-12
-497.612
-2.38273
-0.00573757
-9.25257e-06
-1.12816e-08
-2.9754e-11
3.9968e-12
-3.9968e-12
-4.44089e-13
4.44089e-12
-497.612
-2.38273
-0.00573757
-9.2526e-06
-1.12834e-08
-5.4623e-11
-7.99361e-12
-1.5099e-11
-3.4639e-11
3.4639e-11
-497.612
-2.38273
-0.00573757
-9.25264e-06
-1.13403e-08
-2.22045e-11
3.55271e-12
6.21725e-12
-3.9968e-12
3.41949e-11
-497.612
-2.38273
-0.00573757
-9.2526e-06
-1.12634e-08
-6.79456e-11
-3.33067e-11
3.9968e-11
1.28786e-11
-3.68594e-11
-497.612
-2.38273
-0.00573757
-9.2526e-06
-1.12634e-08
-5.90639e-11
-2.84217e-11
0
1.28786e-11
2.9754e-11
-497.612
-2.38273
-0.00573757
-9.25262e-06
-1.13056e-08
-1.95399e-11
-1.77636e-11
2.88658e-11
1.33227e-11
-2.62013e-11
-497.612
-2.38273
-0.00573757
-9.25264e-06
-1.12976e-08
-2.13163e-11
3.81917e-11
0
-3.28626e-11
0
-497.612
-2.38273
-0.00573757
-9.25262e-06
-1.13056e-08
1.11022e-11
-1.77636e-11
-3.06422e-11
-8.43769e-12
4.4853e-11
-497.612
-2.38273
-0.00573757
-9.25258e-06
-1.12759e-08
-3.68594e-11
-3.55271e-12
7.99361e-11
-5.32907e-12
-7.23865e-11
-497.612
-2.38273
-0.00573757
-9.25261e-06
-1.12101e-08
2.44249e-11
-6.35048e-11
0
-1.59872e-11
-5.72875e-11
-497.612
-2.38273
-0.00573757
-9.25264e-06
-1.12901e-08
9.32587e-12
-7.10543e-12
-3.01981e-11
-4.08562e-11
2.13163e-11
-497.612
-2.38273
-0.00573757
-9.25262e-06
-1.12981e-08
-1.64313e-11
6.21725e-12
-6.21725e-12
-6.66134e-12
2.22045e-11
-497.612
-2.38273
-0.00573757
-9.25258e-06
-1.13185e-08
-3.19744e-11
4.08562e-11
-4.26326e-11
-1.42109e-11
-4.44089e-13
-497.612
-2.38273
-0.00573757
-9.25262e-06
-1.13225e-08
1.15463e-11
3.59712e-11
0
-3.59712e-11
-2.84217e-11
-497.612
-2.38273
-0.00573757
-9.25262e-06
-1.12612e-08
1.33227e-11
-1.02141e-11
-2.9754e-11
-5.77316e-12
1.9984e-11
-497.612
-2.38273
-0.00573757
-9.25262e-06
-1.13154e-08
-2.62013e-11
1.46549e-11
6.21725e-12
0
-6.21725e-12
-497.612
-2.38273
-0.00573757
-9.25261e-06
-1.12848e-08
-8.88178e-13
-1.33227e-11
7.54952e-12
3.90799e-11
-3.28626e-11
-497.612
-2.38273
-0.00573757
-9.25262e-06
-1.13194e-08
-1.64313e-11
3.55271e-11
1.9984e-11
-4.17444e-11
-1.9984e-11
-497.612
-2.38273
-0.00573757
-9.2526e-06
-1.12852e-08
4.30767e-11
-4.44089e-13
-6.61693e-11
-3.10862e-12
-1.37668e-11
-497.612
-2.38273
-0.00573757
-9.25258e-06
-1.12528e-08
-3.15303e-11
8.88178e-13
-1.33227e-12
-6.66134e-11
1.33227e-12
-497.612
-2.38273
-0.00573757
-9.25258e-06
-1.12923e-08
-3.77476e-11
0
-2.22045e-12
-1.77636e-12
8.30447e-11
-497.612
-2.38273
-0.00573757
-9.25258e-06
-1.13141e-08
-3.4639e-11
-4.44089e-13
1.42109e-11
-4.44089e-13
-1.33227e-11
-497.612
-2.38273
-0.00573757
-9.25254e-06
-1.12914e-08
-1.77636e-12
5.77316e-12
-6.61693e-11
7.54952e-12
4.44089e-13
-497.612
-2.38273
-0.00573757
-9.25258e-06
-1.12914e-08
-3.68594e-11
0
1.55431e-11
0
-1.55431e-11
-497.612
-2.38273
-0.00573757
-9.25257e-06
-1.12901e-08
-4.61853e-11
1.02141e-11
2.22045e-12
1.33227e-12
8.43769e-12
-497.612
-2.38273
-0.00573757
-9.25257e-06
-1.13025e-08
-3.15303e-11
3.9968e-12
-3.9968e-12
-1.5099e-11
-1.19904e-11
-497.612
-2.38273
-0.00573757
-9.25257e-06
-1.12945e-08
-3.55271e-11
-3.10862e-12
5.32907e-12
-5.77316e-12
-7.99361e-12
-497.612
-2.38273
-0.00573757
-9.25257e-06
-1.13087e-08
-4.61853e-11
6.75016e-11
1.37668e-11
-6.75016e-11
6.52811e-11
-497.612
-2.38273
-0.00573757
-9.25261e-06
-1.12252e-08
-3.19744e-11
-6.70575e-11
6.79456e-11
6.79456e-11
-6.70575e-11
1.77636e-12
2.22045e-12
-2.66454e-12
3.9968e-12
-3.9968e-12
4.44089e-13
0
-2.22045e-12
5.77316e-12
-3.9968e-12
-4.44089e-12
0
6.21725e-12
0
6.61693e-11
-4.44089e-12
-6.79456e-11
5.77316e-12
3.10862e-11
-8.88178e-13
-2.22045e-12
-1.77636e-12
1.77636e-12
0
6.21725e-11
-5.32907e-12
-6.43929e-11
7.54952e-12
-2.22045e-12
-1.33227e-12
2.22045e-12
6.21725e-11
0
0
-1.33227e-11
2.22045e-12
1.28786e-11
-6.39488e-11
-3.9968e-12
0
6.66134e-11
0
-5.72875e-11
6.88338e-11
4.44089e-12
-7.23865e-11
-8.88178e-13
4.44089e-12
6.30607e-11
-1.33227e-12
-1.77636e-12
7.9492e-11
1.33227e-12
-6.75016e-11
6.17284e-11
-4.88498e-12
3.9968e-12
7.10543e-12
-7.01661e-11
-1.33227e-12
9.76996e-12
-6.88338e-11
-4.44089e-13
0
3.9968e-12
-3.10862e-12
-8.88178e-13
4.44089e-12
6.35048e-11
-1.77636e-12
-3.9968e-12
-3.55271e-12
7.81597e-11
7.10543e-12
2.22045e-12
-1.33227e-11
-6.66134e-11
0
0
3.9968e-12
7.9492e-11
2.66454e-12
8.88178e-13
6.79456e-11
-1.77636e-12
-1.02141e-11
-6.35048e-11
-6.12843e-11
6.35048e-11
2.66454e-12
6.70575e-11
0
-8.88178e-13
0
4.44089e-13
-2.22045e-12
1.77636e-12
-6.61693e-11
-2.22045e-12
6.83897e-11
-4.44089e-12
0
7.06102e-11
0
1.77636e-12
-1.19904e-11
-6.75016e-11
1.33227e-11
3.06422e-11
-8.88178e-13
-6.66134e-12
2.39808e-11
9.76996e-12
8.43769e-12
-6.21725e-12
4.44089e-12
-7.99361e-12
9.76996e-12
6.66134e-12
-4.57412e-11
-4.21885e-11
1.59872e-11
3.10862e-12
0
4.70735e-11
8.88178e-12
-1.24345e-11
-4.35207e-11
1.24345e-11
4.66294e-11
-2.22045e-11
2.08722e-11
-4.44089e-13
8.88178e-13
4.04121e-11
1.9984e-11
-4.44089e-13
-1.24345e-11
-1.5099e-11
7.54952e-12
2.79776e-11
1.55431e-11
-2.13163e-11
-2.84217e-11
3.64153e-11
3.9968e-12
-1.19904e-11
1.9984e-11
1.24345e-11
-7.10543e-12
-2.17604e-11
0
2.13163e-11
1.19904e-11
8.43769e-12
-2.04281e-11
-1.24345e-11
-2.93099e-11
1.24345e-11
3.73035e-11
-6.21725e-12
1.5099e-11
2.93099e-11
3.10862e-12
2.13163e-11
-1.28786e-11
0
1.33227e-11
-2.39808e-11
-3.9968e-12
-5.32907e-12
-1.59872e-11
4.21885e-11
1.64313e-11
1.33227e-12
-3.86358e-11
-5.32907e-12
0
0
4.08562e-11
2.04281e-11
0
2.13163e-11
1.19904e-11
8.88178e-12
-2.08722e-11
-8.88178e-13
-2.84217e-11
0
4.9738e-11
3.10862e-12
7.23865e-11
-5.77316e-12
-6.75016e-11
5.77316e-12
-7.54952e-12
6.92779e-11
7.54952e-12
-5.77316e-12
6.66134e-11
-2.22045e-12
-1.77636e-12
1.77636e-12
6.88338e-11
-3.55271e-12
-7.99361e-12
2.22045e-12
-5.9508e-11
6.35048e-11
-1.77636e-12
-2.13163e-11
-1.28786e-11
-1.73195e-11
1.19904e-11
4.75175e-11
-2.08722e-11
-1.24345e-11
-2.93099e-11
1.24345e-11
2.62013e-11
2.9754e-11
-4.39648e-11
1.24345e-11
1.73195e-11
-1.9984e-11
-1.28786e-11
2.30926e-11
3.24185e-11
-2.26485e-11
6.66134e-12
2.35367e-11
2.39808e-11
-1.28786e-11
1.59872e-11
4.88498e-12
4.44089e-13
-4.44089e-13
-1.24345e-11
-2.84217e-11
-2.84217e-11
4.17444e-11
-3.59712e-11
0
0
-3.5083e-11
3.5083e-11
0
0
0
-3.5083e-11
-3.41949e-11
-2.26485e-11
4.26326e-11
0
-2.39808e-11
-2.35367e-11
2.75335e-11
0
-2.26485e-11
2.35367e-11
9.32587e-12
0
0
-1.55431e-11
5.77316e-12
3.59712e-11
0
-2.62013e-11
-1.55431e-11
2.62013e-11
3.64153e-11
-3.19744e-11
5.32907e-12
3.15303e-11
-3.28626e-11
-7.54952e-12
5.32907e-12
1.5099e-11
2.70894e-11
-1.77636e-12
9.76996e-12
0
-4.61853e-11
-1.5099e-11
0
1.42109e-11
2.17604e-11
2.53131e-11
0
-3.9968e-12
-1.59872e-11
0
0
1.37668e-11
2.22045e-12
-1.59872e-11
0
0
1.37668e-11
2.22045e-12
2.22045e-12
-4.44089e-12
4.44089e-13
0
0
6.83897e-11
-4.44089e-13
-6.39488e-11
-3.9968e-12
0
-2.22045e-11
-1.46549e-11
-4.44089e-13
4.44089e-13
5.77316e-12
1.95399e-11
4.57412e-11
-4.30767e-11
-1.33227e-12
3.81917e-11
-5.77316e-12
-8.43769e-12
1.73195e-11
1.59872e-11
4.44089e-12
-3.55271e-12
0
9.76996e-12
6.66134e-12
-1.37668e-11
8.88178e-12
-1.19904e-11
1.06581e-11
1.19904e-11
-3.19744e-11
7.54952e-12
0
1.77636e-12
3.68594e-11
-2.57572e-11
-4.52971e-11
0
4.30767e-11
3.59712e-11
-4.08562e-11
-4.08562e-11
0
2.66454e-12
4.61853e-11
2.22045e-12
4.44089e-13
-1.15463e-11
3.73035e-11
3.33067e-11
1.33227e-12
3.10862e-12
0
-6.66134e-12
7.54952e-12
8.88178e-12
-2.22045e-12
0
-1.11022e-11
3.55271e-11
6.21725e-12
-3.4639e-11
0
3.9968e-11
-4.44089e-13
-4.04121e-11
-1.42109e-11
6.66134e-12
0
-1.11022e-11
-1.24345e-11
-3.4639e-11
-5.32907e-12
8.88178e-13
4.44089e-12
4.52971e-11
1.46549e-11
-8.88178e-13
2.79776e-11
4.44089e-13
-7.54952e-12
1.55431e-11
-3.59712e-11
9.76996e-12
2.08722e-11
-2.26485e-11
2.66454e-12
-8.88178e-13
-5.77316e-12
1.33227e-11
6.21725e-12
6.43929e-11
-8.88178e-13
-6.39488e-11
6.57252e-11
-1.24345e-11
-1.77636e-12
3.10862e-12
1.5099e-11
4.44089e-13
6.17284e-11
6.08402e-11
-6.30607e-11
-5.9952e-11
6.35048e-11
-1.33227e-12
4.21885e-11
1.19904e-11
-3.19744e-11
-4.44089e-13
3.41949e-11
-1.64313e-11
0
-2.66454e-11
-2.39808e-11
2.04281e-11
5.10703e-11
2.04281e-11
-9.76996e-12
-2.04281e-11
-3.5083e-11
6.66134e-12
-1.33227e-12
2.84217e-11
1.33227e-12
-3.5083e-11
-2.30926e-11
1.02141e-11
4.35207e-11
-3.95239e-11
-4.17444e-11
-8.43769e-12
0
2.62013e-11
3.9968e-12
-2.44249e-11
4.17444e-11
0
0
0
-5.32907e-12
5.32907e-12
-3.64153e-11
0
3.64153e-11
-5.32907e-12
-2.04281e-11
2.70894e-11
3.19744e-11
0
-1.28786e-11
-3.10862e-12
-1.28786e-11
-3.01981e-11
2.66454e-11
6.21725e-12
9.76996e-12
-4.44089e-13
4.44089e-13
-3.06422e-11
-3.90799e-11
3.95239e-11
2.9754e-11
0
-2.9754e-11
-2.39808e-11
6.21725e-12
0
3.9968e-11
3.24185e-11
-3.77476e-11
-7.54952e-12
3.77476e-11
1.77636e-12
-5.77316e-12
1.15463e-11
-1.59872e-11
0
-2.04281e-11
0
4.17444e-11
-2.79776e-11
6.66134e-12
0
0
1.42109e-11
-4.44089e-12
-4.88498e-12
0
0
7.01661e-11
8.88178e-13
-6.61693e-11
0
-4.88498e-12
2.66454e-12
-1.77636e-12
7.9492e-11
-5.32907e-12
-6.83897e-11
7.32747e-11
-4.88498e-12
0
6.66134e-12
-6.9722e-11
6.57252e-11
2.62013e-11
7.54952e-12
-1.55431e-11
8.88178e-13
1.64313e-11
-3.68594e-11
0
3.55271e-11
-1.24345e-11
1.77636e-12
2.66454e-12
0
0
-3.24185e-11
3.95239e-11
3.10862e-12
7.99361e-12
-5.32907e-12
-1.77636e-12
2.35367e-11
-4.44089e-13
-2.62013e-11
-4.13003e-11
-6.21725e-12
4.4853e-11
1.5099e-11
-7.10543e-12
2.08722e-11
-2.30926e-11
-8.88178e-13
4.08562e-11
-3.55271e-12
2.66454e-12
-1.82077e-11
-3.86358e-11
1.55431e-11
1.59872e-11
0
0
6.66134e-12
-3.55271e-12
4.61853e-11
1.37668e-11
-2.44249e-11
-2.53131e-11
-2.35367e-11
-1.68754e-11
3.01981e-11
2.13163e-11
1.55431e-11
9.76996e-12
1.90958e-11
8.88178e-13
7.10543e-12
-4.04121e-11
-2.22045e-12
1.55431e-11
0
1.46549e-11
-3.9968e-12
2.66454e-11
1.77636e-12
-1.37668e-11
-1.77636e-12
-2.62013e-11
3.81917e-11
3.77476e-11
-8.88178e-13
-1.77636e-12
8.88178e-13
3.90799e-11
-4.44089e-13
-1.24345e-11
-4.88498e-12
-2.66454e-11
2.44249e-11
1.9984e-11
0
-4.44089e-12
-3.55271e-12
3.9968e-12
7.10543e-11
-1.02141e-11
0
-3.55271e-12
-8.17124e-11
8.43769e-12
0
-8.43769e-12
1.06581e-11
1.33227e-11
3.55271e-12
1.77636e-12
6.83897e-11
6.21725e-11
-7.41629e-11
-6.39488e-11
7.54952e-12
-2.66454e-12
6.70575e-11
4.13003e-11
-1.19904e-11
-8.43769e-12
1.24345e-11
1.64313e-11
-3.68594e-11
-1.19904e-11
3.5083e-11
0
-2.22045e-11
9.32587e-12
-1.9984e-11
-1.11022e-11
2.70894e-11
-8.88178e-13
-1.33227e-12
6.21725e-12
-8.88178e-13
7.54952e-12
-3.90799e-11
-4.21885e-11
3.4639e-11
2.84217e-11
3.9968e-12
6.21725e-12
-1.02141e-11
-3.55271e-11
-2.84217e-11
0
3.4639e-11
-2.04281e-11
3.15303e-11
-3.10862e-12
-1.11022e-11
3.5083e-11
1.9984e-11
-1.24345e-11
-2.9754e-11
-1.46549e-11
-9.76996e-12
4.44089e-13
-1.33227e-12
9.32587e-12
-1.46549e-11
-2.93099e-11
9.32587e-12
4.88498e-12
8.43769e-12
4.44089e-11
1.9984e-11
-1.55431e-11
-1.33227e-12
8.43769e-12
2.17604e-11
-2.9754e-11
-5.32907e-12
6.21725e-12
0
1.5099e-11
2.84217e-11
-1.02141e-11
2.22045e-12
0
-2.22045e-12
-1.77636e-11
3.73035e-11
3.77476e-11
-3.9968e-12
-8.88178e-13
3.9968e-12
2.75335e-11
-2.13163e-11
-1.55431e-11
-4.44089e-12
1.24345e-11
1.28786e-11
-3.95239e-11
-1.77636e-12
3.01981e-11
-3.28626e-11
0
4.44089e-12
0
-1.28786e-11
-1.33227e-11
1.33227e-11
8.43769e-12
-4.44089e-13
7.10543e-11
-1.77636e-12
-7.14984e-11
5.9508e-11
-1.06581e-11
-5.63993e-11
7.72715e-11
-3.10862e-12
-6.26166e-11
0
-1.33227e-12
6.03961e-11
-3.10862e-12
6.66134e-12
-4.26326e-11
-1.33227e-12
4.57412e-11
-7.99361e-12
-4.44089e-13
-1.9984e-11
4.88498e-12
7.10543e-12
-6.21725e-12
0
3.28626e-11
0
1.86517e-11
5.32907e-12
-3.68594e-11
-1.33227e-12
2.75335e-11
4.44089e-13
2.13163e-11
6.66134e-12
0
0
-1.28786e-11
-4.52971e-11
4.44089e-13
-4.44089e-13
3.06422e-11
2.26485e-11
1.46549e-11
1.77636e-12
-3.59712e-11
-2.66454e-12
4.13003e-11
1.9984e-11
9.32587e-12
-7.10543e-12
-4.88498e-12
2.44249e-11
2.62013e-11
-1.02141e-11
-2.22045e-12
1.02141e-11
-3.19744e-11
-3.86358e-11
0
3.28626e-11
-8.43769e-12
-4.26326e-11
0
2.22045e-12
0
-2.22045e-12
-7.99361e-12
3.28626e-11
3.59712e-11
8.43769e-12
-9.32587e-12
-3.55271e-12
2.08722e-11
3.55271e-11
-2.84217e-11
-1.15463e-11
3.81917e-11
-2.66454e-11
7.10543e-12
0
-1.86517e-11
7.54952e-12
3.64153e-11
-1.02141e-11
-1.59872e-11
1.02141e-11
2.66454e-11
-2.26485e-11
-3.24185e-11
-8.43769e-12
-9.32587e-12
2.13163e-11
-2.22045e-12
7.37188e-11
8.88178e-13
-3.73035e-11
8.21565e-11
-3.41949e-11
0
-4.44089e-13
0
-1.19904e-11
7.9492e-11
2.66454e-12
-6.79456e-11
6.88338e-11
6.61693e-11
-7.72715e-11
-6.35048e-11
5.77316e-12
-3.10862e-12
3.55271e-12
4.84057e-11
0
-3.24185e-11
7.54952e-12
3.41949e-11
-1.28786e-11
-1.15463e-11
-2.70894e-11
-1.06581e-11
4.30767e-11
2.66454e-12
4.44089e-13
4.26326e-11
0
-4.61853e-11
-1.24345e-11
4.04121e-11
-5.77316e-12
-1.90958e-11
3.55271e-12
-2.62013e-11
-8.88178e-13
4.79616e-11
3.9968e-11
-7.54952e-12
3.55271e-12
-3.59712e-11
-1.19904e-11
0
4.88498e-12
4.13003e-11
-1.33227e-12
3.10862e-12
4.30767e-11
-9.76996e-12
-6.66134e-12
1.77636e-12
0
0
-3.55271e-11
1.24345e-11
0
-2.44249e-11
4.44089e-13
2.79776e-11
6.21725e-12
-3.15303e-11
6.21725e-12
3.73035e-11
9.32587e-12
9.76996e-12
3.68594e-11
1.33227e-12
-3.77476e-11
1.77636e-12
4.57412e-11
-4.79616e-11
-4.44089e-13
2.08722e-11
-3.95239e-11
-4.88498e-11
2.66454e-12
0
2.22045e-12
9.32587e-12
1.5099e-11
3.77476e-11
-8.43769e-12
-2.04281e-11
1.24345e-11
4.57412e-11
3.4639e-11
8.88178e-13
-3.4639e-11
-4.66294e-11
3.95239e-11
2.62013e-11
1.33227e-12
-2.66454e-11
-4.88498e-12
3.55271e-12
1.33227e-11
-9.32587e-12
2.22045e-12
7.37188e-11
-1.64313e-11
-7.90479e-11
-4.44089e-13
1.19904e-11
2.22045e-12
0
6.79456e-11
0
0
6.61693e-11
-2.22045e-12
2.22045e-12
-6.61693e-11
-2.22045e-12
6.83897e-11
6.52811e-11
-6.88338e-11
-6.9722e-11
6.35048e-11
7.32747e-11
-6.21725e-11
-6.88338e-11
-1.33227e-11
0
8.43769e-12
6.83897e-11
0
-6.88338e-11
0
7.99361e-11
7.28306e-11
-7.68274e-11
-6.66134e-12
-4.44089e-13
-6.66134e-11
-4.44089e-13
4.44089e-13
-4.44089e-12
-1.33227e-11
6.66134e-12
6.66134e-12
-1.33227e-11
7.06102e-11
1.06581e-11
-7.72715e-11
6.88338e-11
1.37668e-11
6.21725e-12
-3.10862e-12
-6.35048e-11
5.81757e-11
-1.19904e-11
4.44089e-13
0
-5.28466e-11
0
7.10543e-11
-4.44089e-13
0
6.79456e-11
-1.33227e-12
-6.61693e-11
-6.79456e-11
-1.15463e-11
-4.44089e-13
7.9492e-11
1.37668e-11
4.44089e-13
-1.11022e-11
0
8.88178e-12
-7.9492e-11
6.75016e-11
8.12683e-11
-6.88338e-11
0
7.37188e-11
0
0
4.35207e-11
-6.66134e-11
-2.9754e-11
-1.33227e-12
-1.28786e-11
1.77636e-12
-1.15463e-11
1.77636e-12
0
-6.79456e-11
1.64313e-11
-1.42109e-11
4.44089e-13
-4.44089e-13
-1.37668e-11
7.9492e-11
-1.77636e-12
-1.33227e-12
-1.33227e-12
6.70575e-11
-6.4837e-11
-6.66134e-11
8.88178e-13
6.61693e-11
6.66134e-11
8.88178e-13
-5.77316e-12
2.22045e-12
0
-2.22045e-12
1.77636e-12
0
4.44089e-13
0
-6.52811e-11
-6.35048e-11
-3.15303e-11
-2.66454e-12
0
2.66454e-12
-1.33227e-12
0
8.88178e-13
0
6.43929e-11
6.35048e-11
3.9968e-12
1.77636e-12
-2.22045e-12
-1.33227e-12
0
0
-8.88178e-12
0
7.23865e-11
6.39488e-11
3.9968e-12
-4.44089e-12
-1.28786e-11
-8.88178e-12
7.90479e-11
-4.44089e-13
4.44089e-13
8.88178e-13
8.88178e-13
8.08242e-11
5.32907e-12
1.33227e-12
0
6.75016e-11
0
0
-7.32747e-11
0
7.41629e-11
1.33227e-12
-1.19904e-11
1.77636e-12
8.30447e-11
6.70575e-11
0
0
-1.95399e-11
0
2.04281e-11
1.33227e-12
-6.35048e-11
-5.77316e-12
0
5.32907e-12
6.88338e-11
0
-8.88178e-13
-3.10862e-12
4.44089e-13
7.14984e-11
-1.33227e-12
9.32587e-12
0
5.50671e-11
-7.54952e-12
-5.68434e-11
9.32587e-12
-2.22045e-12
6.61693e-11
7.10543e-11
-7.77156e-11
-4.44089e-12
8.30447e-11
7.32747e-11
0
0
-4.44089e-13
0
1.33227e-12
1.33227e-12
-3.9968e-12
-4.44089e-13
6.21725e-12
4.44089e-13
0
0
-6.9722e-11
0
0
-7.01661e-11
-3.15303e-11
-2.66454e-12
0
2.66454e-12
-1.33227e-12
0
8.88178e-13
0
6.43929e-11
6.35048e-11
-7.10543e-12
2.13163e-11
0
1.11022e-11
-8.43769e-12
0
-3.55271e-12
-3.10862e-11
9.19265e-11
1.11466e-10
-5.01821e-11
-1.64313e-11
2.62013e-11
-6.21725e-12
2.30926e-11
0
-4.04121e-11
0
4.04121e-11
2.35367e-11
1.55431e-11
-1.19904e-11
0
1.19904e-11
0
8.88178e-13
-2.04281e-11
0
2.17604e-11
0
-1.46549e-11
6.21725e-12
-8.43769e-12
-6.21725e-12
2.30926e-11
0
-2.84217e-11
0
2.35367e-11
1.86517e-11
-1.19904e-11
6.66134e-12
0
-6.66134e-12
1.24345e-11
0
-4.44089e-12
1.19904e-11
7.32747e-11
6.92779e-11
1.02141e-11
-2.13163e-11
8.88178e-13
2.17604e-11
1.24345e-11
-4.44089e-13
4.44089e-13
0
6.52811e-11
7.86038e-11
-7.99361e-12
-1.33227e-11
1.24345e-11
1.68754e-11
-3.64153e-11
0
1.86517e-11
8.88178e-13
8.03801e-11
6.39488e-11
-1.24345e-11
-3.64153e-11
0
2.44249e-11
1.24345e-11
-4.44089e-13
8.88178e-13
0
-4.44089e-13
1.24345e-11
-6.61693e-11
-7.32747e-11
-8.88178e-13
2.22045e-12
0
0
-1.11022e-11
0
8.30447e-11
7.23865e-11
-7.72715e-11
1.77636e-12
1.37668e-11
6.70575e-11
0
-6.88338e-11
-9.32587e-12
8.88178e-13
7.23865e-11
6.39488e-11
0
-1.73195e-11
-2.35367e-11
4.08562e-11
0
-2.30926e-11
1.86517e-11
0
7.32747e-11
9.28146e-11
0
2.22045e-12
2.62013e-11
-2.84217e-11
-3.73035e-11
0
3.95239e-11
0
-4.44089e-12
2.4869e-11
2.88658e-11
2.13163e-11
-3.24185e-11
1.11022e-11
2.39808e-11
-3.24185e-11
-3.55271e-12
1.33227e-12
8.08242e-11
1.00364e-10
0
4.39648e-11
0
-4.39648e-11
0
0
4.39648e-11
0
-1.24345e-11
3.19744e-11
0
2.44249e-11
0
-2.44249e-11
0
0
-1.33227e-11
2.35367e-11
3.59712e-11
0
0
9.32587e-12
3.55271e-11
-4.4853e-11
-1.9984e-11
3.59712e-11
2.88658e-11
0
-1.28786e-11
-3.9968e-12
-1.46549e-11
-4.35207e-11
2.35367e-11
2.30926e-11
-3.10862e-12
2.35367e-11
-1.77636e-12
-2.35367e-11
-1.77636e-12
1.82077e-11
-1.55431e-11
8.43769e-12
3.59712e-11
-4.44089e-11
-1.9984e-11
3.59712e-11
2.44249e-11
-2.04281e-11
-8.43769e-12
1.64313e-11
0
7.54952e-11
-1.37668e-11
-6.17284e-11
0
-1.37668e-11
7.54952e-11
0
5.77316e-12
8.12683e-11
-8.88178e-12
-4.44089e-12
1.28786e-11
-8.43769e-12
-4.44089e-13
1.33227e-11
6.66134e-11
0
0
6.66134e-11
-8.88178e-12
-1.19904e-11
0
1.19904e-11
0
8.88178e-13
4.44089e-12
0
6.66134e-12
9.32587e-12
-3.10862e-12
1.28786e-11
0
-9.76996e-12
-1.15463e-11
0
2.08722e-11
0
6.75016e-11
7.68274e-11
-2.4869e-11
0
1.86517e-11
3.64153e-11
-3.9968e-12
8.88178e-13
-1.33227e-12
0
7.72715e-11
7.23865e-11
-1.02141e-11
4.52971e-11
-3.59712e-11
-9.32587e-12
3.55271e-11
-3.55271e-11
5.32907e-12
0
5.32907e-12
4.66294e-11
0
-3.33067e-11
-3.9968e-11
2.4869e-11
1.9984e-11
-1.19904e-11
-4.44089e-13
-2.26485e-11
2.53131e-11
4.57412e-11
-3.55271e-12
2.39808e-11
1.19904e-11
8.88178e-12
-4.4853e-11
1.19904e-11
2.39808e-11
0
2.13163e-11
0
-8.43769e-12
-3.55271e-11
4.57412e-11
1.77636e-11
-4.66294e-11
-1.42109e-11
4.61853e-11
3.15303e-11
1.33227e-12
0
2.04281e-11
-1.28786e-11
-3.9968e-11
2.4869e-11
-8.88178e-13
-1.19904e-11
2.04281e-11
-2.26485e-11
2.53131e-11
4.57412e-11
-6.57252e-11
7.4607e-11
-1.33227e-12
-6.21725e-11
0
-1.77636e-12
6.61693e-11
0
2.22045e-12
6.79456e-11
-6.17284e-11
1.77636e-12
-2.22045e-12
-1.33227e-12
0
0
1.77636e-12
0
6.17284e-11
6.39488e-11
2.30926e-11
-1.73195e-11
-2.35367e-11
4.08562e-11
0
-2.30926e-11
-1.73195e-11
2.22045e-11
1.09246e-10
7.06102e-11
0
4.4853e-11
3.90799e-11
-4.44089e-11
-8.43769e-12
0
1.37668e-11
0
-1.33227e-11
3.19744e-11
4.08562e-11
2.17604e-11
-1.24345e-11
2.30926e-11
-3.9968e-12
-1.24345e-11
-7.54952e-12
-3.10862e-11
8.08242e-11
1.00364e-10
-3.01981e-11
-7.10543e-12
0
-2.26485e-11
2.9754e-11
0
-7.10543e-12
0
8.88178e-12
3.19744e-11
-6.66134e-12
-1.33227e-11
-1.95399e-11
1.28786e-11
0
0
1.06581e-11
0
1.37668e-11
2.4869e-11
3.55271e-11
2.30926e-11
-1.95399e-11
-2.35367e-11
0
0
2.35367e-11
0
6.21725e-12
2.9754e-11
7.54952e-12
-4.88498e-12
-2.26485e-11
7.10543e-12
2.04281e-11
-2.26485e-11
-1.9984e-11
-4.44089e-13
1.64313e-11
1.59872e-11
-4.79616e-11
1.55431e-11
3.64153e-11
-5.06262e-11
1.19904e-11
3.64153e-11
-1.77636e-12
0
-1.02141e-11
-4.44089e-13
7.06102e-11
6.39488e-11
-6.75016e-11
3.55271e-12
0
-6.79456e-11
6.43929e-11
0
4.44089e-12
6.9722e-11
-1.15463e-11
-6.57252e-11
1.42109e-11
6.66134e-11
0
-6.88338e-11
-4.44089e-13
0
7.01661e-11
7.06102e-11
-3.77476e-11
-8.43769e-12
4.9738e-11
-1.5099e-11
-1.24345e-11
2.39808e-11
7.54952e-12
0
-1.33227e-12
-6.21725e-12
0
2.44249e-11
8.88178e-13
-1.77636e-12
-2.35367e-11
1.33227e-12
2.39808e-11
4.44089e-13
6.70575e-11
6.75016e-11
-8.88178e-12
4.44089e-12
1.33227e-12
5.32907e-12
3.5083e-11
-1.37668e-11
3.10862e-12
-3.10862e-11
7.32747e-11
1.11466e-10
0
-2.22045e-12
1.33227e-11
-2.53131e-11
9.76996e-12
4.44089e-12
-4.26326e-11
0
4.08562e-11
1.55431e-11
2.22045e-11
-3.55271e-11
0
3.5083e-11
-3.90799e-11
0
4.08562e-11
0
6.75016e-11
6.92779e-11
1.24345e-11
-8.88178e-12
-4.44089e-13
1.5099e-11
-6.66134e-12
0
8.88178e-13
0
7.50511e-11
6.92779e-11
-2.35367e-11
-1.68754e-11
1.86517e-11
-6.66134e-12
8.43769e-12
1.15463e-11
-4.57412e-11
7.99361e-12
4.66294e-11
1.06581e-11
2.66454e-11
-2.93099e-11
0
3.5083e-11
-6.66134e-12
0
-1.59872e-11
0
9.19265e-11
6.92779e-11
1.37668e-11
4.44089e-13
5.28466e-11
-4.44089e-13
-5.28466e-11
4.88498e-12
0
0
6.66134e-11
6.66134e-11
-1.15463e-11
-7.32747e-11
8.30447e-11
7.32747e-11
0
0
-4.44089e-13
0
1.33227e-12
1.33227e-12
1.24345e-11
2.04281e-11
-2.35367e-11
3.10862e-12
0
-2.30926e-11
2.44249e-11
2.17604e-11
5.59552e-11
5.81757e-11
0
3.24185e-11
-6.21725e-12
9.32587e-12
-3.64153e-11
-6.21725e-12
2.66454e-11
0
8.4821e-11
7.54952e-11
1.06581e-11
4.44089e-13
2.17604e-11
-3.9968e-12
3.55271e-12
-8.88178e-12
7.54952e-12
0
1.77636e-12
2.08722e-11
4.44089e-13
4.44089e-11
2.39808e-11
-2.88658e-11
5.77316e-12
-1.59872e-11
-4.39648e-11
0
3.4639e-11
3.59712e-11
-2.30926e-11
-7.10543e-12
2.17604e-11
6.66134e-12
-3.10862e-12
0
3.10862e-12
-2.66454e-12
6.88338e-11
7.28306e-11
2.66454e-11
-3.55271e-11
0
3.5083e-11
-3.90799e-11
0
-7.54952e-12
0
1.15907e-10
6.92779e-11
3.10862e-12
-4.88498e-12
-3.55271e-12
7.54952e-12
-1.95399e-11
-4.4853e-11
0
4.17444e-11
1.82077e-11
-1.77636e-12
-3.01981e-11
2.88658e-11
3.5083e-11
-2.26485e-11
8.43769e-12
0
-1.24345e-11
3.41949e-11
1.46549e-11
1.11022e-11
-6.79456e-11
1.77636e-12
-1.33227e-11
-1.77636e-12
7.99361e-12
0
8.88178e-13
8.88178e-13
6.52811e-11
6.12843e-11
6.75016e-11
-5.50671e-11
-6.79456e-11
2.93099e-11
5.77316e-11
-3.19744e-11
-5.50671e-11
-2.22045e-12
0
3.9968e-12
0
3.10862e-12
2.66454e-12
1.64313e-11
-2.22045e-11
-4.4853e-11
3.9968e-12
4.66294e-11
7.99361e-11
6.26166e-11
-1.46549e-11
-4.35207e-11
2.35367e-11
4.66294e-11
-3.55271e-12
4.44089e-13
-1.77636e-12
0
6.21725e-11
5.63993e-11
-3.90799e-11
-1.28786e-11
4.4853e-11
3.5083e-11
-1.24345e-11
-5.32907e-12
1.37668e-11
3.55271e-12
6.70575e-11
6.75016e-11
-7.99361e-12
-4.44089e-12
1.24345e-11
-3.9968e-12
0
8.88178e-12
-2.44249e-11
3.9968e-12
2.22045e-11
-1.77636e-12
2.17604e-11
2.93099e-11
1.86517e-11
-6.66134e-12
0
-2.35367e-11
-2.30926e-11
3.68594e-11
2.26485e-11
3.10862e-12
-3.59712e-11
-4.44089e-12
4.4853e-11
-3.64153e-11
0
4.13003e-11
-2.44249e-11
3.9968e-12
2.22045e-11
-1.77636e-12
1.11022e-11
2.13163e-11
-3.37508e-11
6.66134e-12
3.41949e-11
-4.13003e-11
-5.77316e-12
8.43769e-12
1.33227e-11
4.26326e-11
0
0
4.4853e-11
-3.64153e-11
-5.32907e-12
4.17444e-11
3.10862e-12
3.55271e-12
0
-1.77636e-12
-6.79456e-11
1.73195e-11
1.77636e-12
6.57252e-11
0
-6.57252e-11
-5.32907e-12
4.44089e-13
5.01821e-11
4.61853e-11
-1.19904e-11
-4.44089e-12
8.30447e-11
7.32747e-11
0
0
-4.44089e-13
0
1.33227e-12
1.33227e-12
0
-2.66454e-12
2.26485e-11
-1.9984e-11
-1.19904e-11
2.35367e-11
1.28786e-11
0
3.01981e-11
3.19744e-11
0
4.44089e-11
-4.44089e-13
-2.84217e-11
2.04281e-11
-4.44089e-13
-2.84217e-11
0
3.33067e-11
2.44249e-11
1.06581e-11
4.44089e-13
2.17604e-11
-3.9968e-12
3.55271e-12
-8.88178e-12
-1.5099e-11
0
2.44249e-11
2.08722e-11
5.77316e-12
4.04121e-11
3.55271e-12
-4.44089e-12
5.32907e-12
0
-4.9738e-11
0
5.06262e-11
9.32587e-12
-4.17444e-11
-2.22045e-12
4.79616e-11
-4.66294e-11
-3.9968e-12
4.92939e-11
-4.35207e-11
-3.10862e-12
3.4639e-11
-9.32587e-12
-2.04281e-11
2.66454e-11
4.84057e-11
-3.33067e-11
-7.10543e-12
4.88498e-11
8.88178e-13
0
7.54952e-12
8.88178e-13
2.26485e-11
-3.06422e-11
1.77636e-12
4.57412e-11
-8.88178e-12
-2.66454e-12
4.44089e-12
3.9968e-12
-1.77636e-12
-6.21725e-12
0
-2.88658e-11
4.84057e-11
-1.33227e-11
-7.10543e-12
4.88498e-11
-3.9968e-11
-3.10862e-12
3.4639e-11
-9.32587e-12
6.75016e-11
9.32587e-12
-1.11022e-11
6.83897e-11
-5.28466e-11
-6.92779e-11
-1.28786e-11
0
8.03801e-11
7.23865e-11
-6.70575e-11
-2.22045e-12
6.92779e-11
2.22045e-12
0
0
-4.44089e-13
0
-6.92779e-11
-7.01661e-11
6.88338e-11
7.19425e-11
-7.23865e-11
4.44089e-13
0
-7.19425e-11
3.9968e-12
0
6.75016e-11
7.14984e-11
0
1.28786e-11
0
-1.28786e-11
1.37668e-11
0
0
0
0
1.33227e-11
6.66134e-11
6.61693e-11
-6.61693e-11
-5.4623e-11
1.33227e-12
-1.33227e-12
-8.88178e-13
2.22045e-12
4.44089e-13
1.77636e-12
1.5099e-11
6.43929e-11
-4.44089e-13
-6.39488e-11
6.21725e-11
0
-7.50511e-11
0
7.50511e-11
6.17284e-11
7.99361e-11
5.32907e-12
-7.10543e-11
-2.22045e-12
3.55271e-12
-3.10862e-12
6.26166e-11
4.88498e-12
4.44089e-12
6.66134e-11
-6.75016e-11
-2.22045e-12
5.4623e-11
5.77316e-12
-5.37348e-11
2.22045e-12
-1.55431e-11
0
7.50511e-11
5.9508e-11
7.99361e-12
0
5.32907e-12
-5.32907e-12
6.61693e-11
4.88498e-12
-7.10543e-11
4.44089e-13
7.10543e-11
6.66134e-11
9.32587e-12
-6.88338e-11
-1.06581e-11
-8.88178e-13
8.21565e-11
-1.11022e-11
-6.57252e-11
8.30447e-11
0
-6.70575e-11
-4.44089e-12
-1.33227e-12
5.32907e-12
-3.9968e-12
-6.70575e-11
-6.21725e-11
0
0
-8.88178e-13
-1.77636e-12
)
;

boundaryField
{
    frontAndBack
    {
        type            calculated;
        value           nonuniform List<scalar> 
600
(
-497.612
-497.612
-497.612
-497.612
-497.612
-497.612
-497.612
-497.612
-497.612
-497.612
-2.38273
-2.38273
-2.38273
-2.38273
-2.38273
-2.38273
-2.38273
-2.38273
-2.38273
-2.38273
-0.00573757
-0.00573757
-0.00573757
-0.00573757
-0.00573757
-0.00573757
-0.00573757
-0.00573757
-0.00573757
-0.00573757
-9.25257e-06
-9.2526e-06
-9.2526e-06
-9.25254e-06
-9.25257e-06
-9.2526e-06
-9.25256e-06
-9.25259e-06
-9.25257e-06
-9.25258e-06
-1.12927e-08
-1.12896e-08
-1.12985e-08
-1.12159e-08
-1.1291e-08
-1.12754e-08
-1.12101e-08
-1.12998e-08
-1.12288e-08
-1.12528e-08
-3.06422e-11
-3.28626e-11
-3.73035e-11
-7.28306e-11
-2.53131e-11
-3.73035e-11
2.22045e-11
-4.04121e-11
-7.06102e-11
3.4639e-11
6.66134e-11
1.37668e-11
0
0
8.12683e-11
-1.33227e-11
2.22045e-12
6.61693e-11
-6.35048e-11
-6.21725e-12
0
-8.88178e-12
7.99361e-11
0
6.79456e-11
8.03801e-11
0
9.32587e-12
5.68434e-11
-6.79456e-11
0
-1.33227e-12
-4.44089e-13
-6.79456e-11
-7.90479e-11
1.28786e-11
-7.9492e-11
-7.54952e-11
-1.55431e-11
-5.90639e-11
6.17284e-11
1.15463e-11
-6.35048e-11
4.88498e-12
-6.61693e-11
-7.77156e-11
1.42109e-11
-4.44089e-12
-5.77316e-11
6.92779e-11
-497.612
-497.612
-497.612
-497.612
-497.612
-497.612
-497.612
-497.612
-497.612
-497.612
-2.38273
-2.38273
-2.38273
-2.38273
-2.38273
-2.38273
-2.38273
-2.38273
-2.38273
-2.38273
-0.00573757
-0.00573757
-0.00573757
-0.00573757
-0.00573757
-0.00573757
-0.00573757
-0.00573757
-0.00573757
-0.00573757
-9.25258e-06
-9.25258e-06
-9.25258e-06
-9.25254e-06
-9.25258e-06
-9.25257e-06
-9.25257e-06
-9.25257e-06
-9.25257e-06
-9.25261e-06
-1.12528e-08
-1.12923e-08
-1.13141e-08
-1.12914e-08
-1.12914e-08
-1.12901e-08
-1.13025e-08
-1.12945e-08
-1.13087e-08
-1.12252e-08
-3.15303e-11
-3.77476e-11
-3.4639e-11
-1.77636e-12
-3.68594e-11
-4.61853e-11
-3.15303e-11
-3.55271e-11
-4.61853e-11
-3.19744e-11
8.88178e-13
0
-4.44089e-13
5.77316e-12
0
1.02141e-11
3.9968e-12
-3.10862e-12
6.75016e-11
-6.70575e-11
-1.33227e-12
-2.22045e-12
1.42109e-11
-6.61693e-11
1.55431e-11
2.22045e-12
-3.9968e-12
5.32907e-12
1.37668e-11
6.79456e-11
-6.66134e-11
-1.77636e-12
-4.44089e-13
7.54952e-12
0
1.33227e-12
-1.5099e-11
-5.77316e-12
-6.75016e-11
6.79456e-11
1.33227e-12
8.30447e-11
-1.33227e-11
4.44089e-13
-1.55431e-11
8.43769e-12
-1.19904e-11
-7.99361e-12
6.52811e-11
-6.70575e-11
1.77636e-12
-4.44089e-12
-2.22045e-12
2.22045e-12
6.66134e-11
-1.77636e-12
9.76996e-12
-3.9968e-12
7.9492e-11
6.70575e-11
2.22045e-12
0
-1.77636e-12
6.21725e-11
0
7.9492e-11
-6.88338e-11
-3.55271e-12
2.66454e-12
0
-2.66454e-12
6.21725e-12
1.77636e-12
0
-5.72875e-11
1.33227e-12
-4.44089e-13
7.81597e-11
8.88178e-13
-8.88178e-13
3.9968e-12
0
0
0
6.88338e-11
-6.75016e-11
0
7.10543e-12
6.79456e-11
0
-3.9968e-12
6.61693e-11
6.21725e-11
-1.33227e-11
4.44089e-12
6.17284e-11
3.9968e-12
2.22045e-12
-1.77636e-12
4.44089e-13
4.44089e-13
-4.44089e-12
-5.32907e-12
2.22045e-12
-7.23865e-11
-4.88498e-12
-3.10862e-12
-1.33227e-11
-1.02141e-11
-2.22045e-12
0
-6.79456e-11
-6.43929e-11
1.28786e-11
-8.88178e-13
3.9968e-12
-8.88178e-13
-6.66134e-11
-6.35048e-11
1.77636e-12
-2.22045e-12
5.77316e-12
7.54952e-12
-6.39488e-11
4.44089e-12
7.10543e-12
4.44089e-12
0
-6.12843e-11
-6.61693e-11
5.77316e-12
3.10862e-11
-2.22045e-12
-3.9968e-12
6.30607e-11
-7.01661e-11
6.35048e-11
0
6.35048e-11
-2.22045e-12
-3.9968e-12
-8.88178e-13
-1.33227e-12
0
-1.33227e-12
-1.33227e-12
-1.77636e-12
3.9968e-12
2.66454e-12
6.83897e-11
0
6.52811e-11
6.83897e-11
-4.44089e-13
6.88338e-11
0
7.9492e-11
0
-1.15463e-11
-1.77636e-12
6.79456e-11
-6.88338e-11
0
4.44089e-13
1.37668e-11
7.10543e-11
1.37668e-11
7.37188e-11
1.77636e-12
-1.33227e-12
0
-6.9722e-11
-6.88338e-11
-4.44089e-12
6.21725e-12
-4.44089e-13
4.44089e-13
0
0
-1.33227e-12
0
6.35048e-11
0
-1.33227e-11
-3.10862e-12
0
-1.11022e-11
0
-6.79456e-11
6.70575e-11
6.61693e-11
7.32747e-11
7.99361e-11
6.66134e-12
-6.35048e-11
6.79456e-11
0
4.35207e-11
1.64313e-11
-6.4837e-11
-2.22045e-12
-6.21725e-11
7.28306e-11
6.66134e-12
5.81757e-11
-1.33227e-12
8.88178e-12
-6.66134e-11
-1.42109e-11
-6.66134e-11
2.22045e-12
-6.88338e-11
-7.68274e-11
-1.33227e-11
-1.19904e-11
-6.61693e-11
-7.9492e-11
-2.9754e-11
4.44089e-13
8.88178e-13
-6.61693e-11
-1.33227e-11
-6.66134e-12
7.06102e-11
4.44089e-13
-6.79456e-11
6.75016e-11
-1.33227e-12
-4.44089e-13
6.61693e-11
-2.22045e-12
0
-4.44089e-13
1.06581e-11
0
-1.15463e-11
8.12683e-11
-1.28786e-11
-1.37668e-11
6.66134e-11
6.83897e-11
8.43769e-12
-6.66134e-11
-7.72715e-11
-5.28466e-11
-4.44089e-13
-6.88338e-11
1.77636e-12
7.9492e-11
8.88178e-13
-5.77316e-12
-3.15303e-11
3.9968e-12
3.9968e-12
5.32907e-12
-1.19904e-11
-6.35048e-11
-1.33227e-12
-7.77156e-11
-3.9968e-12
2.22045e-12
-2.66454e-12
1.77636e-12
-4.44089e-12
1.33227e-12
1.77636e-12
-5.77316e-12
9.32587e-12
-4.44089e-12
-4.44089e-13
0
0
-2.22045e-12
-1.28786e-11
0
8.30447e-11
0
0
8.30447e-11
6.21725e-12
-2.22045e-12
2.66454e-12
-1.33227e-12
-8.88178e-12
6.75016e-11
6.70575e-11
5.32907e-12
5.50671e-11
7.32747e-11
4.44089e-13
1.77636e-12
-1.33227e-12
0
7.90479e-11
0
0
6.88338e-11
-7.54952e-12
0
0
0
0
0
-4.44089e-13
0
0
0
-5.68434e-11
0
0
4.44089e-13
8.88178e-13
-8.88178e-12
4.44089e-13
-7.32747e-11
-1.95399e-11
-8.88178e-13
9.32587e-12
-4.44089e-13
-6.9722e-11
0
0
0
8.88178e-13
0
0
-3.10862e-12
-2.22045e-12
0
0
-6.52811e-11
6.43929e-11
7.23865e-11
8.88178e-13
7.41629e-11
2.04281e-11
4.44089e-13
6.61693e-11
1.33227e-12
0
-6.35048e-11
6.35048e-11
6.39488e-11
8.08242e-11
1.33227e-12
1.33227e-12
7.14984e-11
7.10543e-11
1.33227e-12
-7.01661e-11
-6.70575e-11
6.88338e-11
0
6.66134e-11
1.5099e-11
7.99361e-11
-6.75016e-11
7.99361e-12
9.32587e-12
-4.44089e-12
-2.22045e-12
7.19425e-11
1.28786e-11
6.61693e-11
6.43929e-11
5.32907e-12
-2.22045e-12
0
-6.88338e-11
-1.33227e-12
6.92779e-11
-7.23865e-11
0
-6.61693e-11
-4.44089e-13
-7.10543e-11
5.4623e-11
5.32907e-12
-1.06581e-11
5.32907e-12
2.22045e-12
4.44089e-13
-1.28786e-11
-5.4623e-11
-6.39488e-11
-2.22045e-12
5.77316e-12
-5.32907e-12
-8.88178e-13
-3.9968e-12
0
0
1.37668e-11
1.33227e-12
6.21725e-11
3.55271e-12
-5.37348e-11
6.61693e-11
8.21565e-11
-6.70575e-11
0
-7.19425e-11
0
-1.33227e-12
0
-3.10862e-12
2.22045e-12
4.88498e-12
-1.11022e-11
-6.21725e-11
-4.44089e-13
3.9968e-12
0
-8.88178e-13
-7.50511e-11
6.26166e-11
-1.55431e-11
-7.10543e-11
-6.57252e-11
0
0
0
0
2.22045e-12
0
4.88498e-12
0
4.44089e-13
8.30447e-11
0
-6.92779e-11
6.75016e-11
0
4.44089e-13
7.50511e-11
4.44089e-12
7.50511e-11
7.10543e-11
0
-8.88178e-13
-7.01661e-11
7.14984e-11
1.33227e-11
1.77636e-12
6.17284e-11
6.66134e-11
5.9508e-11
6.66134e-11
-6.70575e-11
-1.77636e-12
)
;
    }
    left
    {
        type            calculated;
        value           nonuniform List<scalar> 
100
(
-990.469
-990.469
-990.469
-990.469
-990.469
-990.469
-990.469
-990.469
-990.469
-990.469
-990.469
-990.469
-990.469
-990.469
-990.469
-990.469
-990.469
-990.469
-990.469
-990.469
-990.469
-990.469
-990.469
-990.469
-990.469
-990.469
-990.469
-990.469
-990.469
-990.469
-990.469
-990.469
-990.469
-990.469
-990.469
-990.469
-990.469
-990.469
-990.469
-990.469
-990.469
-990.469
-990.469
-990.469
-990.469
-990.469
-990.469
-990.469
-990.469
-990.469
-990.469
-990.469
-990.469
-990.469
-990.469
-990.469
-990.469
-990.469
-990.469
-990.469
-990.469
-990.469
-990.469
-990.469
-990.469
-990.469
-990.469
-990.469
-990.469
-990.469
-990.469
-990.469
-990.469
-990.469
-990.469
-990.469
-990.469
-990.469
-990.469
-990.469
-990.469
-990.469
-990.469
-990.469
-990.469
-990.469
-990.469
-990.469
-990.469
-990.469
-990.469
-990.469
-990.469
-990.469
-990.469
-990.469
-990.469
-990.469
-990.469
-990.469
)
;
    }
    right
    {
        type            calculated;
        value           uniform 0;
    }
    lowerWall
    {
        type            calculated;
        value           nonuniform List<scalar> 
300
(
-497.612
-497.612
-497.612
-497.612
-497.612
-497.612
-497.612
-497.612
-497.612
-497.612
-2.38273
-2.38273
-2.38273
-2.38273
-2.38273
-2.38273
-2.38273
-2.38273
-2.38273
-2.38273
-0.00573757
-0.00573757
-0.00573757
-0.00573757
-0.00573757
-0.00573757
-0.00573757
-0.00573757
-0.00573757
-0.00573757
-9.25257e-06
-9.25258e-06
-9.2526e-06
-9.25258e-06
-9.25257e-06
-9.2526e-06
-9.25258e-06
-9.25255e-06
-9.25261e-06
-9.25258e-06
-1.12927e-08
-1.13132e-08
-1.12985e-08
-1.12834e-08
-1.13141e-08
-1.12985e-08
-1.12896e-08
-1.13123e-08
-1.12101e-08
-1.12528e-08
-3.06422e-11
-3.5083e-11
-3.73035e-11
-3.55271e-11
-2.35367e-11
4.21885e-11
2.4869e-11
-2.22045e-12
2.44249e-11
-3.15303e-11
6.66134e-11
8.08242e-11
0
6.79456e-11
8.12683e-11
-8.88178e-12
1.55431e-11
7.90479e-11
-6.35048e-11
8.88178e-13
0
3.10862e-12
7.99361e-11
0
6.61693e-11
0
-5.68434e-11
-6.61693e-11
0
-1.33227e-12
0
-6.92779e-11
-4.44089e-13
-6.79456e-11
-7.90479e-11
9.32587e-12
-1.55431e-11
0
-1.59872e-11
-6.66134e-11
6.17284e-11
4.44089e-13
-6.35048e-11
4.88498e-12
-6.92779e-11
-7.77156e-11
-8.88178e-13
-3.9968e-12
-5.72875e-11
1.33227e-12
1.77636e-12
-4.44089e-12
-2.22045e-12
2.22045e-12
-1.77636e-12
-1.77636e-12
1.33227e-11
-7.14984e-11
7.9492e-11
0
2.22045e-12
0
-1.77636e-12
-4.44089e-12
3.10862e-12
7.9492e-11
3.55271e-12
5.9508e-11
2.66454e-12
6.79456e-11
-2.66454e-12
7.06102e-11
1.77636e-12
4.44089e-13
1.5099e-11
-5.32907e-12
1.77636e-12
-1.06581e-11
-6.79456e-11
0
3.9968e-12
0
6.88338e-11
0
4.44089e-13
-6.83897e-11
6.83897e-11
-5.63993e-11
6.88338e-11
0
-3.9968e-12
1.77636e-12
-3.55271e-12
0
6.17284e-11
7.32747e-11
6.21725e-11
7.72715e-11
6.61693e-11
6.61693e-11
4.44089e-13
-1.19904e-11
-7.99361e-12
6.83897e-11
6.08402e-11
-4.88498e-12
-7.41629e-11
-3.10862e-12
-7.72715e-11
-2.22045e-12
0
-6.75016e-11
2.22045e-12
-4.44089e-13
-6.30607e-11
0
-6.39488e-11
-6.26166e-11
-6.35048e-11
2.22045e-12
-2.22045e-12
1.33227e-11
-5.9508e-11
-6.39488e-11
-5.9952e-11
6.66134e-12
7.54952e-12
0
5.77316e-12
-6.61693e-11
5.77316e-12
3.06422e-11
6.35048e-11
-3.9968e-12
6.35048e-11
-6.9722e-11
-2.66454e-12
-1.33227e-12
-3.10862e-12
-2.22045e-12
-3.9968e-12
-8.88178e-13
-1.77636e-12
0
-1.33227e-12
6.57252e-11
6.70575e-11
6.03961e-11
3.55271e-12
6.83897e-11
-5.77316e-12
-3.15303e-11
-7.72715e-11
-8.88178e-12
-6.17284e-11
-1.15463e-11
-1.15463e-11
6.75016e-11
-1.19904e-11
-6.70575e-11
2.22045e-12
-2.66454e-12
1.77636e-12
-4.44089e-12
1.77636e-12
-6.57252e-11
-7.32747e-11
-5.50671e-11
-4.44089e-12
-2.22045e-12
0
0
1.37668e-11
1.28786e-11
-2.22045e-12
1.42109e-11
8.30447e-11
-6.79456e-11
8.30447e-11
6.92779e-11
-2.22045e-12
2.66454e-12
6.70575e-11
-8.43769e-12
-1.33227e-12
6.66134e-11
7.32747e-11
2.93099e-11
7.32747e-11
2.22045e-12
1.77636e-12
-1.33227e-12
0
-4.44089e-13
0
0
0
5.77316e-11
0
0
0
0
-6.88338e-11
1.33227e-11
0
-6.88338e-11
0
-3.19744e-11
0
0
4.44089e-13
8.88178e-13
-9.32587e-12
6.66134e-11
1.77636e-12
-4.44089e-13
-4.44089e-13
-5.50671e-11
-4.44089e-13
-4.44089e-13
0
0
8.88178e-13
0
0
0
0
-2.22045e-12
0
0
-6.52811e-11
6.43929e-11
7.23865e-11
0
6.17284e-11
7.01661e-11
1.33227e-12
0
1.33227e-12
-6.92779e-11
-6.35048e-11
6.35048e-11
6.39488e-11
6.66134e-11
6.39488e-11
7.06102e-11
1.33227e-12
3.9968e-12
1.33227e-12
-7.01661e-11
)
;
    }
    upperWall
    {
        type            calculated;
        value           nonuniform List<scalar> 
300
(
-497.612
-497.612
-497.612
-497.612
-497.612
-497.612
-497.612
-497.612
-497.612
-497.612
-2.38273
-2.38273
-2.38273
-2.38273
-2.38273
-2.38273
-2.38273
-2.38273
-2.38273
-2.38273
-0.00573757
-0.00573757
-0.00573757
-0.00573757
-0.00573757
-0.00573757
-0.00573757
-0.00573757
-0.00573757
-0.00573757
-9.25258e-06
-9.25258e-06
-9.25258e-06
-9.2526e-06
-9.25258e-06
-9.2526e-06
-9.25258e-06
-9.25258e-06
-9.2526e-06
-9.25261e-06
-1.12528e-08
-1.12741e-08
-1.12896e-08
-1.1287e-08
-1.13141e-08
-1.12754e-08
-1.13141e-08
-1.12759e-08
-1.12852e-08
-1.12252e-08
3.4639e-11
-3.9968e-11
-3.68594e-11
3.59712e-11
-3.68594e-11
4.26326e-11
-3.68594e-11
-3.68594e-11
4.30767e-11
-3.19744e-11
-6.21725e-12
6.57252e-11
1.77636e-12
-7.99361e-12
1.06581e-11
1.02141e-11
1.02141e-11
-3.55271e-12
-4.44089e-13
-6.70575e-11
-6.79456e-11
0
1.59872e-11
-6.75016e-11
-4.44089e-13
8.88178e-13
1.59872e-11
7.99361e-11
-6.61693e-11
6.79456e-11
-5.90639e-11
-7.10543e-11
1.33227e-11
1.06581e-11
5.32907e-12
4.44089e-13
4.88498e-12
-5.32907e-12
-3.10862e-12
6.79456e-11
6.92779e-11
1.11022e-11
-1.33227e-11
-1.15463e-11
1.55431e-11
-6.88338e-11
-4.88498e-12
-7.23865e-11
-1.37668e-11
-6.70575e-11
6.70575e-11
3.10862e-12
-1.59872e-11
2.66454e-12
-4.44089e-12
3.9968e-12
0
-2.22045e-12
3.55271e-12
-1.77636e-12
0
7.23865e-11
0
-8.88178e-13
-4.88498e-12
7.10543e-11
4.44089e-12
7.37188e-11
1.33227e-11
-1.33227e-12
-8.88178e-13
-5.77316e-12
0
-5.77316e-12
0
-1.02141e-11
0
8.88178e-13
-9.32587e-12
-1.33227e-12
0
-6.75016e-11
1.37668e-11
1.33227e-11
0
0
-1.28786e-11
-3.73035e-11
2.22045e-12
6.70575e-11
4.44089e-13
5.77316e-12
2.22045e-12
6.21725e-12
7.01661e-11
-3.55271e-12
-1.33227e-11
8.21565e-11
7.37188e-11
-6.4837e-11
-2.22045e-12
-7.54952e-12
-1.59872e-11
6.43929e-11
8.88178e-13
-8.17124e-11
1.33227e-11
-3.41949e-11
-1.64313e-11
-6.66134e-11
1.77636e-12
6.92779e-11
0
-8.88178e-13
-6.61693e-11
8.43769e-12
8.43769e-12
0
-7.90479e-11
8.88178e-13
-6.61693e-11
7.54952e-12
0
-6.39488e-11
0
0
-4.44089e-13
-4.44089e-13
-4.44089e-13
6.61693e-11
-2.22045e-12
-5.77316e-12
1.37668e-11
6.57252e-11
-4.88498e-12
-8.43769e-12
7.10543e-11
0
1.19904e-11
6.66134e-11
6.83897e-11
6.66134e-11
2.22045e-12
-1.24345e-11
2.66454e-12
1.06581e-11
-1.77636e-12
-1.19904e-11
2.22045e-12
8.88178e-13
-3.9968e-12
-6.61693e-11
0
-6.57252e-11
7.06102e-11
1.37668e-11
-6.79456e-11
-6.79456e-11
6.75016e-11
-4.44089e-12
-4.44089e-13
-7.32747e-11
7.54952e-11
7.4607e-11
6.39488e-11
4.44089e-13
1.77636e-12
1.73195e-11
9.32587e-12
-1.33227e-12
6.21725e-12
-8.88178e-13
-1.37668e-11
-1.33227e-12
-6.75016e-11
5.28466e-11
-1.33227e-11
1.77636e-12
-1.11022e-11
5.32907e-12
4.44089e-13
2.22045e-12
-6.17284e-11
-6.21725e-11
3.55271e-12
-4.44089e-13
-1.77636e-12
6.57252e-11
6.83897e-11
-3.9968e-12
0
0
0
0
0
-5.28466e-11
7.99361e-12
0
-5.28466e-11
-6.70575e-11
0
0
-1.37668e-11
-1.77636e-12
-6.79456e-11
4.88498e-12
0
-6.57252e-11
-6.92779e-11
-6.21725e-11
-6.9722e-11
-1.11022e-11
7.54952e-11
6.61693e-11
6.43929e-11
0
8.88178e-13
-5.32907e-12
-1.28786e-11
0
0
0
0
0
0
0
8.88178e-13
4.44089e-13
0
0
0
8.30447e-11
5.77316e-12
2.22045e-12
4.44089e-12
6.66134e-11
6.52811e-11
5.01821e-11
8.03801e-11
-8.88178e-13
-7.01661e-11
7.23865e-11
8.12683e-11
6.79456e-11
6.9722e-11
6.66134e-11
6.12843e-11
4.61853e-11
7.23865e-11
-1.77636e-12
)
;
    }
}


// ************************************************************************* //
