/*--------------------------------*- C++ -*----------------------------------*\
  =========                 |
  \\      /  F ield         | OpenFOAM: The Open Source CFD Toolbox
   \\    /   O peration     | Website:  https://openfoam.org
    \\  /    A nd           | Version:  10
     \\/     M anipulation  |
\*---------------------------------------------------------------------------*/
FoamFile
{
    format      ascii;
    class       volScalarField;
    location    "1.1";
    object      gradTx;
}
// * * * * * * * * * * * * * * * * * * * * * * * * * * * * * * * * * * * * * //

dimensions      [0 -1 0 1 0 0 0];

internalField   nonuniform List<scalar> 
3000
(
-497.81
-2.18548
-0.00482618
-7.13988e-06
-8.00826e-09
-2.4869e-11
6.08402e-11
0
0
5.59552e-11
-497.81
-2.18548
-0.00482618
-7.1399e-06
-8.0056e-09
-2.66454e-11
1.19904e-11
-7.10543e-12
-1.77636e-12
1.06581e-11
-497.81
-2.18548
-0.00482618
-7.1399e-06
-8.01359e-09
-2.9754e-11
0
7.28306e-11
-4.44089e-13
-5.81757e-11
-497.81
-2.18548
-0.00482618
-7.13985e-06
-7.93809e-09
-6.52811e-11
0
0
-6.26166e-11
5.32907e-12
-497.81
-2.18548
-0.00482618
-7.13988e-06
-8.00693e-09
-1.86517e-11
7.37188e-11
6.21725e-11
-7.23865e-11
-5.9508e-11
-497.81
-2.18548
-0.00482618
-7.1399e-06
-7.99272e-09
-2.9754e-11
-1.19904e-11
7.28306e-11
1.19904e-11
-7.10543e-11
-497.81
-2.18548
-0.00482618
-7.13987e-06
-7.93365e-09
2.22045e-11
2.22045e-12
0
-7.19425e-11
1.42109e-11
-497.81
-2.18548
-0.00482618
-7.1399e-06
-8.01403e-09
-3.41949e-11
6.08402e-11
8.43769e-12
-6.92779e-11
-3.9968e-12
-497.81
-2.18548
-0.00482618
-7.13987e-06
-7.95009e-09
-6.21725e-11
-5.77316e-11
5.06262e-11
-1.42109e-11
-5.24025e-11
-497.81
-2.18548
-0.00482618
-7.13988e-06
-7.97273e-09
3.4639e-11
-6.21725e-12
-6.21725e-11
-5.32907e-11
6.35048e-11
-497.81
-2.18548
-0.00482618
-7.13988e-06
-8.02647e-09
-2.93099e-11
7.32747e-11
3.55271e-12
-6.35048e-11
4.44089e-13
-497.81
-2.18548
-0.00482618
-7.13991e-06
-8.02647e-09
-1.15463e-11
3.28626e-11
-1.5099e-11
6.66134e-12
4.44089e-13
-497.81
-2.18548
-0.00482618
-7.13994e-06
-7.99716e-09
-1.90958e-11
3.9968e-12
4.39648e-11
4.44089e-13
-2.44249e-11
-497.81
-2.18548
-0.00482618
-7.13988e-06
-7.99139e-09
-4.70735e-11
-9.32587e-12
-4.44089e-13
-1.42109e-11
-1.86517e-11
-497.81
-2.18548
-0.00482618
-7.13992e-06
-8.03091e-09
0
4.08562e-11
0
-3.64153e-11
8.88178e-13
-497.81
-2.18548
-0.00482618
-7.13994e-06
-8.01581e-09
-1.82077e-11
3.9968e-12
4.39648e-11
4.44089e-13
-9.76996e-12
-497.81
-2.18548
-0.00482618
-7.13988e-06
-8.03535e-09
-1.95399e-11
4.08562e-11
0
-3.64153e-11
-2.26485e-11
-497.81
-2.18548
-0.00482618
-7.13989e-06
-7.99805e-09
-5.81757e-11
3.10862e-12
8.88178e-13
-3.24185e-11
3.24185e-11
-497.81
-2.18548
-0.00482618
-7.1399e-06
-7.99183e-09
-2.84217e-11
-6.66134e-12
-2.70894e-11
-3.73035e-11
1.95399e-11
-497.81
-2.18548
-0.00482618
-7.13988e-06
-7.99227e-09
-3.24185e-11
6.03961e-11
0
-6.52811e-11
8.88178e-12
-497.81
-2.18548
-0.00482618
-7.1399e-06
-8.01359e-09
-2.9754e-11
0
7.28306e-11
-4.44089e-13
-5.81757e-11
-497.81
-2.18548
-0.00482618
-7.13994e-06
-8.01492e-09
1.24345e-11
7.10543e-12
1.33227e-11
-3.55271e-12
1.33227e-12
-497.81
-2.18548
-0.00482618
-7.13991e-06
-7.97096e-09
-5.81757e-11
0
-3.9968e-12
-4.35207e-11
4.35207e-11
-497.81
-2.18548
-0.00482618
-7.13991e-06
-8.03047e-09
-1.11022e-11
3.64153e-11
-1.90958e-11
-1.77636e-11
5.32907e-12
-497.81
-2.18548
-0.00482618
-7.13994e-06
-8.01537e-09
-1.82077e-11
3.9968e-12
0
-3.9968e-12
3.73035e-11
-497.81
-2.18548
-0.00482618
-7.1399e-06
-8.0127e-09
-6.52811e-11
4.35207e-11
-3.9968e-12
-1.06581e-11
4.4853e-11
-497.81
-2.18548
-0.00482618
-7.13992e-06
-8.01537e-09
-1.46549e-11
1.90958e-11
0
-1.5099e-11
1.5099e-11
-497.81
-2.18548
-0.00482618
-7.13989e-06
-7.99938e-09
-6.12843e-11
-8.43769e-12
0
-3.64153e-11
3.24185e-11
-497.81
-2.18548
-0.00482618
-7.13992e-06
-8.03491e-09
-1.42109e-11
3.9968e-12
-3.9968e-12
2.88658e-11
1.95399e-11
-497.81
-2.18548
-0.00482618
-7.13988e-06
-8.00604e-09
-2.9754e-11
2.22045e-12
1.42109e-11
1.19904e-11
-1.24345e-11
-497.81
-2.18548
-0.00482618
-7.13989e-06
-8.00027e-09
-2.9754e-11
6.26166e-11
0
-6.26166e-11
5.32907e-12
-497.81
-2.18548
-0.00482618
-7.13992e-06
-8.01181e-09
1.77636e-12
1.02141e-11
0
-1.46549e-11
3.55271e-12
-497.81
-2.18548
-0.00482618
-7.13992e-06
-8.03091e-09
-1.5099e-11
8.88178e-12
2.88658e-11
1.15463e-11
4.44089e-13
-497.81
-2.18548
-0.00482618
-7.13992e-06
-8.01759e-09
-9.76996e-12
1.24345e-11
0
-2.26485e-11
0
-497.81
-2.18548
-0.00482618
-7.13987e-06
-8.01625e-09
-5.06262e-11
-2.88658e-11
2.44249e-11
3.90799e-11
-3.90799e-11
-497.81
-2.18548
-0.00482618
-7.13987e-06
-7.99139e-09
-2.4869e-11
-7.10543e-12
-6.21725e-12
-3.68594e-11
-1.19904e-11
-497.81
-2.18548
-0.00482618
-7.1399e-06
-7.99361e-09
-5.06262e-11
-3.28626e-11
2.44249e-11
3.90799e-11
-3.90799e-11
-497.81
-2.18548
-0.00482618
-7.13994e-06
-8.05045e-09
1.28786e-11
3.24185e-11
-4.44089e-13
4.44089e-13
3.55271e-12
-497.81
-2.18548
-0.00482618
-7.13987e-06
-8.01714e-09
-4.26326e-11
7.10543e-12
-1.59872e-11
-3.64153e-11
1.95399e-11
-497.81
-2.18548
-0.00482618
-7.13991e-06
-8.00293e-09
3.59712e-11
-7.10543e-12
-6.17284e-11
9.76996e-12
-1.02141e-11
-497.81
-2.18548
-0.00482618
-7.13988e-06
-8.0278e-09
-1.68754e-11
7.37188e-11
6.03961e-11
-7.23865e-11
-6.30607e-11
-497.81
-2.18548
-0.00482618
-7.13992e-06
-8.04823e-09
1.28786e-11
3.68594e-11
-1.33227e-11
-3.24185e-11
1.55431e-11
-497.81
-2.18548
-0.00482618
-7.13992e-06
-7.97806e-09
-1.42109e-11
-3.95239e-11
-3.9968e-12
-3.9968e-12
3.9968e-12
-497.81
-2.18548
-0.00482618
-7.13991e-06
-8.03047e-09
1.28786e-11
8.43769e-12
-4.35207e-11
1.46549e-11
3.73035e-11
-497.81
-2.18548
-0.00482618
-7.13992e-06
-8.04778e-09
-1.86517e-11
3.28626e-11
0
-3.28626e-11
3.28626e-11
-497.81
-2.18548
-0.00482618
-7.13992e-06
-8.03446e-09
-1.46549e-11
3.73035e-11
-3.9968e-12
-4.44089e-12
1.9984e-11
-497.81
-2.18548
-0.00482618
-7.13992e-06
-8.02158e-09
-1.82077e-11
3.28626e-11
0
0
3.28626e-11
-497.81
-2.18548
-0.00482618
-7.13995e-06
-7.99538e-09
1.5099e-11
-1.19904e-11
0
-7.99361e-12
-2.4869e-11
-497.81
-2.18548
-0.00482618
-7.13992e-06
-8.03091e-09
-1.42109e-11
4.21885e-11
-3.9968e-12
-9.32587e-12
4.39648e-11
-497.81
-2.18548
-0.00482618
-7.13988e-06
-8.0278e-09
-2.9754e-11
9.32587e-12
0
4.88498e-12
1.42109e-11
-497.81
-2.18548
-0.00482618
-7.1399e-06
-8.01359e-09
4.26326e-11
-8.43769e-12
0
8.88178e-12
-7.10543e-11
-497.81
-2.18548
-0.00482618
-7.13994e-06
-8.01581e-09
-1.82077e-11
3.9968e-12
4.39648e-11
-1.77636e-11
-5.77316e-12
-497.81
-2.18548
-0.00482618
-7.13995e-06
-8.0127e-09
-1.82077e-11
3.41949e-11
0
-3.41949e-11
3.41949e-11
-497.81
-2.18548
-0.00482618
-7.13992e-06
-7.99094e-09
1.82077e-11
-7.10543e-12
-3.73035e-11
4.44089e-13
3.41949e-11
-497.81
-2.18548
-0.00482618
-7.13995e-06
-8.03446e-09
1.24345e-11
4.39648e-11
0
-4.39648e-11
1.24345e-11
-497.81
-2.18548
-0.00482618
-7.13992e-06
-8.05223e-09
-1.42109e-11
3.41949e-11
-3.9968e-12
-1.33227e-12
4.44089e-12
-497.81
-2.18548
-0.00482618
-7.13992e-06
-7.98339e-09
-1.95399e-11
-1.73195e-11
3.28626e-11
1.28786e-11
-1.28786e-11
-497.81
-2.18548
-0.00482618
-7.13992e-06
-8.00959e-09
-7.54952e-12
-2.62013e-11
8.88178e-13
1.11022e-11
-1.5099e-11
-497.81
-2.18548
-0.00482618
-7.13992e-06
-7.97984e-09
1.33227e-12
-1.33227e-11
1.82077e-11
-1.59872e-11
-1.33227e-11
-497.81
-2.18548
-0.00482618
-7.13991e-06
-7.99316e-09
4.30767e-11
8.43769e-12
4.44089e-13
1.33227e-12
-6.35048e-11
-497.81
-2.18548
-0.00482618
-7.13989e-06
-8.00648e-09
2.53131e-11
1.42109e-11
-5.15143e-11
-1.33227e-11
-1.77636e-12
-497.81
-2.18548
-0.00482618
-7.13993e-06
-8.04956e-09
1.15463e-11
3.73035e-11
0
-3.68594e-11
2.66454e-12
-497.81
-2.18548
-0.00482618
-7.13992e-06
-8.01759e-09
-1.42109e-11
0
0
2.88658e-11
3.37508e-11
-497.81
-2.18548
-0.00482618
-7.13991e-06
-7.99316e-09
-1.15463e-11
-2.88658e-11
2.44249e-11
3.5083e-11
-3.95239e-11
-497.81
-2.18548
-0.00482618
-7.13992e-06
-8.04379e-09
-1.86517e-11
2.88658e-11
3.9968e-12
0
0
-497.81
-2.18548
-0.00482618
-7.13992e-06
-8.03801e-09
1.46549e-11
1.9984e-11
-1.37668e-11
-4.88498e-12
3.9968e-12
-497.81
-2.18548
-0.00482618
-7.13992e-06
-7.98872e-09
-1.82077e-11
-2.88658e-11
0
2.88658e-11
3.9968e-12
-497.81
-2.18548
-0.00482618
-7.13995e-06
-8.02469e-09
-1.5099e-11
-1.15463e-11
2.88658e-11
2.53131e-11
-2.53131e-11
-497.81
-2.18548
-0.00482618
-7.13992e-06
-7.98872e-09
1.46549e-11
-1.33227e-12
-2.93099e-11
-1.28786e-11
3.9968e-11
-497.81
-2.18548
-0.00482618
-7.13988e-06
-8.0278e-09
-2.9754e-11
9.32587e-12
1.42109e-11
4.88498e-12
-4.88498e-12
-497.81
-2.18548
-0.00482618
-7.13986e-06
-8.02647e-09
-4.44089e-13
7.23865e-11
-6.03961e-11
0
-3.9968e-12
-497.81
-2.18548
-0.00482618
-7.13988e-06
-7.99849e-09
-2.30926e-11
3.10862e-12
-3.10862e-12
-8.88178e-13
3.9968e-12
-497.81
-2.18548
-0.00482618
-7.1399e-06
-8.00027e-09
-4.61853e-11
-6.66134e-12
-1.59872e-11
-3.24185e-11
3.24185e-11
-497.81
-2.18548
-0.00482618
-7.13994e-06
-8.05089e-09
-1.64313e-11
3.55271e-12
3.9968e-12
-3.55271e-12
3.19744e-11
-497.81
-2.18548
-0.00482618
-7.1399e-06
-7.98162e-09
-5.9508e-11
-2.93099e-11
3.81917e-11
1.11022e-11
-3.33067e-11
-497.81
-2.18548
-0.00482618
-7.13991e-06
-7.98073e-09
-5.06262e-11
-2.53131e-11
0
1.11022e-11
2.70894e-11
-497.81
-2.18548
-0.00482618
-7.13992e-06
-8.0207e-09
-1.55431e-11
-1.5099e-11
2.70894e-11
1.19904e-11
-2.30926e-11
-497.81
-2.18548
-0.00482618
-7.13994e-06
-8.0127e-09
-1.5099e-11
3.41949e-11
0
-3.15303e-11
0
-497.81
-2.18548
-0.00482618
-7.13992e-06
-8.0207e-09
1.42109e-11
-1.59872e-11
-2.88658e-11
-7.99361e-12
4.26326e-11
-497.81
-2.18548
-0.00482618
-7.13988e-06
-7.99361e-09
-2.93099e-11
-2.22045e-12
7.23865e-11
-4.88498e-12
-6.52811e-11
-497.81
-2.18548
-0.00482618
-7.13991e-06
-7.9341e-09
2.4869e-11
-5.77316e-11
0
-1.42109e-11
-5.24025e-11
-497.81
-2.18548
-0.00482618
-7.13994e-06
-8.00648e-09
1.24345e-11
-6.66134e-12
-2.79776e-11
-3.64153e-11
1.95399e-11
-497.81
-2.18548
-0.00482618
-7.13992e-06
-8.0127e-09
-1.42109e-11
3.9968e-12
-3.9968e-12
-3.9968e-12
1.9984e-11
-497.81
-2.18548
-0.00482618
-7.13989e-06
-8.03091e-09
-2.62013e-11
3.68594e-11
-3.95239e-11
-1.33227e-11
-4.44089e-13
-497.81
-2.18548
-0.00482618
-7.13992e-06
-8.03446e-09
1.24345e-11
3.28626e-11
0
-3.28626e-11
-2.70894e-11
-497.81
-2.18548
-0.00482618
-7.13992e-06
-7.97984e-09
1.46549e-11
-9.32587e-12
-2.93099e-11
-4.44089e-12
1.95399e-11
-497.81
-2.18548
-0.00482618
-7.13992e-06
-8.02869e-09
-1.9984e-11
1.37668e-11
3.9968e-12
0
-3.9968e-12
-497.81
-2.18548
-0.00482618
-7.13991e-06
-8.00027e-09
2.22045e-12
-1.19904e-11
6.21725e-12
3.59712e-11
-2.93099e-11
-497.81
-2.18548
-0.00482618
-7.13992e-06
-8.03269e-09
-1.42109e-11
3.33067e-11
1.95399e-11
-3.77476e-11
-1.90958e-11
-497.81
-2.18548
-0.00482618
-7.13991e-06
-8.0016e-09
4.30767e-11
-4.44089e-13
-6.03961e-11
-3.55271e-12
-1.24345e-11
-497.81
-2.18548
-0.00482618
-7.13988e-06
-7.97273e-09
-2.57572e-11
4.44089e-13
-8.88178e-13
-6.08402e-11
8.88178e-13
-497.81
-2.18548
-0.00482618
-7.13988e-06
-8.00826e-09
-3.06422e-11
0
-1.77636e-12
-1.33227e-12
7.54952e-11
-497.81
-2.18548
-0.00482618
-7.13988e-06
-8.0278e-09
-2.75335e-11
-4.44089e-13
1.24345e-11
0
-1.19904e-11
-497.81
-2.18548
-0.00482618
-7.13985e-06
-8.00782e-09
0
5.32907e-12
-5.9952e-11
6.21725e-12
8.88178e-13
-497.81
-2.18548
-0.00482618
-7.13988e-06
-8.00693e-09
-2.9754e-11
0
1.42109e-11
0
-1.42109e-11
-497.81
-2.18548
-0.00482618
-7.13987e-06
-8.00693e-09
-3.86358e-11
9.32587e-12
2.22045e-12
8.88178e-13
7.54952e-12
-497.81
-2.18548
-0.00482618
-7.13987e-06
-8.01759e-09
-2.53131e-11
3.55271e-12
-3.55271e-12
-1.46549e-11
-1.02141e-11
-497.81
-2.18548
-0.00482618
-7.13988e-06
-8.00959e-09
-2.9754e-11
-2.22045e-12
5.32907e-12
-5.32907e-12
-7.54952e-12
-497.81
-2.18548
-0.00482618
-7.13987e-06
-8.02336e-09
-3.95239e-11
6.21725e-11
1.24345e-11
-6.21725e-11
6.03961e-11
-497.81
-2.18548
-0.00482618
-7.13991e-06
-7.94742e-09
-2.53131e-11
-6.17284e-11
6.26166e-11
6.21725e-11
-6.12843e-11
1.77636e-12
2.22045e-12
-2.66454e-12
3.9968e-12
-3.9968e-12
4.44089e-13
0
-2.22045e-12
5.77316e-12
-3.9968e-12
-3.9968e-12
0
5.77316e-12
0
6.08402e-11
-4.44089e-12
-6.21725e-11
5.77316e-12
2.4869e-11
-8.88178e-13
-2.22045e-12
-1.77636e-12
1.77636e-12
0
5.68434e-11
-4.88498e-12
-5.81757e-11
6.21725e-12
-1.77636e-12
-8.88178e-13
2.22045e-12
5.63993e-11
0
0
-1.19904e-11
2.22045e-12
1.11022e-11
-5.77316e-11
-3.9968e-12
0
5.90639e-11
0
-5.10703e-11
6.21725e-11
4.88498e-12
-6.61693e-11
-8.88178e-13
3.9968e-12
5.72875e-11
-1.33227e-12
-1.77636e-12
7.28306e-11
1.33227e-12
-6.21725e-11
5.63993e-11
-4.44089e-12
3.9968e-12
6.66134e-12
-6.43929e-11
-8.88178e-13
7.99361e-12
-6.26166e-11
-4.44089e-13
0
3.9968e-12
-3.10862e-12
-8.88178e-13
4.44089e-12
5.72875e-11
-1.77636e-12
-2.66454e-12
-3.9968e-12
7.10543e-11
6.66134e-12
2.22045e-12
-1.24345e-11
-6.03961e-11
0
0
3.10862e-12
7.28306e-11
3.10862e-12
0
6.26166e-11
-1.77636e-12
-1.02141e-11
-5.77316e-11
-5.50671e-11
5.72875e-11
2.66454e-12
6.12843e-11
0
-8.88178e-13
0
4.44089e-13
-2.22045e-12
1.77636e-12
-6.03961e-11
-2.22045e-12
6.26166e-11
-3.9968e-12
0
6.43929e-11
0
2.22045e-12
-1.06581e-11
-6.21725e-11
1.19904e-11
2.4869e-11
-8.88178e-13
-6.66134e-12
2.17604e-11
9.32587e-12
7.99361e-12
-6.21725e-12
3.55271e-12
-6.66134e-12
8.88178e-12
6.66134e-12
-4.17444e-11
-3.68594e-11
1.42109e-11
1.33227e-12
0
4.39648e-11
7.99361e-12
-1.11022e-11
-4.04121e-11
1.06581e-11
4.39648e-11
-1.9984e-11
1.86517e-11
0
4.44089e-13
3.73035e-11
1.82077e-11
-8.88178e-13
-1.24345e-11
-1.24345e-11
6.66134e-12
2.70894e-11
1.46549e-11
-1.95399e-11
-2.62013e-11
3.33067e-11
3.55271e-12
-1.06581e-11
1.82077e-11
1.11022e-11
-6.21725e-12
-1.90958e-11
4.44089e-13
1.82077e-11
1.06581e-11
8.88178e-12
-1.90958e-11
-1.11022e-11
-2.62013e-11
1.06581e-11
3.41949e-11
-3.55271e-12
1.42109e-11
2.62013e-11
2.22045e-12
1.90958e-11
-1.06581e-11
0
1.06581e-11
-2.08722e-11
-3.55271e-12
-5.32907e-12
-1.42109e-11
3.9968e-11
1.46549e-11
8.88178e-13
-3.59712e-11
-4.88498e-12
0
-4.44089e-13
3.81917e-11
1.82077e-11
4.44089e-13
1.82077e-11
1.06581e-11
8.88178e-12
-1.90958e-11
-4.44089e-13
-2.62013e-11
0
4.4853e-11
3.55271e-12
6.66134e-11
-5.32907e-12
-6.12843e-11
4.44089e-12
-6.21725e-12
6.30607e-11
7.10543e-12
-5.77316e-12
6.08402e-11
-2.22045e-12
-1.77636e-12
1.77636e-12
6.30607e-11
-3.10862e-12
-7.54952e-12
1.77636e-12
-5.41789e-11
5.81757e-11
-1.77636e-12
-1.95399e-11
-1.02141e-11
-1.68754e-11
1.02141e-11
4.44089e-11
-1.90958e-11
-1.11022e-11
-2.62013e-11
1.06581e-11
2.35367e-11
2.62013e-11
-3.90799e-11
1.06581e-11
1.5099e-11
-1.73195e-11
-1.24345e-11
2.08722e-11
2.9754e-11
-2.04281e-11
6.21725e-12
2.17604e-11
2.17604e-11
-1.24345e-11
1.42109e-11
4.44089e-12
1.77636e-12
-4.44089e-13
-1.19904e-11
-2.62013e-11
-2.4869e-11
3.73035e-11
-3.37508e-11
0
0
-3.28626e-11
3.28626e-11
0
0
0
-3.28626e-11
-3.15303e-11
-2.13163e-11
4.04121e-11
0
-2.22045e-11
-2.22045e-11
2.53131e-11
0
-2.13163e-11
2.22045e-11
1.11022e-11
0
0
-1.55431e-11
4.44089e-12
3.33067e-11
4.44089e-13
-2.26485e-11
-1.55431e-11
2.26485e-11
3.33067e-11
-2.88658e-11
3.9968e-12
2.88658e-11
-2.93099e-11
-6.66134e-12
3.10862e-12
1.42109e-11
2.57572e-11
-1.77636e-12
8.88178e-12
0
-4.21885e-11
-1.5099e-11
0
1.46549e-11
1.95399e-11
2.30926e-11
0
-3.9968e-12
-1.42109e-11
0
0
1.19904e-11
2.66454e-12
-1.46549e-11
0
0
1.19904e-11
2.22045e-12
2.22045e-12
-3.9968e-12
0
0
0
6.26166e-11
-8.88178e-13
-5.77316e-11
-3.9968e-12
0
-1.9984e-11
-1.33227e-11
-4.44089e-13
0
5.32907e-12
1.73195e-11
4.21885e-11
-4.04121e-11
-4.44089e-13
3.5083e-11
-5.32907e-12
-7.99361e-12
1.55431e-11
1.42109e-11
4.44089e-12
-3.10862e-12
0
8.88178e-12
6.66134e-12
-1.24345e-11
7.99361e-12
-1.24345e-11
1.02141e-11
1.24345e-11
-3.06422e-11
6.21725e-12
0
1.77636e-12
3.5083e-11
-2.30926e-11
-4.26326e-11
4.44089e-13
3.9968e-11
3.28626e-11
-3.73035e-11
-3.68594e-11
0
8.88178e-13
4.21885e-11
3.55271e-12
4.44089e-13
-1.11022e-11
3.28626e-11
3.19744e-11
8.88178e-13
3.55271e-12
0
-6.66134e-12
6.21725e-12
8.43769e-12
-1.77636e-12
-4.44089e-13
-1.02141e-11
3.24185e-11
5.77316e-12
-3.28626e-11
0
3.77476e-11
-4.44089e-13
-3.73035e-11
-1.33227e-11
5.77316e-12
4.44089e-13
-1.02141e-11
-1.24345e-11
-3.28626e-11
-3.10862e-12
0
3.10862e-12
4.30767e-11
1.46549e-11
0
2.57572e-11
0
-7.10543e-12
1.33227e-11
-3.24185e-11
9.76996e-12
1.86517e-11
-2.04281e-11
2.22045e-12
-8.88178e-13
-4.88498e-12
1.19904e-11
5.77316e-12
5.81757e-11
-4.44089e-13
-5.86198e-11
6.03961e-11
-1.15463e-11
-2.22045e-12
3.9968e-12
1.37668e-11
0
5.59552e-11
5.50671e-11
-5.72875e-11
-5.37348e-11
5.72875e-11
-1.33227e-12
3.9968e-11
1.06581e-11
-2.88658e-11
-8.88178e-13
3.15303e-11
-1.55431e-11
-4.44089e-13
-2.57572e-11
-2.13163e-11
1.95399e-11
4.66294e-11
1.90958e-11
-8.88178e-12
-1.9984e-11
-3.28626e-11
7.10543e-12
8.88178e-13
2.53131e-11
-4.44089e-13
-3.28626e-11
-2.26485e-11
9.76996e-12
4.08562e-11
-3.81917e-11
-3.73035e-11
-6.66134e-12
-8.88178e-13
2.53131e-11
3.10862e-12
-2.13163e-11
3.68594e-11
0
0
0
-3.9968e-12
3.9968e-12
-3.28626e-11
0
3.28626e-11
-3.9968e-12
-1.86517e-11
2.44249e-11
2.88658e-11
0
-1.24345e-11
-1.77636e-12
-1.19904e-11
-2.70894e-11
2.35367e-11
5.77316e-12
9.32587e-12
-4.44089e-13
4.44089e-13
-2.9754e-11
-3.73035e-11
3.81917e-11
2.84217e-11
0
-2.84217e-11
-2.22045e-11
3.9968e-12
0
3.81917e-11
2.84217e-11
-3.41949e-11
-6.66134e-12
3.37508e-11
1.77636e-12
-4.88498e-12
1.02141e-11
-1.5099e-11
8.88178e-13
-1.90958e-11
0
3.73035e-11
-2.57572e-11
6.66134e-12
0
0
1.33227e-11
-4.44089e-12
-4.44089e-12
0
0
6.39488e-11
4.44089e-13
-5.9952e-11
0
-4.44089e-12
2.22045e-12
-1.77636e-12
7.28306e-11
-4.88498e-12
-6.21725e-11
6.66134e-11
-4.44089e-12
0
6.21725e-12
-6.39488e-11
6.03961e-11
2.39808e-11
7.54952e-12
-1.42109e-11
4.44089e-13
1.55431e-11
-3.41949e-11
0
3.24185e-11
-1.06581e-11
8.88178e-13
8.88178e-13
4.44089e-13
-4.44089e-13
-2.88658e-11
3.59712e-11
2.22045e-12
7.99361e-12
-5.77316e-12
-1.77636e-12
2.26485e-11
-4.44089e-13
-2.57572e-11
-3.68594e-11
-3.9968e-12
4.04121e-11
1.42109e-11
-7.10543e-12
1.90958e-11
-2.30926e-11
0
3.73035e-11
-3.55271e-12
3.55271e-12
-1.73195e-11
-3.64153e-11
1.37668e-11
1.55431e-11
0
0
6.66134e-12
-3.10862e-12
4.17444e-11
1.28786e-11
-2.30926e-11
-2.26485e-11
-2.22045e-11
-1.46549e-11
2.79776e-11
1.86517e-11
1.46549e-11
8.43769e-12
1.77636e-11
0
6.66134e-12
-3.81917e-11
-1.33227e-12
1.5099e-11
0
1.37668e-11
-4.44089e-12
2.39808e-11
4.44089e-13
-1.24345e-11
-8.88178e-13
-2.30926e-11
3.41949e-11
3.37508e-11
-4.44089e-13
-8.88178e-13
0
3.73035e-11
0
-1.19904e-11
-3.9968e-12
-2.62013e-11
2.30926e-11
1.90958e-11
0
-3.9968e-12
-3.9968e-12
3.9968e-12
6.52811e-11
-9.32587e-12
0
-3.10862e-12
-7.4607e-11
7.54952e-12
-8.88178e-13
-6.66134e-12
9.76996e-12
1.24345e-11
3.55271e-12
1.77636e-12
6.21725e-11
5.68434e-11
-6.79456e-11
-5.77316e-11
6.66134e-12
-2.66454e-12
6.17284e-11
3.68594e-11
-1.06581e-11
-7.10543e-12
1.11022e-11
1.55431e-11
-3.41949e-11
-1.06581e-11
3.24185e-11
0
-2.08722e-11
8.43769e-12
-1.77636e-11
-1.02141e-11
2.39808e-11
0
-1.77636e-12
5.77316e-12
0
6.21725e-12
-3.77476e-11
-3.9968e-11
3.33067e-11
2.70894e-11
3.9968e-12
4.88498e-12
-8.88178e-12
-3.24185e-11
-2.70894e-11
0
3.28626e-11
-1.82077e-11
2.9754e-11
-3.10862e-12
-1.06581e-11
3.24185e-11
1.86517e-11
-1.11022e-11
-2.70894e-11
-1.33227e-11
-1.11022e-11
0
0
7.99361e-12
-1.55431e-11
-2.62013e-11
9.76996e-12
4.88498e-12
7.54952e-12
4.04121e-11
1.77636e-11
-1.42109e-11
4.44089e-13
7.54952e-12
1.90958e-11
-2.66454e-11
-4.88498e-12
4.44089e-12
-4.44089e-13
1.59872e-11
2.53131e-11
-8.88178e-12
0
4.44089e-13
-4.44089e-13
-1.59872e-11
3.41949e-11
3.33067e-11
-3.9968e-12
-8.88178e-13
3.9968e-12
2.53131e-11
-1.9984e-11
-1.42109e-11
-3.9968e-12
1.19904e-11
1.19904e-11
-3.81917e-11
-1.33227e-12
2.88658e-11
-2.9754e-11
0
4.44089e-12
0
-1.19904e-11
-1.19904e-11
1.19904e-11
7.54952e-12
-8.88178e-13
6.52811e-11
-1.33227e-12
-6.52811e-11
5.32907e-11
-9.76996e-12
-5.01821e-11
7.01661e-11
-3.10862e-12
-5.68434e-11
0
-1.33227e-12
5.4623e-11
-3.10862e-12
6.21725e-12
-3.77476e-11
-8.88178e-13
3.9968e-11
-7.54952e-12
0
-1.77636e-11
4.88498e-12
5.77316e-12
-3.9968e-12
4.44089e-13
2.93099e-11
0
1.73195e-11
5.32907e-12
-3.55271e-11
-4.44089e-13
2.62013e-11
0
1.90958e-11
5.77316e-12
0
4.44089e-13
-1.28786e-11
-4.26326e-11
4.44089e-13
-4.44089e-13
2.93099e-11
2.22045e-11
1.28786e-11
4.44089e-13
-3.28626e-11
-4.44089e-13
3.68594e-11
1.77636e-11
8.88178e-12
-6.21725e-12
-4.88498e-12
2.22045e-11
2.44249e-11
-9.76996e-12
-1.77636e-12
8.88178e-12
-3.06422e-11
-3.4639e-11
0
3.01981e-11
-6.21725e-12
-3.9968e-11
0
0
0
0
-8.43769e-12
2.88658e-11
3.41949e-11
7.99361e-12
-8.88178e-12
-3.10862e-12
2.04281e-11
3.24185e-11
-2.70894e-11
-1.06581e-11
3.59712e-11
-2.53131e-11
6.21725e-12
0
-1.68754e-11
6.66134e-12
3.28626e-11
-9.76996e-12
-1.46549e-11
9.76996e-12
2.39808e-11
-2.04281e-11
-3.06422e-11
-7.99361e-12
-6.21725e-12
1.86517e-11
-2.22045e-12
6.75016e-11
0
-3.64153e-11
7.4607e-11
-2.84217e-11
0
-8.88178e-13
0
-1.02141e-11
7.28306e-11
3.10862e-12
-6.21725e-11
6.21725e-11
6.08402e-11
-7.01661e-11
-5.81757e-11
5.32907e-12
-3.10862e-12
3.10862e-12
4.39648e-11
0
-2.9754e-11
6.66134e-12
3.06422e-11
-1.11022e-11
-1.06581e-11
-2.57572e-11
-1.02141e-11
4.08562e-11
8.88178e-13
0
4.04121e-11
0
-4.21885e-11
-1.19904e-11
3.64153e-11
-5.32907e-12
-1.73195e-11
3.10862e-12
-2.35367e-11
8.88178e-13
4.35207e-11
3.59712e-11
-7.10543e-12
3.55271e-12
-3.24185e-11
-1.06581e-11
0
3.9968e-12
3.68594e-11
4.44089e-13
3.55271e-12
3.86358e-11
-8.43769e-12
-7.10543e-12
1.77636e-12
0
0
-3.28626e-11
1.06581e-11
4.44089e-13
-2.26485e-11
0
2.62013e-11
5.77316e-12
-2.84217e-11
5.77316e-12
3.28626e-11
8.43769e-12
9.32587e-12
3.33067e-11
4.44089e-13
-3.37508e-11
1.33227e-12
4.17444e-11
-4.30767e-11
-8.88178e-13
1.90958e-11
-3.77476e-11
-4.39648e-11
4.44089e-13
0
2.22045e-12
7.99361e-12
1.55431e-11
3.41949e-11
-7.99361e-12
-1.82077e-11
1.11022e-11
4.21885e-11
3.28626e-11
0
-3.28626e-11
-4.21885e-11
3.81917e-11
2.30926e-11
4.44089e-13
-2.35367e-11
-4.88498e-12
3.9968e-12
1.24345e-11
-8.88178e-12
1.77636e-12
6.75016e-11
-1.46549e-11
-7.23865e-11
-4.44089e-13
1.06581e-11
2.22045e-12
0
6.26166e-11
0
0
6.03961e-11
-2.22045e-12
2.22045e-12
-6.03961e-11
-2.22045e-12
6.26166e-11
5.9508e-11
-6.26166e-11
-6.39488e-11
5.77316e-11
6.70575e-11
-5.68434e-11
-6.21725e-11
-1.19904e-11
0
6.66134e-12
6.12843e-11
0
-6.12843e-11
0
7.23865e-11
6.57252e-11
-6.9722e-11
-7.10543e-12
0
-5.9508e-11
-8.88178e-13
8.88178e-13
-3.9968e-12
-1.19904e-11
5.77316e-12
6.21725e-12
-1.19904e-11
6.43929e-11
9.32587e-12
-7.01661e-11
6.12843e-11
1.24345e-11
6.66134e-12
-3.10862e-12
-5.72875e-11
5.24025e-11
-1.11022e-11
0
0
-4.70735e-11
-4.44089e-13
6.52811e-11
-4.44089e-13
0
6.21725e-11
-1.33227e-12
-5.9952e-11
-6.26166e-11
-1.02141e-11
-8.88178e-13
7.28306e-11
1.24345e-11
0
-1.02141e-11
0
7.99361e-12
-7.28306e-11
6.26166e-11
7.37188e-11
-6.30607e-11
0
6.79456e-11
4.44089e-13
-4.44089e-13
3.64153e-11
-6.08402e-11
-2.39808e-11
-1.77636e-12
-1.11022e-11
1.33227e-12
-1.06581e-11
2.22045e-12
-4.44089e-13
-6.21725e-11
1.46549e-11
-1.24345e-11
0
-4.44089e-13
-1.19904e-11
7.28306e-11
-1.77636e-12
-1.33227e-12
-1.77636e-12
6.17284e-11
-5.9508e-11
-6.08402e-11
1.33227e-12
6.03961e-11
6.08402e-11
8.88178e-13
-5.77316e-12
2.22045e-12
0
-2.22045e-12
1.77636e-12
0
4.44089e-13
0
-5.9508e-11
-5.81757e-11
-2.53131e-11
-2.66454e-12
-4.44089e-13
3.10862e-12
-1.77636e-12
0
1.33227e-12
0
5.81757e-11
5.77316e-11
3.9968e-12
8.88178e-13
-1.33227e-12
-1.33227e-12
0
0
-8.43769e-12
0
6.57252e-11
5.81757e-11
3.9968e-12
-4.44089e-12
-1.15463e-11
-7.99361e-12
7.23865e-11
-8.88178e-13
8.88178e-13
4.44089e-13
1.33227e-12
7.37188e-11
5.77316e-12
4.44089e-13
0
6.21725e-11
0
0
-6.70575e-11
0
6.79456e-11
1.33227e-12
-1.06581e-11
1.33227e-12
7.59393e-11
6.12843e-11
0
0
-1.95399e-11
0
2.04281e-11
1.33227e-12
-5.77316e-11
-5.32907e-12
0
4.44089e-12
6.30607e-11
0
-4.44089e-13
-3.10862e-12
4.44089e-13
6.57252e-11
-8.88178e-13
8.88178e-12
-8.88178e-13
4.9738e-11
-7.54952e-12
-5.10703e-11
8.88178e-12
-2.22045e-12
6.12843e-11
6.4837e-11
-7.01661e-11
-3.9968e-12
7.54952e-11
6.70575e-11
0
0
-4.44089e-13
0
1.33227e-12
1.33227e-12
-3.9968e-12
-4.44089e-13
6.21725e-12
4.44089e-13
0
0
-6.43929e-11
0
8.88178e-13
-6.43929e-11
-2.53131e-11
-3.10862e-12
0
3.10862e-12
-1.77636e-12
0
1.33227e-12
0
5.81757e-11
5.77316e-11
-6.21725e-12
1.86517e-11
0
1.06581e-11
-8.43769e-12
0
-2.66454e-12
-2.9754e-11
8.34888e-11
1.03473e-10
-4.57412e-11
-1.5099e-11
2.30926e-11
-5.77316e-12
2.17604e-11
-4.44089e-13
-3.77476e-11
0
3.81917e-11
2.08722e-11
1.37668e-11
-1.06581e-11
0
1.06581e-11
0
4.44089e-13
-1.82077e-11
0
1.95399e-11
4.44089e-13
-1.37668e-11
5.77316e-12
-7.99361e-12
-5.77316e-12
2.17604e-11
-4.44089e-13
-2.57572e-11
0
2.13163e-11
1.68754e-11
-1.06581e-11
6.21725e-12
-4.44089e-13
-5.77316e-12
1.06581e-11
0
-4.44089e-12
1.06581e-11
6.75016e-11
6.39488e-11
9.76996e-12
-1.90958e-11
4.44089e-13
1.9984e-11
1.06581e-11
0
0
0
6.03961e-11
7.10543e-11
-6.21725e-12
-1.24345e-11
1.11022e-11
1.59872e-11
-3.4639e-11
0
1.82077e-11
4.44089e-13
7.41629e-11
5.72875e-11
-1.06581e-11
-3.33067e-11
0
2.26485e-11
1.06581e-11
0
1.33227e-12
0
-8.88178e-13
1.15463e-11
-5.9952e-11
-6.70575e-11
-8.88178e-13
8.88178e-13
0
0
-9.32587e-12
0
7.59393e-11
6.66134e-11
-7.06102e-11
1.77636e-12
1.24345e-11
6.12843e-11
0
-6.30607e-11
-7.99361e-12
0
6.66134e-11
5.81757e-11
4.44089e-13
-1.68754e-11
-2.13163e-11
3.81917e-11
0
-2.17604e-11
1.73195e-11
0
6.75016e-11
8.4821e-11
0
2.22045e-12
2.44249e-11
-2.62013e-11
-3.5083e-11
-4.44089e-13
3.73035e-11
4.44089e-13
-4.44089e-12
2.22045e-11
2.62013e-11
1.86517e-11
-2.9754e-11
1.11022e-11
2.08722e-11
-2.9754e-11
-2.22045e-12
-4.44089e-13
7.28306e-11
9.19265e-11
0
4.17444e-11
0
-4.17444e-11
0
0
4.17444e-11
0
-1.11022e-11
3.06422e-11
0
2.26485e-11
0
-2.26485e-11
0
0
-1.19904e-11
2.13163e-11
3.33067e-11
0
0
8.43769e-12
3.37508e-11
-4.21885e-11
-1.73195e-11
3.33067e-11
2.66454e-11
-4.44089e-13
-1.15463e-11
-2.66454e-12
-1.37668e-11
-4.04121e-11
2.22045e-11
2.17604e-11
-3.55271e-12
2.22045e-11
-1.77636e-12
-2.13163e-11
-1.33227e-12
1.59872e-11
-1.59872e-11
8.43769e-12
3.37508e-11
-4.21885e-11
-1.73195e-11
3.33067e-11
2.22045e-11
-1.82077e-11
-7.54952e-12
1.55431e-11
4.44089e-13
6.83897e-11
-1.24345e-11
-5.59552e-11
-4.44089e-13
-1.19904e-11
6.88338e-11
0
4.88498e-12
7.4607e-11
-7.99361e-12
-3.9968e-12
1.15463e-11
-7.54952e-12
-4.44089e-13
1.24345e-11
6.08402e-11
0
0
6.08402e-11
-8.43769e-12
-1.06581e-11
0
1.06581e-11
0
4.44089e-13
4.88498e-12
0
4.88498e-12
9.76996e-12
-3.10862e-12
1.15463e-11
0
-8.88178e-12
-1.15463e-11
0
1.95399e-11
0
6.17284e-11
7.06102e-11
-2.26485e-11
-1.33227e-12
1.73195e-11
3.33067e-11
-3.55271e-12
8.88178e-13
-1.33227e-12
0
7.06102e-11
6.66134e-11
-9.76996e-12
4.13003e-11
-3.24185e-11
-8.88178e-12
3.24185e-11
-3.24185e-11
4.88498e-12
0
5.32907e-12
4.21885e-11
8.88178e-13
-3.06422e-11
-3.73035e-11
2.13163e-11
1.9984e-11
-1.11022e-11
-8.88178e-13
-2.08722e-11
2.30926e-11
4.26326e-11
-2.66454e-12
2.17604e-11
1.06581e-11
7.99361e-12
-4.04121e-11
1.11022e-11
2.13163e-11
0
1.95399e-11
4.44089e-13
-6.66134e-12
-3.24185e-11
4.21885e-11
1.5099e-11
-4.21885e-11
-1.28786e-11
4.21885e-11
2.93099e-11
4.44089e-13
0
1.86517e-11
-1.19904e-11
-3.73035e-11
2.13163e-11
8.88178e-13
-1.11022e-11
1.82077e-11
-2.08722e-11
2.30926e-11
4.26326e-11
-5.9952e-11
6.79456e-11
-8.88178e-13
-5.63993e-11
-4.44089e-13
-1.33227e-12
5.9952e-11
0
2.22045e-12
6.21725e-11
-5.55112e-11
8.88178e-13
-1.33227e-12
-1.33227e-12
0
0
1.77636e-12
0
5.55112e-11
5.81757e-11
2.17604e-11
-1.68754e-11
-2.13163e-11
3.81917e-11
-4.44089e-13
-2.13163e-11
-1.64313e-11
1.9984e-11
1.01252e-10
6.4837e-11
0
4.26326e-11
3.73035e-11
-4.17444e-11
-7.99361e-12
0
1.24345e-11
0
-1.19904e-11
3.06422e-11
3.68594e-11
1.86517e-11
-1.06581e-11
2.13163e-11
-4.44089e-12
-1.06581e-11
-6.66134e-12
-2.9754e-11
7.28306e-11
9.19265e-11
-2.88658e-11
-6.66134e-12
0
-2.22045e-11
2.88658e-11
0
-6.66134e-12
0
8.43769e-12
3.06422e-11
-6.21725e-12
-1.28786e-11
-1.77636e-11
1.24345e-11
0
0
9.76996e-12
4.44089e-13
1.19904e-11
2.22045e-11
3.33067e-11
2.04281e-11
-1.73195e-11
-2.13163e-11
0
0
2.04281e-11
8.88178e-13
6.21725e-12
2.70894e-11
7.10543e-12
-4.88498e-12
-2.04281e-11
7.10543e-12
1.82077e-11
-2.04281e-11
-1.86517e-11
4.44089e-13
1.42109e-11
1.42109e-11
-4.39648e-11
1.5099e-11
3.28626e-11
-4.61853e-11
1.06581e-11
3.33067e-11
-1.77636e-12
0
-9.32587e-12
-4.44089e-13
6.4837e-11
5.81757e-11
-6.17284e-11
3.55271e-12
0
-6.21725e-11
5.86198e-11
0
4.44089e-12
6.39488e-11
-1.02141e-11
-6.03961e-11
1.28786e-11
6.03961e-11
0
-6.30607e-11
0
0
6.43929e-11
6.4837e-11
-3.41949e-11
-7.99361e-12
4.4853e-11
-1.28786e-11
-1.15463e-11
2.17604e-11
6.21725e-12
0
-4.44089e-13
-5.77316e-12
0
2.22045e-11
1.33227e-12
-2.22045e-12
-2.17604e-11
1.77636e-12
2.22045e-11
0
6.12843e-11
6.17284e-11
-6.66134e-12
3.55271e-12
-8.88178e-13
6.21725e-12
3.33067e-11
-1.24345e-11
2.66454e-12
-2.9754e-11
6.66134e-11
1.03473e-10
4.44089e-13
-1.77636e-12
1.15463e-11
-2.26485e-11
8.88178e-12
3.9968e-12
-3.95239e-11
0
3.77476e-11
1.42109e-11
1.9984e-11
-3.24185e-11
0
3.24185e-11
-3.59712e-11
0
3.73035e-11
0
6.17284e-11
6.35048e-11
1.06581e-11
-7.99361e-12
0
1.42109e-11
-7.54952e-12
8.88178e-13
4.44089e-13
0
6.92779e-11
6.35048e-11
-2.13163e-11
-1.5099e-11
1.68754e-11
-6.21725e-12
7.99361e-12
1.02141e-11
-4.13003e-11
7.10543e-12
4.26326e-11
9.76996e-12
2.39808e-11
-2.62013e-11
0
3.24185e-11
-7.54952e-12
8.88178e-13
-1.42109e-11
0
8.39329e-11
6.35048e-11
1.19904e-11
4.44089e-13
4.75175e-11
-8.88178e-13
-4.70735e-11
4.88498e-12
0
0
6.08402e-11
6.08402e-11
-1.02141e-11
-6.70575e-11
7.54952e-11
6.70575e-11
0
0
-4.44089e-13
0
1.33227e-12
1.33227e-12
1.15463e-11
1.82077e-11
-2.17604e-11
3.55271e-12
0
-2.17604e-11
2.30926e-11
1.95399e-11
5.01821e-11
5.24025e-11
0
3.15303e-11
-6.21725e-12
8.43769e-12
-3.37508e-11
-6.21725e-12
2.57572e-11
0
7.77156e-11
6.92779e-11
9.76996e-12
4.44089e-13
1.90958e-11
-2.66454e-12
2.66454e-12
-8.43769e-12
7.10543e-12
4.44089e-13
1.77636e-12
1.90958e-11
0
4.26326e-11
2.22045e-11
-2.66454e-11
5.32907e-12
-1.59872e-11
-4.08562e-11
0
3.24185e-11
3.37508e-11
-2.13163e-11
-6.66134e-12
1.9984e-11
6.66134e-12
-3.55271e-12
0
3.55271e-12
-2.66454e-12
6.30607e-11
6.66134e-11
2.39808e-11
-3.24185e-11
0
3.24185e-11
-3.59712e-11
0
-7.99361e-12
0
1.07025e-10
6.35048e-11
3.10862e-12
-4.88498e-12
-3.55271e-12
6.66134e-12
-1.64313e-11
-4.13003e-11
0
3.73035e-11
1.68754e-11
-1.33227e-12
-2.88658e-11
2.62013e-11
3.28626e-11
-2.22045e-11
8.43769e-12
0
-1.19904e-11
3.24185e-11
1.37668e-11
1.02141e-11
-6.21725e-11
1.77636e-12
-1.24345e-11
-1.33227e-12
7.10543e-12
0
8.88178e-13
0
5.9952e-11
5.55112e-11
6.17284e-11
-4.92939e-11
-6.26166e-11
2.39808e-11
5.19584e-11
-2.62013e-11
-4.9738e-11
-2.22045e-12
0
3.9968e-12
-4.44089e-13
3.9968e-12
1.77636e-12
1.59872e-11
-2.13163e-11
-4.08562e-11
3.9968e-12
4.21885e-11
7.32747e-11
5.68434e-11
-1.37668e-11
-4.04121e-11
2.22045e-11
4.35207e-11
-3.9968e-12
8.88178e-13
-1.77636e-12
0
5.59552e-11
5.06262e-11
-3.55271e-11
-1.19904e-11
4.08562e-11
3.24185e-11
-1.15463e-11
-4.88498e-12
1.24345e-11
3.55271e-12
6.08402e-11
6.17284e-11
-7.10543e-12
-4.44089e-12
1.15463e-11
-3.10862e-12
0
7.99361e-12
-2.26485e-11
3.9968e-12
1.9984e-11
-1.77636e-12
1.95399e-11
2.70894e-11
1.64313e-11
-5.32907e-12
0
-2.13163e-11
-2.13163e-11
3.37508e-11
2.08722e-11
2.66454e-12
-3.24185e-11
-4.88498e-12
4.13003e-11
-3.24185e-11
0
3.73035e-11
-2.26485e-11
3.9968e-12
2.04281e-11
-2.22045e-12
1.15463e-11
1.95399e-11
-3.15303e-11
6.21725e-12
3.15303e-11
-3.77476e-11
-5.32907e-12
8.43769e-12
1.19904e-11
3.86358e-11
0
-8.88178e-13
4.13003e-11
-3.24185e-11
-5.32907e-12
3.77476e-11
3.10862e-12
3.55271e-12
0
-2.22045e-12
-6.17284e-11
1.5099e-11
1.77636e-12
6.03961e-11
0
-6.03961e-11
-4.88498e-12
4.44089e-13
4.44089e-11
4.04121e-11
-1.02141e-11
-3.9968e-12
7.54952e-11
6.70575e-11
0
0
-4.44089e-13
0
1.33227e-12
1.33227e-12
-4.44089e-13
-2.22045e-12
2.08722e-11
-1.82077e-11
-1.06581e-11
2.08722e-11
1.19904e-11
0
2.44249e-11
2.62013e-11
0
4.17444e-11
-4.44089e-13
-2.62013e-11
1.82077e-11
-4.44089e-13
-2.57572e-11
0
3.01981e-11
2.22045e-11
9.76996e-12
4.44089e-13
1.90958e-11
-2.66454e-12
2.66454e-12
-8.43769e-12
-1.42109e-11
4.44089e-13
2.30926e-11
1.90958e-11
4.44089e-12
3.81917e-11
3.9968e-12
-4.44089e-12
4.88498e-12
0
-4.66294e-11
0
4.75175e-11
8.88178e-12
-3.73035e-11
-1.77636e-12
4.35207e-11
-4.17444e-11
-3.55271e-12
4.35207e-11
-3.9968e-11
-3.10862e-12
3.24185e-11
-7.99361e-12
-1.86517e-11
2.53131e-11
4.39648e-11
-2.9754e-11
-6.66134e-12
4.39648e-11
4.44089e-13
0
7.54952e-12
8.88178e-13
2.04281e-11
-2.88658e-11
2.22045e-12
4.21885e-11
-8.43769e-12
-2.22045e-12
3.10862e-12
3.9968e-12
-4.44089e-13
-6.21725e-12
0
-2.57572e-11
4.35207e-11
-1.11022e-11
-7.54952e-12
4.44089e-11
-3.68594e-11
-3.10862e-12
3.24185e-11
-7.99361e-12
6.21725e-11
7.99361e-12
-1.11022e-11
6.21725e-11
-4.70735e-11
-6.39488e-11
-1.19904e-11
8.88178e-13
7.32747e-11
6.66134e-11
-6.12843e-11
-2.66454e-12
6.39488e-11
2.22045e-12
0
0
-4.44089e-13
0
-6.30607e-11
-6.43929e-11
6.30607e-11
6.61693e-11
-6.66134e-11
4.44089e-13
0
-6.66134e-11
4.88498e-12
-8.88178e-13
6.21725e-11
6.57252e-11
0
1.19904e-11
0
-1.19904e-11
1.24345e-11
-4.44089e-13
0
0
4.44089e-13
1.19904e-11
6.08402e-11
5.90639e-11
-5.9952e-11
-4.92939e-11
8.88178e-13
-8.88178e-13
-4.44089e-13
1.33227e-12
8.88178e-13
1.77636e-12
1.42109e-11
5.86198e-11
-4.44089e-13
-5.81757e-11
5.63993e-11
0
-6.88338e-11
0
6.88338e-11
5.59552e-11
7.32747e-11
4.88498e-12
-6.52811e-11
-1.77636e-12
3.55271e-12
-3.55271e-12
5.68434e-11
5.32907e-12
4.44089e-12
6.08402e-11
-6.17284e-11
-1.77636e-12
4.92939e-11
4.44089e-12
-4.75175e-11
2.22045e-12
-1.46549e-11
0
6.79456e-11
5.41789e-11
7.10543e-12
0
4.88498e-12
-4.88498e-12
5.9952e-11
5.32907e-12
-6.52811e-11
4.44089e-13
6.52811e-11
6.08402e-11
7.54952e-12
-6.26166e-11
-9.76996e-12
-1.33227e-12
7.50511e-11
-8.88178e-12
-6.03961e-11
7.54952e-11
0
-6.12843e-11
-4.44089e-12
-1.33227e-12
5.32907e-12
-3.9968e-12
-6.12843e-11
-5.63993e-11
0
0
-1.33227e-12
-1.33227e-12
)
;

boundaryField
{
    frontAndBack
    {
        type            calculated;
        value           nonuniform List<scalar> 
600
(
-497.81
-497.81
-497.81
-497.81
-497.81
-497.81
-497.81
-497.81
-497.81
-497.81
-2.18548
-2.18548
-2.18548
-2.18548
-2.18548
-2.18548
-2.18548
-2.18548
-2.18548
-2.18548
-0.00482618
-0.00482618
-0.00482618
-0.00482618
-0.00482618
-0.00482618
-0.00482618
-0.00482618
-0.00482618
-0.00482618
-7.13988e-06
-7.1399e-06
-7.1399e-06
-7.13985e-06
-7.13988e-06
-7.1399e-06
-7.13987e-06
-7.1399e-06
-7.13987e-06
-7.13988e-06
-8.00826e-09
-8.0056e-09
-8.01359e-09
-7.93809e-09
-8.00693e-09
-7.99272e-09
-7.93365e-09
-8.01403e-09
-7.95009e-09
-7.97273e-09
-2.4869e-11
-2.66454e-11
-2.9754e-11
-6.52811e-11
-1.86517e-11
-2.9754e-11
2.22045e-11
-3.41949e-11
-6.21725e-11
3.4639e-11
6.08402e-11
1.19904e-11
0
0
7.37188e-11
-1.19904e-11
2.22045e-12
6.08402e-11
-5.77316e-11
-6.21725e-12
0
-7.10543e-12
7.28306e-11
0
6.21725e-11
7.28306e-11
0
8.43769e-12
5.06262e-11
-6.21725e-11
0
-1.77636e-12
-4.44089e-13
-6.26166e-11
-7.23865e-11
1.19904e-11
-7.19425e-11
-6.92779e-11
-1.42109e-11
-5.32907e-11
5.59552e-11
1.06581e-11
-5.81757e-11
5.32907e-12
-5.9508e-11
-7.10543e-11
1.42109e-11
-3.9968e-12
-5.24025e-11
6.35048e-11
-497.81
-497.81
-497.81
-497.81
-497.81
-497.81
-497.81
-497.81
-497.81
-497.81
-2.18548
-2.18548
-2.18548
-2.18548
-2.18548
-2.18548
-2.18548
-2.18548
-2.18548
-2.18548
-0.00482618
-0.00482618
-0.00482618
-0.00482618
-0.00482618
-0.00482618
-0.00482618
-0.00482618
-0.00482618
-0.00482618
-7.13988e-06
-7.13988e-06
-7.13988e-06
-7.13985e-06
-7.13988e-06
-7.13987e-06
-7.13987e-06
-7.13988e-06
-7.13987e-06
-7.13991e-06
-7.97273e-09
-8.00826e-09
-8.0278e-09
-8.00782e-09
-8.00693e-09
-8.00693e-09
-8.01759e-09
-8.00959e-09
-8.02336e-09
-7.94742e-09
-2.57572e-11
-3.06422e-11
-2.75335e-11
0
-2.9754e-11
-3.86358e-11
-2.53131e-11
-2.9754e-11
-3.95239e-11
-2.53131e-11
4.44089e-13
0
-4.44089e-13
5.32907e-12
0
9.32587e-12
3.55271e-12
-2.22045e-12
6.21725e-11
-6.17284e-11
-8.88178e-13
-1.77636e-12
1.24345e-11
-5.9952e-11
1.42109e-11
2.22045e-12
-3.55271e-12
5.32907e-12
1.24345e-11
6.26166e-11
-6.08402e-11
-1.33227e-12
0
6.21725e-12
0
8.88178e-13
-1.46549e-11
-5.32907e-12
-6.21725e-11
6.21725e-11
8.88178e-13
7.54952e-11
-1.19904e-11
8.88178e-13
-1.42109e-11
7.54952e-12
-1.02141e-11
-7.54952e-12
6.03961e-11
-6.12843e-11
1.77636e-12
-3.9968e-12
-2.22045e-12
2.22045e-12
5.90639e-11
-1.77636e-12
7.99361e-12
-2.66454e-12
7.28306e-11
6.12843e-11
2.22045e-12
0
-1.77636e-12
5.63993e-11
0
7.28306e-11
-6.26166e-11
-3.9968e-12
3.10862e-12
0
-2.66454e-12
5.77316e-12
1.77636e-12
0
-5.10703e-11
1.33227e-12
-4.44089e-13
7.10543e-11
0
-8.88178e-13
3.9968e-12
0
0
0
6.21725e-11
-6.21725e-11
0
6.66134e-12
6.26166e-11
0
-3.9968e-12
6.08402e-11
5.68434e-11
-1.19904e-11
4.88498e-12
5.63993e-11
3.9968e-12
2.22045e-12
-1.77636e-12
4.44089e-13
4.44089e-13
-4.44089e-12
-4.88498e-12
2.22045e-12
-6.61693e-11
-4.44089e-12
-3.10862e-12
-1.24345e-11
-1.02141e-11
-2.22045e-12
0
-6.21725e-11
-5.81757e-11
1.11022e-11
-8.88178e-13
3.9968e-12
-8.88178e-13
-6.03961e-11
-5.77316e-11
1.77636e-12
-2.22045e-12
5.77316e-12
6.21725e-12
-5.77316e-11
3.9968e-12
6.66134e-12
4.44089e-12
0
-5.50671e-11
-6.03961e-11
5.77316e-12
2.4869e-11
-1.77636e-12
-3.9968e-12
5.72875e-11
-6.43929e-11
5.72875e-11
0
5.72875e-11
-2.22045e-12
-3.9968e-12
-8.88178e-13
-8.88178e-13
0
-1.33227e-12
-8.88178e-13
-1.77636e-12
3.10862e-12
2.66454e-12
6.26166e-11
0
5.9508e-11
6.12843e-11
-8.88178e-13
6.12843e-11
-4.44089e-13
7.28306e-11
0
-1.06581e-11
-1.77636e-12
6.26166e-11
-6.26166e-11
0
8.88178e-13
1.24345e-11
6.52811e-11
1.24345e-11
6.79456e-11
2.22045e-12
-1.33227e-12
0
-6.39488e-11
-6.12843e-11
-3.9968e-12
6.66134e-12
-4.44089e-13
0
4.44089e-13
-4.44089e-13
-1.77636e-12
0
5.77316e-11
0
-1.19904e-11
-3.10862e-12
0
-1.02141e-11
-4.44089e-13
-6.21725e-11
6.17284e-11
6.03961e-11
6.70575e-11
7.23865e-11
5.77316e-12
-5.72875e-11
6.21725e-11
0
3.64153e-11
1.46549e-11
-5.9508e-11
-2.22045e-12
-5.68434e-11
6.57252e-11
6.21725e-12
5.24025e-11
-1.33227e-12
7.99361e-12
-6.08402e-11
-1.24345e-11
-6.08402e-11
2.22045e-12
-6.21725e-11
-6.9722e-11
-1.19904e-11
-1.11022e-11
-5.9952e-11
-7.28306e-11
-2.39808e-11
0
1.33227e-12
-6.03961e-11
-1.19904e-11
-7.10543e-12
6.43929e-11
0
-6.26166e-11
6.26166e-11
-1.77636e-12
-4.44089e-13
6.03961e-11
-2.22045e-12
0
0
9.32587e-12
0
-1.02141e-11
7.37188e-11
-1.11022e-11
-1.19904e-11
6.08402e-11
6.26166e-11
6.66134e-12
-5.9508e-11
-7.01661e-11
-4.70735e-11
-8.88178e-13
-6.30607e-11
1.33227e-12
7.28306e-11
8.88178e-13
-5.77316e-12
-2.53131e-11
3.9968e-12
3.9968e-12
5.77316e-12
-1.06581e-11
-5.77316e-11
-8.88178e-13
-7.01661e-11
-3.9968e-12
2.22045e-12
-2.66454e-12
8.88178e-13
-4.44089e-12
4.44089e-13
1.33227e-12
-5.32907e-12
8.88178e-12
-3.9968e-12
-4.44089e-13
0
-4.44089e-13
-1.33227e-12
-1.15463e-11
0
7.59393e-11
0
-8.88178e-13
7.54952e-11
6.21725e-12
-2.22045e-12
3.10862e-12
-1.33227e-12
-7.99361e-12
6.21725e-11
6.12843e-11
4.44089e-12
4.9738e-11
6.70575e-11
4.44089e-13
1.77636e-12
-1.77636e-12
0
7.23865e-11
0
0
6.30607e-11
-7.54952e-12
0
0
0
0
0
-8.88178e-13
0
0
0
-5.10703e-11
0
0
4.44089e-13
1.33227e-12
-8.43769e-12
8.88178e-13
-6.70575e-11
-1.95399e-11
-4.44089e-13
8.88178e-12
-4.44089e-13
-6.43929e-11
0
0
0
4.44089e-13
0
0
-3.10862e-12
-2.22045e-12
0
0
-5.9508e-11
5.81757e-11
6.57252e-11
1.33227e-12
6.79456e-11
2.04281e-11
4.44089e-13
6.12843e-11
1.33227e-12
8.88178e-13
-5.81757e-11
5.77316e-11
5.81757e-11
7.37188e-11
1.33227e-12
1.33227e-12
6.57252e-11
6.4837e-11
1.33227e-12
-6.43929e-11
-6.12843e-11
6.30607e-11
0
6.08402e-11
1.42109e-11
7.32747e-11
-6.17284e-11
7.10543e-12
7.54952e-12
-4.44089e-12
-2.66454e-12
6.61693e-11
1.19904e-11
5.90639e-11
5.86198e-11
4.88498e-12
-1.77636e-12
0
-6.26166e-11
-1.33227e-12
6.39488e-11
-6.66134e-11
0
-5.9952e-11
-4.44089e-13
-6.52811e-11
4.92939e-11
4.88498e-12
-9.76996e-12
5.32907e-12
2.22045e-12
4.44089e-13
-1.19904e-11
-4.92939e-11
-5.81757e-11
-1.77636e-12
4.44089e-12
-4.88498e-12
-1.33227e-12
-3.9968e-12
0
0
1.24345e-11
8.88178e-13
5.63993e-11
3.55271e-12
-4.75175e-11
5.9952e-11
7.50511e-11
-6.12843e-11
0
-6.66134e-11
-4.44089e-13
-8.88178e-13
0
-3.55271e-12
2.22045e-12
5.32907e-12
-8.88178e-12
-5.63993e-11
-4.44089e-13
4.88498e-12
0
-4.44089e-13
-6.88338e-11
5.68434e-11
-1.46549e-11
-6.52811e-11
-6.03961e-11
0
0
-8.88178e-13
0
1.33227e-12
0
5.32907e-12
0
4.44089e-13
7.54952e-11
0
-6.30607e-11
6.21725e-11
4.44089e-13
8.88178e-13
6.88338e-11
4.44089e-12
6.79456e-11
6.52811e-11
0
-1.33227e-12
-6.43929e-11
6.57252e-11
1.19904e-11
1.77636e-12
5.59552e-11
6.08402e-11
5.41789e-11
6.08402e-11
-6.12843e-11
-1.33227e-12
)
;
    }
    left
    {
        type            calculated;
        value           nonuniform List<scalar> 
100
(
-991.258
-991.258
-991.258
-991.258
-991.258
-991.258
-991.258
-991.258
-991.258
-991.258
-991.258
-991.258
-991.258
-991.258
-991.258
-991.258
-991.258
-991.258
-991.258
-991.258
-991.258
-991.258
-991.258
-991.258
-991.258
-991.258
-991.258
-991.258
-991.258
-991.258
-991.258
-991.258
-991.258
-991.258
-991.258
-991.258
-991.258
-991.258
-991.258
-991.258
-991.258
-991.258
-991.258
-991.258
-991.258
-991.258
-991.258
-991.258
-991.258
-991.258
-991.258
-991.258
-991.258
-991.258
-991.258
-991.258
-991.258
-991.258
-991.258
-991.258
-991.258
-991.258
-991.258
-991.258
-991.258
-991.258
-991.258
-991.258
-991.258
-991.258
-991.258
-991.258
-991.258
-991.258
-991.258
-991.258
-991.258
-991.258
-991.258
-991.258
-991.258
-991.258
-991.258
-991.258
-991.258
-991.258
-991.258
-991.258
-991.258
-991.258
-991.258
-991.258
-991.258
-991.258
-991.258
-991.258
-991.258
-991.258
-991.258
-991.258
)
;
    }
    right
    {
        type            calculated;
        value           uniform 0;
    }
    lowerWall
    {
        type            calculated;
        value           nonuniform List<scalar> 
300
(
-497.81
-497.81
-497.81
-497.81
-497.81
-497.81
-497.81
-497.81
-497.81
-497.81
-2.18548
-2.18548
-2.18548
-2.18548
-2.18548
-2.18548
-2.18548
-2.18548
-2.18548
-2.18548
-0.00482618
-0.00482618
-0.00482618
-0.00482618
-0.00482618
-0.00482618
-0.00482618
-0.00482618
-0.00482618
-0.00482618
-7.13988e-06
-7.13988e-06
-7.1399e-06
-7.13989e-06
-7.13988e-06
-7.1399e-06
-7.13989e-06
-7.13986e-06
-7.13991e-06
-7.13988e-06
-8.00826e-09
-8.02647e-09
-8.01359e-09
-8.00027e-09
-8.0278e-09
-8.01359e-09
-8.00648e-09
-8.02647e-09
-7.9341e-09
-7.97273e-09
-2.4869e-11
-2.93099e-11
-2.9754e-11
-2.9754e-11
-1.68754e-11
4.26326e-11
2.53131e-11
-4.44089e-13
2.4869e-11
-2.57572e-11
6.08402e-11
7.32747e-11
0
6.26166e-11
7.37188e-11
-8.43769e-12
1.42109e-11
7.23865e-11
-5.77316e-11
4.44089e-13
0
3.55271e-12
7.28306e-11
0
6.03961e-11
0
-5.15143e-11
-6.03961e-11
0
-8.88178e-13
0
-6.35048e-11
-4.44089e-13
-6.26166e-11
-7.23865e-11
8.88178e-12
-1.33227e-11
0
-1.42109e-11
-6.08402e-11
5.59552e-11
4.44089e-13
-5.81757e-11
5.32907e-12
-6.30607e-11
-7.10543e-11
-1.77636e-12
-3.9968e-12
-5.24025e-11
8.88178e-13
1.77636e-12
-3.9968e-12
-2.22045e-12
2.22045e-12
-2.22045e-12
-1.77636e-12
1.24345e-11
-6.52811e-11
7.28306e-11
0
2.22045e-12
0
-1.77636e-12
-3.9968e-12
3.9968e-12
7.28306e-11
3.55271e-12
5.32907e-11
3.10862e-12
6.26166e-11
-2.66454e-12
6.43929e-11
1.77636e-12
0
1.37668e-11
-4.88498e-12
1.77636e-12
-9.76996e-12
-6.21725e-11
0
3.9968e-12
0
6.30607e-11
0
0
-6.21725e-11
6.21725e-11
-5.01821e-11
6.21725e-11
0
-3.9968e-12
2.22045e-12
-3.10862e-12
0
5.59552e-11
6.66134e-11
5.68434e-11
7.01661e-11
6.08402e-11
6.03961e-11
4.44089e-13
-1.06581e-11
-7.54952e-12
6.26166e-11
5.50671e-11
-4.44089e-12
-6.79456e-11
-3.10862e-12
-7.01661e-11
-2.22045e-12
0
-6.21725e-11
1.77636e-12
-8.88178e-13
-5.72875e-11
0
-5.77316e-11
-5.68434e-11
-5.81757e-11
2.22045e-12
-2.22045e-12
1.19904e-11
-5.41789e-11
-5.77316e-11
-5.37348e-11
6.21725e-12
6.66134e-12
0
5.32907e-12
-6.03961e-11
5.77316e-12
2.4869e-11
5.81757e-11
-3.9968e-12
5.72875e-11
-6.39488e-11
-2.66454e-12
-1.33227e-12
-3.10862e-12
-2.22045e-12
-3.9968e-12
-8.88178e-13
-1.77636e-12
0
-1.33227e-12
6.03961e-11
6.17284e-11
5.4623e-11
3.10862e-12
6.26166e-11
-5.77316e-12
-2.53131e-11
-7.06102e-11
-7.99361e-12
-5.55112e-11
-1.02141e-11
-1.02141e-11
6.17284e-11
-1.02141e-11
-6.12843e-11
2.22045e-12
-3.10862e-12
1.77636e-12
-3.9968e-12
8.88178e-13
-6.03961e-11
-6.70575e-11
-4.92939e-11
-3.9968e-12
-2.66454e-12
0
0
1.24345e-11
1.15463e-11
-1.33227e-12
1.28786e-11
7.54952e-11
-6.26166e-11
7.54952e-11
6.39488e-11
-2.22045e-12
3.10862e-12
6.12843e-11
-7.54952e-12
-1.33227e-12
6.03961e-11
6.70575e-11
2.39808e-11
6.70575e-11
2.22045e-12
1.77636e-12
-1.77636e-12
0
-4.44089e-13
0
0
0
5.19584e-11
0
0
0
0
-6.30607e-11
1.24345e-11
0
-6.30607e-11
0
-2.62013e-11
0
0
4.44089e-13
1.33227e-12
-7.99361e-12
6.08402e-11
1.77636e-12
0
-4.44089e-13
-4.9738e-11
-4.44089e-13
-4.44089e-13
0
0
0
0
0
0
0
-2.22045e-12
0
0
-5.9508e-11
5.81757e-11
6.66134e-11
0
5.55112e-11
6.43929e-11
1.33227e-12
0
1.33227e-12
-6.30607e-11
-5.81757e-11
5.77316e-11
5.81757e-11
6.08402e-11
5.81757e-11
6.4837e-11
1.33227e-12
3.9968e-12
1.33227e-12
-6.43929e-11
)
;
    }
    upperWall
    {
        type            calculated;
        value           nonuniform List<scalar> 
300
(
-497.81
-497.81
-497.81
-497.81
-497.81
-497.81
-497.81
-497.81
-497.81
-497.81
-2.18548
-2.18548
-2.18548
-2.18548
-2.18548
-2.18548
-2.18548
-2.18548
-2.18548
-2.18548
-0.00482618
-0.00482618
-0.00482618
-0.00482618
-0.00482618
-0.00482618
-0.00482618
-0.00482618
-0.00482618
-0.00482618
-7.13988e-06
-7.13988e-06
-7.13988e-06
-7.13991e-06
-7.13988e-06
-7.13991e-06
-7.13988e-06
-7.13988e-06
-7.13991e-06
-7.13991e-06
-7.97273e-09
-7.99227e-09
-8.00604e-09
-8.00293e-09
-8.0278e-09
-7.99316e-09
-8.0278e-09
-7.99361e-09
-8.0016e-09
-7.94742e-09
3.4639e-11
-3.24185e-11
-2.9754e-11
3.59712e-11
-2.9754e-11
4.30767e-11
-2.9754e-11
-2.93099e-11
4.30767e-11
-2.53131e-11
-6.21725e-12
6.03961e-11
2.22045e-12
-7.10543e-12
9.32587e-12
8.43769e-12
9.32587e-12
-2.22045e-12
-4.44089e-13
-6.17284e-11
-6.21725e-11
0
1.42109e-11
-6.17284e-11
0
4.44089e-13
1.42109e-11
7.23865e-11
-6.03961e-11
6.26166e-11
-5.32907e-11
-6.52811e-11
1.19904e-11
9.76996e-12
4.88498e-12
1.33227e-12
4.88498e-12
-4.88498e-12
-3.55271e-12
6.21725e-11
6.35048e-11
8.88178e-12
-1.24345e-11
-1.02141e-11
1.42109e-11
-6.35048e-11
-4.88498e-12
-6.52811e-11
-1.24345e-11
-6.12843e-11
6.12843e-11
3.55271e-12
-1.42109e-11
2.22045e-12
-4.44089e-12
3.9968e-12
0
-2.22045e-12
3.9968e-12
-1.77636e-12
0
6.66134e-11
0
-8.88178e-13
-4.44089e-12
6.52811e-11
4.44089e-12
6.75016e-11
1.24345e-11
-1.33227e-12
-8.88178e-13
-5.32907e-12
0
-4.88498e-12
0
-9.32587e-12
0
0
-8.88178e-12
-1.77636e-12
0
-6.12843e-11
1.19904e-11
1.19904e-11
0
0
-1.19904e-11
-3.64153e-11
1.77636e-12
6.17284e-11
4.44089e-13
4.44089e-12
2.66454e-12
5.77316e-12
6.39488e-11
-3.10862e-12
-1.19904e-11
7.4607e-11
6.75016e-11
-5.9508e-11
-2.22045e-12
-6.21725e-12
-1.46549e-11
5.81757e-11
4.44089e-13
-7.4607e-11
1.19904e-11
-2.84217e-11
-1.46549e-11
-6.08402e-11
1.77636e-12
6.30607e-11
0
-4.44089e-13
-5.9952e-11
7.54952e-12
7.54952e-12
0
-7.23865e-11
1.33227e-12
-6.03961e-11
7.10543e-12
0
-5.86198e-11
0
-8.88178e-13
-8.88178e-13
-8.88178e-13
-4.44089e-13
6.03961e-11
-2.22045e-12
-5.77316e-12
1.19904e-11
6.03961e-11
-4.44089e-12
-6.66134e-12
6.52811e-11
0
1.06581e-11
6.08402e-11
6.26166e-11
6.08402e-11
2.22045e-12
-1.15463e-11
2.22045e-12
9.76996e-12
-1.33227e-12
-1.02141e-11
2.22045e-12
8.88178e-13
-3.9968e-12
-5.9952e-11
4.44089e-13
-5.9952e-11
6.4837e-11
1.19904e-11
-6.21725e-11
-6.17284e-11
6.21725e-11
-4.44089e-12
-4.44089e-13
-6.70575e-11
6.83897e-11
6.79456e-11
5.81757e-11
4.44089e-13
1.77636e-12
1.5099e-11
7.99361e-12
-1.33227e-12
6.21725e-12
-8.88178e-13
-1.24345e-11
-8.88178e-13
-6.17284e-11
4.75175e-11
-1.24345e-11
1.77636e-12
-1.11022e-11
5.32907e-12
4.44089e-13
8.88178e-13
-5.59552e-11
-5.63993e-11
3.55271e-12
-8.88178e-13
-1.33227e-12
6.03961e-11
6.21725e-11
-3.9968e-12
0
0
-4.44089e-13
-4.44089e-13
0
-4.70735e-11
7.10543e-12
0
-4.70735e-11
-6.12843e-11
0
0
-1.19904e-11
-1.33227e-12
-6.21725e-11
4.88498e-12
0
-6.03961e-11
-6.39488e-11
-5.63993e-11
-6.43929e-11
-9.32587e-12
6.88338e-11
5.9952e-11
5.86198e-11
0
8.88178e-13
-4.88498e-12
-1.19904e-11
0
0
0
0
0
0
0
0
4.44089e-13
8.88178e-13
0
8.88178e-13
7.59393e-11
4.88498e-12
2.22045e-12
4.44089e-12
6.08402e-11
5.9952e-11
4.44089e-11
7.32747e-11
-1.33227e-12
-6.43929e-11
6.66134e-11
7.4607e-11
6.21725e-11
6.39488e-11
6.08402e-11
5.55112e-11
4.04121e-11
6.66134e-11
-1.33227e-12
)
;
    }
}


// ************************************************************************* //
