/*--------------------------------*- C++ -*----------------------------------*\
  =========                 |
  \\      /  F ield         | OpenFOAM: The Open Source CFD Toolbox
   \\    /   O peration     | Website:  https://openfoam.org
    \\  /    A nd           | Version:  10
     \\/     M anipulation  |
\*---------------------------------------------------------------------------*/
FoamFile
{
    format      ascii;
    class       volScalarField;
    location    "0.9";
    object      gradTx;
}
// * * * * * * * * * * * * * * * * * * * * * * * * * * * * * * * * * * * * * //

dimensions      [0 -1 0 1 0 0 0];

internalField   nonuniform List<scalar> 
3000
(
-498.206
-1.79026
-0.00323831
-3.92784e-06
-3.63176e-09
-1.37668e-11
4.92939e-11
0
0
4.4853e-11
-498.206
-1.79026
-0.00323831
-3.92786e-06
-3.62688e-09
-1.46549e-11
9.76996e-12
-5.32907e-12
-1.77636e-12
8.88178e-12
-498.206
-1.79026
-0.00323831
-3.92786e-06
-3.63443e-09
-1.59872e-11
4.44089e-13
5.86198e-11
-4.44089e-13
-4.66294e-11
-498.206
-1.79026
-0.00323831
-3.92781e-06
-3.57447e-09
-5.32907e-11
0
0
-5.06262e-11
4.44089e-12
-498.206
-1.79026
-0.00323831
-3.92784e-06
-3.62865e-09
-7.10543e-12
6.03961e-11
5.01821e-11
-5.81757e-11
-4.84057e-11
-498.206
-1.79026
-0.00323831
-3.92786e-06
-3.61666e-09
-1.55431e-11
-1.02141e-11
5.86198e-11
1.02141e-11
-5.68434e-11
-498.206
-1.79026
-0.00323831
-3.92783e-06
-3.57003e-09
2.22045e-11
2.22045e-12
0
-5.86198e-11
1.42109e-11
-498.206
-1.79026
-0.00323831
-3.92786e-06
-3.6362e-09
-2.13163e-11
4.92939e-11
7.54952e-12
-5.68434e-11
-3.55271e-12
-498.206
-1.79026
-0.00323831
-3.92783e-06
-3.58424e-09
-5.01821e-11
-4.70735e-11
3.90799e-11
-1.19904e-11
-3.95239e-11
-498.206
-1.79026
-0.00323831
-3.92784e-06
-3.60201e-09
3.4639e-11
-6.21725e-12
-5.06262e-11
-4.21885e-11
5.24025e-11
-498.206
-1.79026
-0.00323831
-3.92784e-06
-3.6442e-09
-1.77636e-11
5.9508e-11
3.10862e-12
-5.19584e-11
8.88178e-13
-498.206
-1.79026
-0.00323831
-3.92786e-06
-3.64553e-09
-5.77316e-12
2.84217e-11
-1.46549e-11
5.77316e-12
1.33227e-12
-498.206
-1.79026
-0.00323831
-3.92789e-06
-3.61977e-09
-1.06581e-11
2.66454e-12
3.64153e-11
0
-1.90958e-11
-498.206
-1.79026
-0.00323831
-3.92784e-06
-3.61533e-09
-3.19744e-11
-7.10543e-12
0
-1.19904e-11
-1.5099e-11
-498.206
-1.79026
-0.00323831
-3.92787e-06
-3.6473e-09
4.88498e-12
3.28626e-11
0
-3.06422e-11
1.33227e-12
-498.206
-1.79026
-0.00323831
-3.92789e-06
-3.63576e-09
-1.06581e-11
2.66454e-12
3.64153e-11
0
-7.99361e-12
-498.206
-1.79026
-0.00323831
-3.92784e-06
-3.65175e-09
-7.54952e-12
3.33067e-11
0
-3.10862e-11
-1.73195e-11
-498.206
-1.79026
-0.00323831
-3.92786e-06
-3.62022e-09
-4.04121e-11
1.77636e-12
0
-2.62013e-11
2.62013e-11
-498.206
-1.79026
-0.00323831
-3.92786e-06
-3.61533e-09
-1.68754e-11
-5.32907e-12
-2.22045e-11
-3.06422e-11
1.59872e-11
-498.206
-1.79026
-0.00323831
-3.92785e-06
-3.61622e-09
-1.82077e-11
4.84057e-11
0
-5.37348e-11
7.54952e-12
-498.206
-1.79026
-0.00323831
-3.92786e-06
-3.63443e-09
-1.59872e-11
4.44089e-13
5.86198e-11
-4.44089e-13
-4.66294e-11
-498.206
-1.79026
-0.00323831
-3.92789e-06
-3.63576e-09
1.55431e-11
4.88498e-12
1.02141e-11
-2.22045e-12
1.77636e-12
-498.206
-1.79026
-0.00323831
-3.92787e-06
-3.59845e-09
-3.9968e-11
0
-2.22045e-12
-3.64153e-11
3.64153e-11
-498.206
-1.79026
-0.00323831
-3.92786e-06
-3.64775e-09
-5.77316e-12
3.06422e-11
-1.68754e-11
-1.37668e-11
4.44089e-12
-498.206
-1.79026
-0.00323831
-3.92789e-06
-3.63487e-09
-1.06581e-11
2.22045e-12
0
-2.22045e-12
3.06422e-11
-498.206
-1.79026
-0.00323831
-3.92786e-06
-3.63265e-09
-4.79616e-11
3.64153e-11
-2.22045e-12
-8.43769e-12
3.73035e-11
-498.206
-1.79026
-0.00323831
-3.92787e-06
-3.63531e-09
-8.43769e-12
1.68754e-11
0
-1.46549e-11
1.46549e-11
-498.206
-1.79026
-0.00323831
-3.92785e-06
-3.62199e-09
-4.35207e-11
-7.99361e-12
0
-2.9754e-11
2.75335e-11
-498.206
-1.79026
-0.00323831
-3.92787e-06
-3.65219e-09
-8.43769e-12
2.22045e-12
-2.22045e-12
2.57572e-11
1.64313e-11
-498.206
-1.79026
-0.00323831
-3.92785e-06
-3.6291e-09
-1.5099e-11
1.77636e-12
1.15463e-11
9.76996e-12
-9.76996e-12
-498.206
-1.79026
-0.00323831
-3.92785e-06
-3.62421e-09
-1.77636e-11
5.06262e-11
0
-5.06262e-11
4.44089e-12
-498.206
-1.79026
-0.00323831
-3.92787e-06
-3.63132e-09
3.9968e-12
8.43769e-12
0
-1.15463e-11
3.10862e-12
-498.206
-1.79026
-0.00323831
-3.92787e-06
-3.64775e-09
-8.43769e-12
6.66134e-12
2.57572e-11
1.02141e-11
4.44089e-13
-498.206
-1.79026
-0.00323831
-3.92787e-06
-3.63753e-09
-4.88498e-12
9.76996e-12
0
-1.90958e-11
8.88178e-13
-498.206
-1.79026
-0.00323831
-3.92784e-06
-3.6362e-09
-3.37508e-11
-2.39808e-11
1.9984e-11
3.15303e-11
-3.24185e-11
-498.206
-1.79026
-0.00323831
-3.92784e-06
-3.61533e-09
-1.24345e-11
-5.32907e-12
-4.88498e-12
-3.10862e-11
-8.88178e-12
-498.206
-1.79026
-0.00323831
-3.92786e-06
-3.61711e-09
-3.33067e-11
-2.66454e-11
1.9984e-11
3.15303e-11
-3.24185e-11
-498.206
-1.79026
-0.00323831
-3.92789e-06
-3.66418e-09
1.46549e-11
2.57572e-11
0
8.88178e-13
1.77636e-12
-498.206
-1.79026
-0.00323831
-3.92784e-06
-3.6362e-09
-2.62013e-11
4.88498e-12
-1.46549e-11
-3.06422e-11
1.68754e-11
-498.206
-1.79026
-0.00323831
-3.92786e-06
-3.62732e-09
3.59712e-11
-5.77316e-12
-5.01821e-11
7.99361e-12
-8.43769e-12
-498.206
-1.79026
-0.00323831
-3.92784e-06
-3.64642e-09
-5.32907e-12
6.03961e-11
4.84057e-11
-5.81757e-11
-5.15143e-11
-498.206
-1.79026
-0.00323831
-3.92787e-06
-3.66329e-09
1.5099e-11
3.06422e-11
-1.02141e-11
-2.84217e-11
1.24345e-11
-498.206
-1.79026
-0.00323831
-3.92787e-06
-3.60378e-09
-7.99361e-12
-3.41949e-11
-2.22045e-12
-2.22045e-12
2.22045e-12
-498.206
-1.79026
-0.00323831
-3.92786e-06
-3.64775e-09
1.33227e-11
7.10543e-12
-3.64153e-11
1.24345e-11
3.10862e-11
-498.206
-1.79026
-0.00323831
-3.92787e-06
-3.66329e-09
-1.11022e-11
2.70894e-11
8.88178e-13
-2.79776e-11
2.70894e-11
-498.206
-1.79026
-0.00323831
-3.92787e-06
-3.65219e-09
-8.43769e-12
3.10862e-11
-2.22045e-12
-3.9968e-12
1.77636e-11
-498.206
-1.79026
-0.00323831
-3.92787e-06
-3.63976e-09
-1.06581e-11
2.70894e-11
8.88178e-13
0
2.70894e-11
-498.206
-1.79026
-0.00323831
-3.9279e-06
-3.61755e-09
1.68754e-11
-1.06581e-11
0
-6.21725e-12
-2.17604e-11
-498.206
-1.79026
-0.00323831
-3.92787e-06
-3.64775e-09
-8.43769e-12
3.4639e-11
-2.22045e-12
-6.66134e-12
3.55271e-11
-498.206
-1.79026
-0.00323831
-3.92785e-06
-3.64686e-09
-1.5099e-11
7.10543e-12
-4.44089e-13
5.32907e-12
1.11022e-11
-498.206
-1.79026
-0.00323831
-3.92786e-06
-3.63443e-09
4.26326e-11
-7.54952e-12
0
7.99361e-12
-5.68434e-11
-498.206
-1.79026
-0.00323831
-3.92789e-06
-3.63576e-09
-1.06581e-11
2.66454e-12
3.64153e-11
-1.42109e-11
-4.44089e-12
-498.206
-1.79026
-0.00323831
-3.9279e-06
-3.63309e-09
-1.06581e-11
2.84217e-11
0
-2.84217e-11
2.84217e-11
-498.206
-1.79026
-0.00323831
-3.92787e-06
-3.61533e-09
1.9984e-11
-5.32907e-12
-3.10862e-11
0
2.88658e-11
-498.206
-1.79026
-0.00323831
-3.9279e-06
-3.65219e-09
1.5099e-11
3.64153e-11
0
-3.64153e-11
1.02141e-11
-498.206
-1.79026
-0.00323831
-3.92787e-06
-3.6664e-09
-8.43769e-12
2.84217e-11
-2.22045e-12
-4.44089e-13
3.9968e-12
-498.206
-1.79026
-0.00323831
-3.92787e-06
-3.60867e-09
-1.15463e-11
-1.37668e-11
2.79776e-11
1.02141e-11
-1.02141e-11
-498.206
-1.79026
-0.00323831
-3.92787e-06
-3.63132e-09
-3.10862e-12
-2.22045e-11
4.44089e-13
1.02141e-11
-1.28786e-11
-498.206
-1.79026
-0.00323831
-3.92787e-06
-3.60423e-09
5.77316e-12
-1.02141e-11
1.42109e-11
-1.55431e-11
-1.06581e-11
-498.206
-1.79026
-0.00323831
-3.92787e-06
-3.61844e-09
4.35207e-11
6.66134e-12
4.44089e-13
1.33227e-12
-5.19584e-11
-498.206
-1.79026
-0.00323831
-3.92785e-06
-3.62821e-09
2.57572e-11
1.11022e-11
-3.90799e-11
-1.15463e-11
-8.88178e-13
-498.206
-1.79026
-0.00323831
-3.92788e-06
-3.66374e-09
1.19904e-11
3.10862e-11
0
-3.06422e-11
3.10862e-12
-498.206
-1.79026
-0.00323831
-3.92787e-06
-3.63753e-09
-8.43769e-12
0
0
2.57572e-11
2.84217e-11
-498.206
-1.79026
-0.00323831
-3.92786e-06
-3.61622e-09
-6.21725e-12
-2.39808e-11
1.95399e-11
2.93099e-11
-3.41949e-11
-498.206
-1.79026
-0.00323831
-3.92787e-06
-3.66063e-09
-1.15463e-11
2.4869e-11
3.10862e-12
0
-8.88178e-13
-498.206
-1.79026
-0.00323831
-3.92787e-06
-3.65619e-09
1.73195e-11
1.68754e-11
-1.02141e-11
-3.9968e-12
2.22045e-12
-498.206
-1.79026
-0.00323831
-3.92787e-06
-3.61178e-09
-1.15463e-11
-2.4869e-11
0
2.4869e-11
2.22045e-12
-498.206
-1.79026
-0.00323831
-3.9279e-06
-3.64242e-09
-8.88178e-12
-1.11022e-11
2.57572e-11
2.08722e-11
-2.08722e-11
-498.206
-1.79026
-0.00323831
-3.92787e-06
-3.61178e-09
1.64313e-11
-8.88178e-13
-2.57572e-11
-1.02141e-11
3.37508e-11
-498.206
-1.79026
-0.00323831
-3.92785e-06
-3.64686e-09
-1.5099e-11
6.66134e-12
1.19904e-11
4.44089e-12
-4.44089e-12
-498.206
-1.79026
-0.00323831
-3.92782e-06
-3.64642e-09
-4.44089e-13
5.90639e-11
-4.88498e-11
0
-3.55271e-12
-498.206
-1.79026
-0.00323831
-3.92784e-06
-3.62022e-09
-1.19904e-11
1.77636e-12
-1.77636e-12
-4.44089e-13
2.22045e-12
-498.206
-1.79026
-0.00323831
-3.92786e-06
-3.62288e-09
-2.93099e-11
-6.21725e-12
-1.5099e-11
-2.75335e-11
2.75335e-11
-498.206
-1.79026
-0.00323831
-3.92789e-06
-3.66462e-09
-8.88178e-12
1.77636e-12
2.66454e-12
-2.22045e-12
2.62013e-11
-498.206
-1.79026
-0.00323831
-3.92786e-06
-3.60734e-09
-4.17444e-11
-2.44249e-11
3.24185e-11
1.11022e-11
-2.84217e-11
-498.206
-1.79026
-0.00323831
-3.92786e-06
-3.606e-09
-3.37508e-11
-2.17604e-11
0
1.06581e-11
2.17604e-11
-498.206
-1.79026
-0.00323831
-3.92788e-06
-3.6402e-09
-8.88178e-12
-1.33227e-11
2.39808e-11
1.06581e-11
-1.95399e-11
-498.206
-1.79026
-0.00323831
-3.92789e-06
-3.63309e-09
-9.32587e-12
2.84217e-11
0
-2.53131e-11
0
-498.206
-1.79026
-0.00323831
-3.92788e-06
-3.6402e-09
1.64313e-11
-1.28786e-11
-2.57572e-11
-6.21725e-12
3.64153e-11
-498.206
-1.79026
-0.00323831
-3.92785e-06
-3.61977e-09
-1.5099e-11
-1.77636e-12
5.86198e-11
-3.55271e-12
-5.32907e-11
-498.206
-1.79026
-0.00323831
-3.92787e-06
-3.56959e-09
2.4869e-11
-4.66294e-11
0
-1.19904e-11
-3.95239e-11
-498.206
-1.79026
-0.00323831
-3.92789e-06
-3.62776e-09
1.24345e-11
-5.32907e-12
-2.22045e-11
-3.06422e-11
1.59872e-11
-498.206
-1.79026
-0.00323831
-3.92787e-06
-3.63309e-09
-8.43769e-12
2.22045e-12
-2.22045e-12
-2.22045e-12
1.68754e-11
-498.206
-1.79026
-0.00323831
-3.92785e-06
-3.64775e-09
-1.42109e-11
3.15303e-11
-3.4639e-11
-1.11022e-11
-4.44089e-13
-498.206
-1.79026
-0.00323831
-3.92787e-06
-3.65219e-09
1.5099e-11
2.75335e-11
-4.44089e-13
-2.70894e-11
-2.39808e-11
-498.206
-1.79026
-0.00323831
-3.92787e-06
-3.60467e-09
1.64313e-11
-7.99361e-12
-2.53131e-11
-3.55271e-12
1.68754e-11
-498.206
-1.79026
-0.00323831
-3.92787e-06
-3.64642e-09
-1.15463e-11
1.11022e-11
1.33227e-12
8.88178e-13
-2.22045e-12
-498.206
-1.79026
-0.00323831
-3.92786e-06
-3.62155e-09
4.44089e-12
-1.06581e-11
5.32907e-12
2.93099e-11
-2.44249e-11
-498.206
-1.79026
-0.00323831
-3.92787e-06
-3.65086e-09
-8.43769e-12
2.93099e-11
1.68754e-11
-3.10862e-11
-1.73195e-11
-498.206
-1.79026
-0.00323831
-3.92787e-06
-3.6251e-09
4.30767e-11
-4.44089e-13
-4.84057e-11
-2.66454e-12
-1.02141e-11
-498.206
-1.79026
-0.00323831
-3.92784e-06
-3.60201e-09
-1.42109e-11
4.44089e-13
-1.33227e-12
-4.92939e-11
1.33227e-12
-498.206
-1.79026
-0.00323831
-3.92785e-06
-3.63132e-09
-1.64313e-11
0
-2.22045e-12
-1.33227e-12
6.12843e-11
-498.206
-1.79026
-0.00323831
-3.92785e-06
-3.64597e-09
-1.37668e-11
-4.44089e-13
1.02141e-11
0
-9.76996e-12
-498.206
-1.79026
-0.00323831
-3.92781e-06
-3.62821e-09
0
3.55271e-12
-4.84057e-11
5.77316e-12
0
-498.206
-1.79026
-0.00323831
-3.92785e-06
-3.62821e-09
-1.59872e-11
0
1.19904e-11
0
-1.19904e-11
-498.206
-1.79026
-0.00323831
-3.92784e-06
-3.62821e-09
-2.4869e-11
6.66134e-12
2.22045e-12
1.77636e-12
5.32907e-12
-498.206
-1.79026
-0.00323831
-3.92783e-06
-3.63798e-09
-1.37668e-11
2.66454e-12
-2.66454e-12
-1.19904e-11
-8.43769e-12
-498.206
-1.79026
-0.00323831
-3.92784e-06
-3.63265e-09
-1.77636e-11
-1.33227e-12
4.88498e-12
-3.9968e-12
-6.21725e-12
-498.206
-1.79026
-0.00323831
-3.92784e-06
-3.64375e-09
-2.4869e-11
5.01821e-11
1.02141e-11
-5.01821e-11
4.84057e-11
-498.206
-1.79026
-0.00323831
-3.92787e-06
-3.58202e-09
-1.42109e-11
-4.9738e-11
5.10703e-11
5.06262e-11
-5.01821e-11
1.77636e-12
2.22045e-12
-2.66454e-12
3.9968e-12
-3.9968e-12
4.44089e-13
0
-2.22045e-12
5.77316e-12
-3.9968e-12
-3.55271e-12
0
4.88498e-12
0
4.88498e-11
-3.9968e-12
-4.9738e-11
4.88498e-12
1.33227e-11
-4.44089e-13
-1.77636e-12
-1.77636e-12
1.77636e-12
-8.88178e-13
4.57412e-11
-3.9968e-12
-4.66294e-11
4.88498e-12
-8.88178e-13
-1.33227e-12
1.77636e-12
4.4853e-11
0
0
-1.02141e-11
2.22045e-12
9.76996e-12
-4.66294e-11
-3.55271e-12
0
4.57412e-11
0
-3.9968e-11
5.10703e-11
3.9968e-12
-5.4623e-11
-4.44089e-13
3.9968e-12
4.52971e-11
-4.44089e-13
-1.77636e-12
5.86198e-11
8.88178e-13
-5.06262e-11
4.57412e-11
-3.9968e-12
3.9968e-12
5.77316e-12
-5.24025e-11
-1.33227e-12
6.66134e-12
-5.15143e-11
-4.44089e-13
0
3.55271e-12
-3.10862e-12
-4.44089e-13
3.9968e-12
4.61853e-11
-1.33227e-12
-1.77636e-12
-2.66454e-12
5.68434e-11
5.77316e-12
2.22045e-12
-9.76996e-12
-4.92939e-11
0
0
2.22045e-12
5.77316e-11
3.55271e-12
4.44089e-13
5.06262e-11
-1.77636e-12
-1.02141e-11
-4.57412e-11
-4.39648e-11
4.61853e-11
2.66454e-12
4.9738e-11
0
-8.88178e-13
0
4.44089e-13
-2.22045e-12
1.77636e-12
-4.88498e-11
-2.22045e-12
5.10703e-11
-3.55271e-12
0
5.24025e-11
0
1.33227e-12
-8.43769e-12
-4.9738e-11
9.32587e-12
1.33227e-11
-4.44089e-13
-5.32907e-12
1.82077e-11
8.43769e-12
5.77316e-12
-5.77316e-12
1.77636e-12
-4.88498e-12
8.88178e-12
4.88498e-12
-3.4639e-11
-3.06422e-11
1.11022e-11
0
0
3.77476e-11
6.66134e-12
-8.88178e-12
-3.5083e-11
9.32587e-12
3.68594e-11
-1.73195e-11
1.59872e-11
0
0
3.06422e-11
1.46549e-11
-1.33227e-12
-9.32587e-12
-9.76996e-12
5.77316e-12
2.35367e-11
1.15463e-11
-1.64313e-11
-2.22045e-11
2.79776e-11
3.10862e-12
-8.88178e-12
1.55431e-11
8.88178e-12
-5.32907e-12
-1.46549e-11
0
1.42109e-11
9.32587e-12
7.10543e-12
-1.5099e-11
-9.32587e-12
-2.22045e-11
9.32587e-12
2.84217e-11
-2.22045e-12
1.11022e-11
2.22045e-11
1.33227e-12
1.59872e-11
-7.99361e-12
0
7.99361e-12
-1.77636e-11
-1.77636e-12
-4.44089e-12
-1.11022e-11
3.41949e-11
1.06581e-11
1.33227e-12
-3.06422e-11
-4.44089e-12
0
0
3.24185e-11
1.59872e-11
0
1.42109e-11
9.32587e-12
7.54952e-12
-1.55431e-11
0
-2.22045e-11
0
3.73035e-11
2.66454e-12
5.4623e-11
-3.9968e-12
-5.06262e-11
3.9968e-12
-4.88498e-12
5.15143e-11
5.77316e-12
-5.77316e-12
4.9738e-11
-1.77636e-12
-1.77636e-12
1.77636e-12
5.10703e-11
-2.66454e-12
-7.54952e-12
1.77636e-12
-4.35207e-11
4.66294e-11
-8.88178e-13
-1.5099e-11
-9.32587e-12
-1.55431e-11
8.88178e-12
3.77476e-11
-1.55431e-11
-9.32587e-12
-2.22045e-11
9.32587e-12
1.90958e-11
2.22045e-11
-3.19744e-11
7.99361e-12
1.24345e-11
-1.28786e-11
-1.02141e-11
1.5099e-11
2.39808e-11
-1.59872e-11
6.21725e-12
1.73195e-11
1.82077e-11
-9.32587e-12
1.02141e-11
3.55271e-12
1.77636e-12
0
-9.76996e-12
-2.22045e-11
-2.08722e-11
3.06422e-11
-2.88658e-11
0
0
-2.79776e-11
2.79776e-11
0
0
0
-2.79776e-11
-2.79776e-11
-1.73195e-11
3.37508e-11
0
-1.73195e-11
-1.95399e-11
2.13163e-11
0
-1.82077e-11
1.90958e-11
9.76996e-12
0
0
-1.42109e-11
4.44089e-12
2.79776e-11
0
-1.82077e-11
-1.42109e-11
1.82077e-11
2.75335e-11
-2.35367e-11
2.66454e-12
2.39808e-11
-2.44249e-11
-4.88498e-12
3.55271e-12
1.06581e-11
2.17604e-11
-1.77636e-12
7.10543e-12
-4.44089e-13
-3.41949e-11
-1.46549e-11
0
1.37668e-11
1.68754e-11
1.86517e-11
0
-3.10862e-12
-1.15463e-11
0
0
9.32587e-12
2.22045e-12
-1.15463e-11
0
0
9.32587e-12
2.22045e-12
1.77636e-12
-3.55271e-12
0
0
0
5.06262e-11
-4.44089e-13
-4.66294e-11
-3.55271e-12
0
-1.77636e-11
-1.06581e-11
0
-8.88178e-13
4.44089e-12
1.5099e-11
3.41949e-11
-3.41949e-11
-8.88178e-13
3.10862e-11
-5.32907e-12
-5.32907e-12
1.28786e-11
1.02141e-11
3.55271e-12
-3.10862e-12
0
8.88178e-12
4.88498e-12
-1.02141e-11
6.21725e-12
-1.02141e-11
7.99361e-12
1.06581e-11
-2.57572e-11
5.77316e-12
0
1.33227e-12
2.88658e-11
-1.9984e-11
-3.55271e-11
0
3.37508e-11
2.70894e-11
-3.01981e-11
-3.15303e-11
8.88178e-13
0
3.37508e-11
3.9968e-12
0
-1.02141e-11
2.79776e-11
2.53131e-11
1.33227e-12
3.10862e-12
-4.44089e-13
-5.77316e-12
4.88498e-12
7.99361e-12
-1.77636e-12
0
-7.54952e-12
2.66454e-11
4.44089e-12
-2.88658e-11
4.44089e-13
3.19744e-11
-1.33227e-12
-3.01981e-11
-1.06581e-11
4.88498e-12
4.44089e-13
-8.88178e-12
-1.02141e-11
-2.79776e-11
-2.66454e-12
0
2.66454e-12
3.68594e-11
1.42109e-11
0
2.04281e-11
0
-4.88498e-12
9.76996e-12
-2.62013e-11
8.43769e-12
1.5099e-11
-1.64313e-11
1.77636e-12
0
-4.88498e-12
9.76996e-12
5.32907e-12
4.70735e-11
-4.44089e-13
-4.75175e-11
4.92939e-11
-9.76996e-12
-1.77636e-12
3.10862e-12
1.15463e-11
0
4.4853e-11
4.30767e-11
-4.52971e-11
-4.26326e-11
4.52971e-11
-4.44089e-13
3.41949e-11
8.43769e-12
-2.35367e-11
0
2.53131e-11
-1.24345e-11
0
-2.26485e-11
-1.82077e-11
1.77636e-11
3.86358e-11
1.77636e-11
-8.43769e-12
-1.77636e-11
-2.79776e-11
7.54952e-12
2.22045e-12
2.04281e-11
-2.22045e-12
-2.79776e-11
-1.90958e-11
7.54952e-12
3.5083e-11
-3.19744e-11
-3.06422e-11
-6.66134e-12
0
2.22045e-11
1.77636e-12
-1.82077e-11
3.06422e-11
-4.44089e-13
0
4.44089e-13
-2.66454e-12
2.66454e-12
-2.75335e-11
0
2.75335e-11
-2.66454e-12
-1.59872e-11
1.95399e-11
2.35367e-11
0
-9.32587e-12
-1.77636e-12
-9.76996e-12
-2.22045e-11
1.95399e-11
4.88498e-12
6.66134e-12
0
0
-2.53131e-11
-3.19744e-11
3.24185e-11
2.4869e-11
0
-2.4869e-11
-1.77636e-11
2.22045e-12
0
3.24185e-11
2.35367e-11
-2.84217e-11
-4.88498e-12
2.84217e-11
1.33227e-12
-3.55271e-12
7.99361e-12
-1.19904e-11
8.88178e-13
-1.64313e-11
0
2.9754e-11
-1.95399e-11
5.32907e-12
0
0
1.02141e-11
-3.9968e-12
-4.44089e-12
0
0
5.28466e-11
4.44089e-13
-4.88498e-11
0
-4.44089e-12
2.22045e-12
-1.77636e-12
5.86198e-11
-3.9968e-12
-5.06262e-11
5.4623e-11
-3.9968e-12
0
4.88498e-12
-5.15143e-11
4.88498e-11
1.86517e-11
6.21725e-12
-1.06581e-11
0
1.24345e-11
-2.79776e-11
0
2.70894e-11
-9.76996e-12
1.77636e-12
0
4.44089e-13
-4.44089e-13
-2.39808e-11
3.06422e-11
2.22045e-12
7.10543e-12
-6.21725e-12
-1.77636e-12
1.9984e-11
-1.33227e-12
-2.13163e-11
-3.01981e-11
-2.66454e-12
3.28626e-11
1.19904e-11
-4.88498e-12
1.42109e-11
-1.86517e-11
4.44089e-13
3.01981e-11
-3.55271e-12
3.55271e-12
-1.33227e-11
-3.15303e-11
1.06581e-11
1.46549e-11
0
0
6.21725e-12
-2.66454e-12
3.41949e-11
1.02141e-11
-1.86517e-11
-1.86517e-11
-1.95399e-11
-1.24345e-11
2.4869e-11
1.55431e-11
1.15463e-11
6.66134e-12
1.37668e-11
1.33227e-12
4.88498e-12
-3.28626e-11
-1.77636e-12
1.46549e-11
0
1.02141e-11
-3.10862e-12
1.90958e-11
0
-9.76996e-12
-4.44089e-13
-1.9984e-11
2.93099e-11
2.84217e-11
-1.33227e-12
-1.77636e-12
4.44089e-13
3.15303e-11
0
-8.88178e-12
-2.66454e-12
-2.30926e-11
1.77636e-11
1.68754e-11
0
-2.22045e-12
-3.10862e-12
3.55271e-12
5.32907e-11
-7.10543e-12
4.44089e-13
-2.66454e-12
-6.08402e-11
4.88498e-12
0
-4.88498e-12
7.10543e-12
9.32587e-12
3.55271e-12
1.77636e-12
5.06262e-11
4.52971e-11
-5.55112e-11
-4.61853e-11
5.77316e-12
-2.22045e-12
5.01821e-11
3.01981e-11
-9.32587e-12
-4.88498e-12
8.88178e-12
1.24345e-11
-2.79776e-11
-8.88178e-12
2.62013e-11
0
-1.64313e-11
6.66134e-12
-1.42109e-11
-7.99361e-12
1.95399e-11
0
-1.33227e-12
5.32907e-12
-1.33227e-12
5.32907e-12
-3.19744e-11
-3.37508e-11
2.88658e-11
2.30926e-11
2.66454e-12
4.44089e-12
-7.10543e-12
-2.66454e-11
-2.39808e-11
8.88178e-13
2.84217e-11
-1.5099e-11
2.62013e-11
-2.22045e-12
-9.32587e-12
2.66454e-11
1.5099e-11
-8.88178e-12
-2.22045e-11
-1.06581e-11
-9.76996e-12
8.88178e-13
0
6.21725e-12
-1.33227e-11
-2.22045e-11
9.32587e-12
3.9968e-12
6.66134e-12
3.28626e-11
1.42109e-11
-1.11022e-11
1.77636e-12
6.66134e-12
1.55431e-11
-2.22045e-11
-3.9968e-12
2.22045e-12
0
1.46549e-11
2.04281e-11
-7.99361e-12
0
4.44089e-13
-4.44089e-13
-1.37668e-11
2.84217e-11
2.79776e-11
-3.55271e-12
-8.88178e-13
3.10862e-12
2.04281e-11
-1.68754e-11
-1.06581e-11
-2.66454e-12
9.76996e-12
8.88178e-12
-3.24185e-11
-1.33227e-12
2.53131e-11
-2.44249e-11
0
3.9968e-12
0
-9.76996e-12
-8.88178e-12
8.88178e-12
5.77316e-12
-4.44089e-13
5.32907e-11
-1.33227e-12
-5.32907e-11
4.08562e-11
-7.10543e-12
-3.86358e-11
5.68434e-11
-3.9968e-12
-4.52971e-11
0
-4.44089e-13
4.26326e-11
-2.22045e-12
6.21725e-12
-3.15303e-11
-8.88178e-13
3.33067e-11
-6.66134e-12
-4.44089e-13
-1.37668e-11
4.88498e-12
4.88498e-12
-2.22045e-12
4.44089e-13
2.44249e-11
0
1.42109e-11
4.88498e-12
-2.88658e-11
-8.88178e-13
2.13163e-11
8.88178e-13
1.59872e-11
5.32907e-12
0
0
-1.02141e-11
-3.68594e-11
4.44089e-13
-4.44089e-13
2.39808e-11
2.04281e-11
1.06581e-11
0
-2.75335e-11
-4.44089e-13
3.01981e-11
1.55431e-11
7.54952e-12
-4.44089e-12
-4.88498e-12
1.73195e-11
1.86517e-11
-7.54952e-12
-1.77636e-12
7.99361e-12
-2.53131e-11
-2.84217e-11
0
2.44249e-11
-5.32907e-12
-3.33067e-11
0
4.44089e-13
0
-4.44089e-13
-7.54952e-12
2.39808e-11
2.75335e-11
7.99361e-12
-6.66134e-12
-3.55271e-12
1.68754e-11
2.70894e-11
-2.44249e-11
-8.43769e-12
3.15303e-11
-2.30926e-11
5.77316e-12
0
-1.42109e-11
7.10543e-12
2.75335e-11
-7.54952e-12
-1.19904e-11
7.99361e-12
1.86517e-11
-1.64313e-11
-2.4869e-11
-6.21725e-12
-5.32907e-12
1.46549e-11
-1.77636e-12
5.50671e-11
0
-3.68594e-11
6.08402e-11
-1.64313e-11
0
-8.88178e-13
0
-7.99361e-12
5.86198e-11
2.66454e-12
-5.06262e-11
5.10703e-11
4.88498e-11
-5.72875e-11
-4.61853e-11
3.55271e-12
-2.22045e-12
2.66454e-12
3.64153e-11
-4.44089e-13
-2.39808e-11
4.44089e-12
2.57572e-11
-7.99361e-12
-8.88178e-12
-2.30926e-11
-8.43769e-12
3.5083e-11
0
8.88178e-13
3.37508e-11
-4.44089e-13
-3.41949e-11
-1.02141e-11
3.06422e-11
-6.21725e-12
-1.42109e-11
2.22045e-12
-1.90958e-11
1.33227e-12
3.64153e-11
2.84217e-11
-4.88498e-12
3.10862e-12
-2.66454e-11
-8.43769e-12
0
3.55271e-12
3.01981e-11
2.22045e-12
3.55271e-12
3.15303e-11
-7.10543e-12
-6.21725e-12
8.88178e-13
0
4.44089e-13
-2.75335e-11
9.32587e-12
4.44089e-13
-1.86517e-11
0
2.08722e-11
5.32907e-12
-2.26485e-11
3.9968e-12
2.57572e-11
7.99361e-12
6.66134e-12
2.84217e-11
4.44089e-13
-2.84217e-11
1.33227e-12
3.41949e-11
-3.59712e-11
0
1.59872e-11
-3.24185e-11
-3.64153e-11
4.44089e-13
0
2.66454e-12
6.21725e-12
1.28786e-11
2.84217e-11
-6.21725e-12
-1.46549e-11
8.88178e-12
3.4639e-11
2.84217e-11
1.33227e-12
-2.88658e-11
-3.55271e-11
3.24185e-11
1.95399e-11
8.88178e-13
-1.9984e-11
-4.44089e-12
2.66454e-12
1.02141e-11
-6.66134e-12
1.77636e-12
5.37348e-11
-1.24345e-11
-5.77316e-11
-8.88178e-13
9.32587e-12
2.22045e-12
0
5.10703e-11
0
0
4.88498e-11
-2.22045e-12
2.22045e-12
-4.88498e-11
-2.22045e-12
5.10703e-11
4.84057e-11
-5.10703e-11
-5.19584e-11
4.61853e-11
5.50671e-11
-4.52971e-11
-5.06262e-11
-9.76996e-12
0
5.32907e-12
4.70735e-11
0
-4.75175e-11
0
5.90639e-11
5.15143e-11
-5.68434e-11
-6.21725e-12
0
-4.52971e-11
0
0
-3.55271e-12
-9.76996e-12
5.32907e-12
4.44089e-12
-1.02141e-11
5.24025e-11
7.99361e-12
-5.68434e-11
4.70735e-11
1.02141e-11
6.66134e-12
-2.66454e-12
-4.52971e-11
3.9968e-11
-8.88178e-12
4.44089e-13
0
-3.55271e-11
-8.88178e-13
5.37348e-11
-4.44089e-13
0
5.01821e-11
-1.33227e-12
-4.84057e-11
-5.06262e-11
-8.43769e-12
-1.33227e-12
5.86198e-11
1.02141e-11
4.44089e-13
-9.32587e-12
0
7.10543e-12
-5.86198e-11
5.01821e-11
5.9952e-11
-5.10703e-11
0
5.50671e-11
0
0
2.22045e-11
-4.9738e-11
-1.24345e-11
-1.77636e-12
-8.88178e-12
8.88178e-13
-8.43769e-12
2.22045e-12
-4.44089e-13
-5.06262e-11
1.19904e-11
-1.02141e-11
4.44089e-13
-4.44089e-13
-9.76996e-12
5.86198e-11
-1.77636e-12
-8.88178e-13
-1.77636e-12
5.01821e-11
-4.79616e-11
-4.92939e-11
8.88178e-13
4.88498e-11
4.9738e-11
8.88178e-13
-5.77316e-12
2.22045e-12
0
-2.22045e-12
1.77636e-12
0
4.44089e-13
0
-4.75175e-11
-4.61853e-11
-1.37668e-11
-3.10862e-12
-4.44089e-13
3.55271e-12
-2.22045e-12
0
1.77636e-12
0
4.61853e-11
4.61853e-11
3.55271e-12
1.33227e-12
-1.77636e-12
-8.88178e-13
0
0
-6.66134e-12
0
5.28466e-11
4.61853e-11
3.55271e-12
-3.9968e-12
-9.76996e-12
-6.21725e-12
5.86198e-11
4.44089e-13
8.88178e-13
0
4.44089e-13
6.08402e-11
5.32907e-12
8.88178e-13
0
5.01821e-11
0
0
-5.50671e-11
0
5.59552e-11
1.33227e-12
-8.43769e-12
1.33227e-12
6.17284e-11
5.01821e-11
0
0
-1.95399e-11
0
2.04281e-11
1.33227e-12
-4.66294e-11
-4.44089e-12
0
3.9968e-12
5.15143e-11
0
-8.88178e-13
-3.10862e-12
8.88178e-13
5.37348e-11
-8.88178e-13
7.54952e-12
-1.33227e-12
3.90799e-11
-6.66134e-12
-3.90799e-11
6.66134e-12
-8.88178e-13
4.92939e-11
5.28466e-11
-5.68434e-11
-3.9968e-12
6.21725e-11
5.50671e-11
0
0
-4.44089e-13
0
1.33227e-12
1.33227e-12
-3.9968e-12
-4.44089e-13
6.21725e-12
4.44089e-13
0
0
-5.28466e-11
0
4.44089e-13
-5.24025e-11
-1.37668e-11
-3.55271e-12
0
3.55271e-12
-2.22045e-12
0
1.77636e-12
0
4.61853e-11
4.61853e-11
-4.88498e-12
1.55431e-11
-4.44089e-13
9.32587e-12
-6.66134e-12
0
-2.66454e-12
-2.57572e-11
6.79456e-11
8.57092e-11
-3.73035e-11
-1.24345e-11
1.95399e-11
-5.32907e-12
1.77636e-11
-4.44089e-13
-3.06422e-11
0
3.06422e-11
1.77636e-11
1.11022e-11
-8.88178e-12
0
8.88178e-12
-8.88178e-13
0
-1.37668e-11
0
1.55431e-11
0
-1.11022e-11
4.88498e-12
-6.21725e-12
-5.32907e-12
1.77636e-11
-4.44089e-13
-2.13163e-11
0
1.82077e-11
1.42109e-11
-9.32587e-12
5.32907e-12
0
-5.32907e-12
9.32587e-12
0
-3.9968e-12
8.43769e-12
5.55112e-11
5.19584e-11
7.54952e-12
-1.59872e-11
4.44089e-13
1.64313e-11
9.32587e-12
0
0
0
4.79616e-11
5.77316e-11
-4.88498e-12
-9.32587e-12
8.88178e-12
1.28786e-11
-2.84217e-11
0
1.55431e-11
4.44089e-13
5.86198e-11
4.61853e-11
-8.88178e-12
-2.79776e-11
0
1.86517e-11
9.32587e-12
0
4.44089e-13
0
0
8.88178e-12
-4.84057e-11
-5.41789e-11
-1.33227e-12
8.88178e-13
0
0
-7.54952e-12
0
6.21725e-11
5.4623e-11
-5.68434e-11
1.77636e-12
9.32587e-12
5.06262e-11
0
-5.15143e-11
-6.21725e-12
4.44089e-13
5.24025e-11
4.66294e-11
4.44089e-13
-1.33227e-11
-1.77636e-11
3.10862e-11
0
-1.77636e-11
1.33227e-11
0
5.59552e-11
6.92779e-11
0
1.77636e-12
1.95399e-11
-2.13163e-11
-2.93099e-11
0
3.10862e-11
0
-3.9968e-12
1.77636e-11
2.26485e-11
1.5099e-11
-2.44249e-11
8.88178e-12
1.77636e-11
-2.44249e-11
-2.22045e-12
-1.77636e-12
5.68434e-11
7.4607e-11
0
3.59712e-11
0
-3.59712e-11
0
0
3.59712e-11
0
-9.32587e-12
2.75335e-11
0
1.82077e-11
0
-1.82077e-11
0
0
-9.76996e-12
1.77636e-11
2.75335e-11
0
4.44089e-13
7.54952e-12
2.88658e-11
-3.64153e-11
-1.42109e-11
2.93099e-11
2.13163e-11
-4.44089e-13
-8.88178e-12
-1.77636e-12
-1.11022e-11
-3.41949e-11
1.82077e-11
1.90958e-11
-3.10862e-12
1.86517e-11
-1.77636e-12
-1.77636e-11
-4.44089e-13
1.33227e-11
-1.5099e-11
7.10543e-12
2.84217e-11
-3.55271e-11
-1.42109e-11
2.93099e-11
1.82077e-11
-1.42109e-11
-6.21725e-12
1.24345e-11
0
5.4623e-11
-9.32587e-12
-4.52971e-11
0
-9.32587e-12
5.4623e-11
0
5.32907e-12
6.03961e-11
-6.66134e-12
-3.55271e-12
9.76996e-12
-6.21725e-12
0
1.02141e-11
4.92939e-11
0
0
4.9738e-11
-7.10543e-12
-8.88178e-12
0
8.88178e-12
-8.88178e-13
0
4.44089e-12
0
4.44089e-12
7.99361e-12
-2.22045e-12
9.76996e-12
0
-7.54952e-12
-8.88178e-12
0
1.5099e-11
0
5.06262e-11
5.68434e-11
-1.86517e-11
0
1.28786e-11
2.70894e-11
-1.77636e-12
0
0
0
5.68434e-11
5.4623e-11
-7.10543e-12
3.41949e-11
-2.70894e-11
-7.10543e-12
2.66454e-11
-2.66454e-11
3.9968e-12
4.44089e-13
3.55271e-12
3.4639e-11
8.88178e-13
-2.53131e-11
-3.24185e-11
1.73195e-11
1.77636e-11
-7.99361e-12
0
-1.95399e-11
1.90958e-11
3.64153e-11
-8.88178e-13
1.68754e-11
9.76996e-12
6.21725e-12
-3.37508e-11
9.32587e-12
1.82077e-11
0
1.59872e-11
0
-5.32907e-12
-2.62013e-11
3.41949e-11
1.24345e-11
-3.4639e-11
-1.02141e-11
3.37508e-11
2.44249e-11
8.88178e-13
0
1.5099e-11
-1.02141e-11
-3.24185e-11
1.73195e-11
2.22045e-12
-7.99361e-12
1.55431e-11
-1.95399e-11
1.90958e-11
3.64153e-11
-4.84057e-11
5.4623e-11
-1.33227e-12
-4.4853e-11
0
-8.88178e-13
4.79616e-11
-4.44089e-13
3.10862e-12
5.01821e-11
-4.4853e-11
1.33227e-12
-1.33227e-12
-1.33227e-12
0
0
1.33227e-12
0
4.4853e-11
4.61853e-11
1.77636e-11
-1.33227e-11
-1.77636e-11
3.10862e-11
-4.44089e-13
-1.73195e-11
-1.33227e-11
1.68754e-11
8.21565e-11
5.28466e-11
0
3.64153e-11
3.24185e-11
-3.64153e-11
-6.21725e-12
0
1.02141e-11
0
-9.76996e-12
2.75335e-11
3.10862e-11
1.59872e-11
-9.76996e-12
1.82077e-11
-3.9968e-12
-8.88178e-12
-5.32907e-12
-2.57572e-11
5.68434e-11
7.4607e-11
-2.4869e-11
-5.77316e-12
0
-1.9984e-11
2.57572e-11
-8.88178e-13
-4.88498e-12
0
6.66134e-12
2.75335e-11
-4.88498e-12
-1.11022e-11
-1.42109e-11
1.11022e-11
0
0
7.99361e-12
0
9.32587e-12
1.73195e-11
2.93099e-11
1.59872e-11
-1.37668e-11
-1.64313e-11
0
0
1.59872e-11
4.44089e-13
4.88498e-12
2.22045e-11
5.77316e-12
-4.44089e-12
-1.64313e-11
6.21725e-12
1.46549e-11
-1.64313e-11
-1.55431e-11
8.88178e-13
1.11022e-11
1.15463e-11
-3.55271e-11
1.19904e-11
2.70894e-11
-3.73035e-11
7.99361e-12
2.75335e-11
-4.44089e-13
-4.44089e-13
-7.54952e-12
-4.44089e-13
5.32907e-11
4.66294e-11
-5.01821e-11
3.55271e-12
0
-5.01821e-11
4.66294e-11
0
4.88498e-12
5.19584e-11
-7.99361e-12
-4.92939e-11
1.02141e-11
4.9738e-11
0
-5.15143e-11
0
0
5.28466e-11
5.28466e-11
-2.84217e-11
-7.54952e-12
3.77476e-11
-1.06581e-11
-8.88178e-12
1.77636e-11
4.44089e-12
0
0
-4.44089e-12
0
1.82077e-11
8.88178e-13
-1.77636e-12
-1.82077e-11
1.77636e-12
1.82077e-11
0
5.01821e-11
4.9738e-11
-4.88498e-12
2.22045e-12
-1.77636e-12
5.32907e-12
2.88658e-11
-1.02141e-11
2.22045e-12
-2.62013e-11
5.41789e-11
8.57092e-11
0
-8.88178e-13
8.88178e-12
-1.82077e-11
7.54952e-12
2.22045e-12
-3.19744e-11
0
3.01981e-11
1.15463e-11
1.64313e-11
-2.66454e-11
0
2.57572e-11
-2.93099e-11
0
3.10862e-11
0
5.06262e-11
5.10703e-11
8.88178e-12
-6.21725e-12
0
1.06581e-11
-5.32907e-12
0
4.44089e-13
0
5.68434e-11
5.15143e-11
-1.55431e-11
-1.28786e-11
1.37668e-11
-4.44089e-12
6.21725e-12
7.99361e-12
-3.41949e-11
6.66134e-12
3.41949e-11
7.99361e-12
1.90958e-11
-2.13163e-11
0
2.57572e-11
-5.32907e-12
0
-1.11022e-11
8.88178e-13
6.75016e-11
5.15143e-11
9.76996e-12
4.44089e-13
3.59712e-11
-4.44089e-13
-3.59712e-11
4.44089e-12
0
0
4.9738e-11
4.92939e-11
-8.88178e-12
-5.50671e-11
6.21725e-11
5.50671e-11
0
0
-4.44089e-13
0
1.33227e-12
1.33227e-12
9.32587e-12
1.55431e-11
-1.77636e-11
2.22045e-12
0
-1.77636e-11
1.86517e-11
1.64313e-11
3.86358e-11
4.04121e-11
0
2.66454e-11
-5.77316e-12
7.99361e-12
-2.88658e-11
-5.32907e-12
2.30926e-11
-8.88178e-13
6.30607e-11
5.68434e-11
7.99361e-12
-8.88178e-13
1.59872e-11
-1.77636e-12
2.66454e-12
-6.66134e-12
5.77316e-12
8.88178e-13
8.88178e-13
1.55431e-11
0
3.64153e-11
1.73195e-11
-2.17604e-11
4.44089e-12
-1.46549e-11
-3.4639e-11
0
2.70894e-11
2.93099e-11
-1.73195e-11
-7.10543e-12
1.73195e-11
5.77316e-12
-2.66454e-12
0
3.10862e-12
-3.55271e-12
5.10703e-11
5.55112e-11
1.95399e-11
-2.66454e-11
0
2.57572e-11
-2.93099e-11
0
-5.32907e-12
0
8.65974e-11
5.15143e-11
3.55271e-12
-4.44089e-12
-3.55271e-12
6.21725e-12
-1.28786e-11
-3.55271e-11
0
3.15303e-11
1.37668e-11
0
-2.57572e-11
2.22045e-11
2.79776e-11
-1.9984e-11
7.99361e-12
-4.44089e-13
-9.76996e-12
2.84217e-11
1.11022e-11
7.99361e-12
-5.01821e-11
1.33227e-12
-1.02141e-11
-8.88178e-13
5.77316e-12
0
4.44089e-13
0
4.70735e-11
4.44089e-11
4.9738e-11
-3.77476e-11
-5.06262e-11
1.24345e-11
3.9968e-11
-1.5099e-11
-3.81917e-11
-8.88178e-13
-4.44089e-13
3.10862e-12
0
2.66454e-12
1.33227e-12
1.28786e-11
-1.68754e-11
-3.37508e-11
3.55271e-12
3.41949e-11
5.81757e-11
4.57412e-11
-1.19904e-11
-3.41949e-11
1.82077e-11
3.68594e-11
-2.66454e-12
4.44089e-13
-1.77636e-12
0
4.30767e-11
3.95239e-11
-2.88658e-11
-1.02141e-11
3.33067e-11
2.66454e-11
-9.32587e-12
-3.9968e-12
9.32587e-12
3.55271e-12
4.92939e-11
5.01821e-11
-4.44089e-12
-4.44089e-12
8.88178e-12
-1.33227e-12
4.44089e-13
6.21725e-12
-1.86517e-11
3.10862e-12
1.59872e-11
-2.22045e-12
1.55431e-11
2.39808e-11
1.33227e-11
-5.77316e-12
4.44089e-13
-1.86517e-11
-1.73195e-11
2.9754e-11
1.68754e-11
2.66454e-12
-2.66454e-11
-3.9968e-12
3.28626e-11
-2.53131e-11
0
3.06422e-11
-1.86517e-11
3.10862e-12
1.59872e-11
-2.22045e-12
8.88178e-12
1.64313e-11
-2.62013e-11
5.32907e-12
2.62013e-11
-3.06422e-11
-3.9968e-12
5.32907e-12
1.02141e-11
3.24185e-11
0
-4.44089e-13
3.28626e-11
-2.53131e-11
-5.32907e-12
3.06422e-11
3.55271e-12
2.66454e-12
-4.44089e-13
-2.22045e-12
-5.06262e-11
1.28786e-11
1.33227e-12
4.92939e-11
0
-4.92939e-11
-4.44089e-12
0
3.28626e-11
2.93099e-11
-8.43769e-12
-3.9968e-12
6.21725e-11
5.50671e-11
0
0
-4.44089e-13
0
1.33227e-12
1.33227e-12
-4.44089e-13
-1.77636e-12
1.77636e-11
-1.55431e-11
-8.88178e-12
1.77636e-11
9.32587e-12
0
1.33227e-11
1.42109e-11
0
3.59712e-11
0
-2.08722e-11
1.42109e-11
-8.88178e-13
-2.08722e-11
0
2.4869e-11
1.73195e-11
7.99361e-12
-8.88178e-13
1.59872e-11
-1.77636e-12
2.66454e-12
-6.66134e-12
-1.11022e-11
4.44089e-13
1.82077e-11
1.55431e-11
3.10862e-12
3.33067e-11
2.66454e-12
-3.9968e-12
4.44089e-12
-4.44089e-13
-3.68594e-11
0
3.73035e-11
7.99361e-12
-3.10862e-11
-1.33227e-12
3.59712e-11
-3.4639e-11
-3.55271e-12
3.68594e-11
-3.15303e-11
-3.9968e-12
2.62013e-11
-5.77316e-12
-1.59872e-11
2.26485e-11
3.64153e-11
-2.53131e-11
-5.77316e-12
3.64153e-11
4.44089e-13
0
6.21725e-12
1.33227e-12
1.64313e-11
-2.4869e-11
1.77636e-12
3.64153e-11
-7.99361e-12
-2.22045e-12
3.10862e-12
3.55271e-12
0
-4.88498e-12
4.44089e-13
-2.13163e-11
3.55271e-11
-8.88178e-12
-6.66134e-12
3.68594e-11
-2.88658e-11
-3.55271e-12
2.62013e-11
-5.77316e-12
4.92939e-11
5.77316e-12
-1.06581e-11
5.06262e-11
-3.59712e-11
-5.15143e-11
-9.76996e-12
0
6.03961e-11
5.4623e-11
-5.01821e-11
-2.22045e-12
5.24025e-11
2.22045e-12
0
0
-4.44089e-13
0
-5.19584e-11
-5.24025e-11
5.10703e-11
5.41789e-11
-5.4623e-11
4.44089e-13
0
-5.4623e-11
3.9968e-12
-4.44089e-13
5.06262e-11
5.37348e-11
0
9.32587e-12
-4.44089e-13
-8.88178e-12
9.32587e-12
0
-4.44089e-13
0
4.44089e-13
9.76996e-12
4.88498e-11
4.61853e-11
-4.84057e-11
-3.77476e-11
1.33227e-12
-1.77636e-12
-4.44089e-13
2.22045e-12
4.44089e-13
1.33227e-12
1.11022e-11
4.70735e-11
-4.44089e-13
-4.66294e-11
4.4853e-11
0
-5.50671e-11
0
5.50671e-11
4.4853e-11
6.03961e-11
4.44089e-12
-5.32907e-11
-1.77636e-12
2.66454e-12
-2.66454e-12
4.52971e-11
4.88498e-12
4.44089e-12
4.92939e-11
-5.06262e-11
-8.88178e-13
3.73035e-11
3.9968e-12
-3.64153e-11
2.22045e-12
-1.19904e-11
0
5.41789e-11
4.26326e-11
5.77316e-12
0
4.44089e-12
-4.44089e-12
4.88498e-11
4.88498e-12
-5.37348e-11
0
5.41789e-11
4.92939e-11
4.88498e-12
-5.06262e-11
-7.10543e-12
-8.88178e-13
6.08402e-11
-7.10543e-12
-4.84057e-11
6.12843e-11
0
-5.01821e-11
-4.44089e-12
-1.33227e-12
5.32907e-12
-3.9968e-12
-5.01821e-11
-4.4853e-11
0
0
-4.44089e-13
-1.33227e-12
)
;

boundaryField
{
    frontAndBack
    {
        type            calculated;
        value           nonuniform List<scalar> 
600
(
-498.206
-498.206
-498.206
-498.206
-498.206
-498.206
-498.206
-498.206
-498.206
-498.206
-1.79026
-1.79026
-1.79026
-1.79026
-1.79026
-1.79026
-1.79026
-1.79026
-1.79026
-1.79026
-0.00323831
-0.00323831
-0.00323831
-0.00323831
-0.00323831
-0.00323831
-0.00323831
-0.00323831
-0.00323831
-0.00323831
-3.92784e-06
-3.92786e-06
-3.92786e-06
-3.92781e-06
-3.92784e-06
-3.92786e-06
-3.92783e-06
-3.92786e-06
-3.92783e-06
-3.92784e-06
-3.63176e-09
-3.62688e-09
-3.63443e-09
-3.57447e-09
-3.62865e-09
-3.61666e-09
-3.57003e-09
-3.6362e-09
-3.58424e-09
-3.60201e-09
-1.37668e-11
-1.46549e-11
-1.59872e-11
-5.32907e-11
-7.10543e-12
-1.55431e-11
2.22045e-11
-2.13163e-11
-5.01821e-11
3.4639e-11
4.92939e-11
9.76996e-12
4.44089e-13
0
6.03961e-11
-1.02141e-11
2.22045e-12
4.92939e-11
-4.70735e-11
-6.21725e-12
0
-5.32907e-12
5.86198e-11
0
5.01821e-11
5.86198e-11
0
7.54952e-12
3.90799e-11
-5.06262e-11
0
-1.77636e-12
-4.44089e-13
-5.06262e-11
-5.81757e-11
1.02141e-11
-5.86198e-11
-5.68434e-11
-1.19904e-11
-4.21885e-11
4.4853e-11
8.88178e-12
-4.66294e-11
4.44089e-12
-4.84057e-11
-5.68434e-11
1.42109e-11
-3.55271e-12
-3.95239e-11
5.24025e-11
-498.206
-498.206
-498.206
-498.206
-498.206
-498.206
-498.206
-498.206
-498.206
-498.206
-1.79026
-1.79026
-1.79026
-1.79026
-1.79026
-1.79026
-1.79026
-1.79026
-1.79026
-1.79026
-0.00323831
-0.00323831
-0.00323831
-0.00323831
-0.00323831
-0.00323831
-0.00323831
-0.00323831
-0.00323831
-0.00323831
-3.92784e-06
-3.92785e-06
-3.92785e-06
-3.92781e-06
-3.92785e-06
-3.92784e-06
-3.92783e-06
-3.92784e-06
-3.92784e-06
-3.92787e-06
-3.60201e-09
-3.63132e-09
-3.64597e-09
-3.62821e-09
-3.62821e-09
-3.62821e-09
-3.63798e-09
-3.63265e-09
-3.64375e-09
-3.58202e-09
-1.42109e-11
-1.64313e-11
-1.37668e-11
0
-1.59872e-11
-2.4869e-11
-1.37668e-11
-1.77636e-11
-2.4869e-11
-1.42109e-11
4.44089e-13
0
-4.44089e-13
3.55271e-12
0
6.66134e-12
2.66454e-12
-1.33227e-12
5.01821e-11
-4.9738e-11
-1.33227e-12
-2.22045e-12
1.02141e-11
-4.84057e-11
1.19904e-11
2.22045e-12
-2.66454e-12
4.88498e-12
1.02141e-11
5.10703e-11
-4.92939e-11
-1.33227e-12
0
5.77316e-12
0
1.77636e-12
-1.19904e-11
-3.9968e-12
-5.01821e-11
5.06262e-11
1.33227e-12
6.12843e-11
-9.76996e-12
0
-1.19904e-11
5.32907e-12
-8.43769e-12
-6.21725e-12
4.84057e-11
-5.01821e-11
1.77636e-12
-3.55271e-12
-1.77636e-12
1.77636e-12
4.57412e-11
-1.77636e-12
6.66134e-12
-1.77636e-12
5.77316e-11
4.9738e-11
2.22045e-12
0
-1.77636e-12
4.4853e-11
0
5.86198e-11
-5.15143e-11
-2.66454e-12
3.55271e-12
0
-2.66454e-12
4.88498e-12
1.77636e-12
0
-3.9968e-11
8.88178e-13
-4.44089e-13
5.68434e-11
4.44089e-13
-8.88178e-13
3.9968e-12
0
-8.88178e-13
0
5.10703e-11
-5.06262e-11
0
5.77316e-12
5.06262e-11
0
-3.9968e-12
4.88498e-11
4.57412e-11
-1.02141e-11
3.9968e-12
4.57412e-11
3.55271e-12
2.22045e-12
-1.77636e-12
4.44089e-13
4.44089e-13
-3.9968e-12
-3.9968e-12
2.22045e-12
-5.4623e-11
-3.9968e-12
-3.10862e-12
-9.76996e-12
-1.02141e-11
-2.22045e-12
0
-4.9738e-11
-4.66294e-11
9.76996e-12
-4.44089e-13
3.9968e-12
-4.44089e-13
-4.92939e-11
-4.57412e-11
1.77636e-12
-2.22045e-12
4.88498e-12
4.88498e-12
-4.66294e-11
3.9968e-12
5.77316e-12
3.9968e-12
0
-4.39648e-11
-4.88498e-11
5.77316e-12
1.33227e-11
-8.88178e-13
-3.55271e-12
4.52971e-11
-5.24025e-11
4.61853e-11
0
4.61853e-11
-2.22045e-12
-3.9968e-12
-4.44089e-13
-1.33227e-12
0
-4.44089e-13
-1.33227e-12
-1.33227e-12
2.22045e-12
2.66454e-12
5.10703e-11
0
4.84057e-11
4.70735e-11
0
4.70735e-11
-8.88178e-13
5.86198e-11
0
-8.43769e-12
-1.77636e-12
5.10703e-11
-5.10703e-11
0
0
1.02141e-11
5.37348e-11
1.02141e-11
5.50671e-11
2.22045e-12
-8.88178e-13
0
-5.19584e-11
-4.75175e-11
-3.55271e-12
6.66134e-12
-4.44089e-13
4.44089e-13
0
-4.44089e-13
-1.77636e-12
0
4.61853e-11
0
-9.76996e-12
-2.66454e-12
0
-9.32587e-12
0
-5.06262e-11
5.01821e-11
4.88498e-11
5.50671e-11
5.90639e-11
5.32907e-12
-4.52971e-11
5.01821e-11
0
2.22045e-11
1.19904e-11
-4.79616e-11
-2.22045e-12
-4.52971e-11
5.15143e-11
4.44089e-12
3.9968e-11
-1.33227e-12
7.10543e-12
-4.9738e-11
-1.02141e-11
-4.92939e-11
2.22045e-12
-5.06262e-11
-5.68434e-11
-1.02141e-11
-8.88178e-12
-4.84057e-11
-5.86198e-11
-1.24345e-11
4.44089e-13
8.88178e-13
-4.88498e-11
-9.76996e-12
-6.21725e-12
5.24025e-11
4.44089e-13
-5.06262e-11
5.01821e-11
-1.77636e-12
-4.44089e-13
4.88498e-11
-2.22045e-12
0
0
7.99361e-12
0
-8.43769e-12
5.9952e-11
-8.88178e-12
-9.76996e-12
4.9738e-11
5.10703e-11
5.32907e-12
-4.52971e-11
-5.68434e-11
-3.55271e-11
-1.33227e-12
-5.10703e-11
8.88178e-13
5.86198e-11
8.88178e-13
-5.77316e-12
-1.37668e-11
3.55271e-12
3.55271e-12
5.32907e-12
-8.43769e-12
-4.66294e-11
-8.88178e-13
-5.68434e-11
-3.9968e-12
2.22045e-12
-3.10862e-12
1.33227e-12
-3.9968e-12
8.88178e-13
1.33227e-12
-4.44089e-12
7.54952e-12
-3.9968e-12
-4.44089e-13
0
-4.44089e-13
-1.77636e-12
-9.76996e-12
0
6.17284e-11
0
-1.33227e-12
6.21725e-11
6.21725e-12
-2.22045e-12
3.55271e-12
-8.88178e-13
-6.21725e-12
5.01821e-11
5.01821e-11
3.9968e-12
3.90799e-11
5.50671e-11
4.44089e-13
1.77636e-12
-2.22045e-12
0
5.86198e-11
0
0
5.15143e-11
-6.66134e-12
0
0
0
0
0
4.44089e-13
0
0
0
-3.90799e-11
0
0
4.44089e-13
1.77636e-12
-6.66134e-12
8.88178e-13
-5.50671e-11
-1.95399e-11
-8.88178e-13
6.66134e-12
-4.44089e-13
-5.28466e-11
0
0
0
0
0
0
-3.10862e-12
-8.88178e-13
0
0
-4.75175e-11
4.61853e-11
5.28466e-11
4.44089e-13
5.59552e-11
2.04281e-11
8.88178e-13
4.92939e-11
1.33227e-12
4.44089e-13
-4.61853e-11
4.61853e-11
4.61853e-11
6.08402e-11
1.33227e-12
1.33227e-12
5.37348e-11
5.28466e-11
1.33227e-12
-5.24025e-11
-5.01821e-11
5.10703e-11
0
4.88498e-11
1.11022e-11
6.03961e-11
-5.06262e-11
5.77316e-12
4.88498e-12
-4.44089e-12
-2.22045e-12
5.41789e-11
9.32587e-12
4.61853e-11
4.70735e-11
4.44089e-12
-8.88178e-13
0
-5.06262e-11
-1.33227e-12
5.24025e-11
-5.4623e-11
-4.44089e-13
-4.84057e-11
-4.44089e-13
-5.32907e-11
3.73035e-11
4.44089e-12
-7.10543e-12
5.32907e-12
2.22045e-12
4.44089e-13
-8.88178e-12
-3.77476e-11
-4.66294e-11
-1.77636e-12
3.9968e-12
-4.44089e-12
-8.88178e-13
-3.9968e-12
0
0
9.32587e-12
1.33227e-12
4.4853e-11
2.66454e-12
-3.64153e-11
4.88498e-11
6.08402e-11
-5.01821e-11
0
-5.4623e-11
0
-1.77636e-12
0
-2.66454e-12
2.22045e-12
4.88498e-12
-7.10543e-12
-4.4853e-11
-4.44089e-13
3.9968e-12
-4.44089e-13
-4.44089e-13
-5.50671e-11
4.52971e-11
-1.19904e-11
-5.37348e-11
-4.84057e-11
0
0
-4.44089e-13
0
2.22045e-12
0
4.88498e-12
0
0
6.12843e-11
0
-5.19584e-11
5.06262e-11
4.44089e-13
4.44089e-13
5.50671e-11
4.44089e-12
5.41789e-11
5.41789e-11
0
-4.44089e-13
-5.24025e-11
5.37348e-11
9.76996e-12
1.33227e-12
4.4853e-11
4.92939e-11
4.26326e-11
4.92939e-11
-5.01821e-11
-1.33227e-12
)
;
    }
    left
    {
        type            calculated;
        value           nonuniform List<scalar> 
100
(
-992.839
-992.839
-992.839
-992.839
-992.839
-992.839
-992.839
-992.839
-992.839
-992.839
-992.839
-992.839
-992.839
-992.839
-992.839
-992.839
-992.839
-992.839
-992.839
-992.839
-992.839
-992.839
-992.839
-992.839
-992.839
-992.839
-992.839
-992.839
-992.839
-992.839
-992.839
-992.839
-992.839
-992.839
-992.839
-992.839
-992.839
-992.839
-992.839
-992.839
-992.839
-992.839
-992.839
-992.839
-992.839
-992.839
-992.839
-992.839
-992.839
-992.839
-992.839
-992.839
-992.839
-992.839
-992.839
-992.839
-992.839
-992.839
-992.839
-992.839
-992.839
-992.839
-992.839
-992.839
-992.839
-992.839
-992.839
-992.839
-992.839
-992.839
-992.839
-992.839
-992.839
-992.839
-992.839
-992.839
-992.839
-992.839
-992.839
-992.839
-992.839
-992.839
-992.839
-992.839
-992.839
-992.839
-992.839
-992.839
-992.839
-992.839
-992.839
-992.839
-992.839
-992.839
-992.839
-992.839
-992.839
-992.839
-992.839
-992.839
)
;
    }
    right
    {
        type            calculated;
        value           uniform 0;
    }
    lowerWall
    {
        type            calculated;
        value           nonuniform List<scalar> 
300
(
-498.206
-498.206
-498.206
-498.206
-498.206
-498.206
-498.206
-498.206
-498.206
-498.206
-1.79026
-1.79026
-1.79026
-1.79026
-1.79026
-1.79026
-1.79026
-1.79026
-1.79026
-1.79026
-0.00323831
-0.00323831
-0.00323831
-0.00323831
-0.00323831
-0.00323831
-0.00323831
-0.00323831
-0.00323831
-0.00323831
-3.92784e-06
-3.92784e-06
-3.92786e-06
-3.92785e-06
-3.92784e-06
-3.92786e-06
-3.92785e-06
-3.92782e-06
-3.92787e-06
-3.92784e-06
-3.63176e-09
-3.6442e-09
-3.63443e-09
-3.62421e-09
-3.64642e-09
-3.63443e-09
-3.62821e-09
-3.64642e-09
-3.56959e-09
-3.60201e-09
-1.37668e-11
-1.77636e-11
-1.59872e-11
-1.77636e-11
-5.32907e-12
4.26326e-11
2.57572e-11
-4.44089e-13
2.4869e-11
-1.42109e-11
4.92939e-11
5.9508e-11
4.44089e-13
5.06262e-11
6.03961e-11
-7.54952e-12
1.11022e-11
5.90639e-11
-4.66294e-11
4.44089e-13
0
3.10862e-12
5.86198e-11
0
4.84057e-11
0
-3.90799e-11
-4.88498e-11
0
-1.33227e-12
0
-5.19584e-11
-4.44089e-13
-5.06262e-11
-5.81757e-11
7.99361e-12
-1.15463e-11
0
-1.19904e-11
-4.92939e-11
4.4853e-11
8.88178e-13
-4.66294e-11
4.44089e-12
-5.15143e-11
-5.68434e-11
-8.88178e-13
-3.55271e-12
-3.95239e-11
1.33227e-12
1.77636e-12
-3.55271e-12
-1.77636e-12
1.77636e-12
-1.77636e-12
-1.77636e-12
9.32587e-12
-5.32907e-11
5.86198e-11
0
2.22045e-12
0
-1.77636e-12
-3.55271e-12
3.10862e-12
5.86198e-11
3.55271e-12
4.08562e-11
2.66454e-12
5.10703e-11
-2.66454e-12
5.24025e-11
1.77636e-12
0
1.15463e-11
-3.9968e-12
1.77636e-12
-7.10543e-12
-5.06262e-11
0
3.9968e-12
0
5.10703e-11
0
0
-5.06262e-11
5.06262e-11
-3.86358e-11
5.10703e-11
0
-3.9968e-12
1.33227e-12
-2.66454e-12
0
4.4853e-11
5.4623e-11
4.52971e-11
5.68434e-11
4.88498e-11
4.88498e-11
4.44089e-13
-8.43769e-12
-7.54952e-12
5.06262e-11
4.30767e-11
-3.9968e-12
-5.55112e-11
-3.9968e-12
-5.72875e-11
-2.22045e-12
0
-4.9738e-11
1.77636e-12
-4.44089e-13
-4.52971e-11
0
-4.61853e-11
-4.52971e-11
-4.61853e-11
2.22045e-12
-2.22045e-12
9.32587e-12
-4.35207e-11
-4.66294e-11
-4.26326e-11
4.88498e-12
5.77316e-12
0
3.55271e-12
-4.88498e-11
5.77316e-12
1.33227e-11
4.66294e-11
-3.55271e-12
4.52971e-11
-5.15143e-11
-2.22045e-12
-4.44089e-13
-2.22045e-12
-2.22045e-12
-3.9968e-12
-4.44089e-13
-8.88178e-13
0
-4.44089e-13
4.88498e-11
5.01821e-11
4.26326e-11
2.66454e-12
5.10703e-11
-5.77316e-12
-1.37668e-11
-5.68434e-11
-6.66134e-12
-4.4853e-11
-7.99361e-12
-8.88178e-12
4.9738e-11
-8.43769e-12
-5.01821e-11
2.22045e-12
-3.55271e-12
1.77636e-12
-3.55271e-12
1.33227e-12
-4.92939e-11
-5.50671e-11
-3.77476e-11
-3.9968e-12
-2.22045e-12
0
0
9.32587e-12
9.76996e-12
-1.33227e-12
1.02141e-11
6.21725e-11
-5.06262e-11
6.21725e-11
5.24025e-11
-2.22045e-12
3.55271e-12
5.06262e-11
-6.21725e-12
-1.33227e-12
4.9738e-11
5.50671e-11
1.24345e-11
5.50671e-11
2.22045e-12
1.77636e-12
-2.22045e-12
0
0
0
0
0
3.9968e-11
0
0
0
0
-5.15143e-11
1.02141e-11
0
-5.15143e-11
0
-1.5099e-11
0
0
4.44089e-13
1.77636e-12
-6.21725e-12
4.92939e-11
1.33227e-12
0
-4.44089e-13
-3.81917e-11
-4.44089e-13
-4.44089e-13
0
0
4.44089e-13
0
0
0
0
-8.88178e-13
0
0
-4.75175e-11
4.61853e-11
5.24025e-11
0
4.4853e-11
5.28466e-11
1.33227e-12
-4.44089e-13
1.33227e-12
-5.19584e-11
-4.61853e-11
4.61853e-11
4.66294e-11
4.9738e-11
4.61853e-11
5.28466e-11
1.33227e-12
3.10862e-12
1.33227e-12
-5.24025e-11
)
;
    }
    upperWall
    {
        type            calculated;
        value           nonuniform List<scalar> 
300
(
-498.206
-498.206
-498.206
-498.206
-498.206
-498.206
-498.206
-498.206
-498.206
-498.206
-1.79026
-1.79026
-1.79026
-1.79026
-1.79026
-1.79026
-1.79026
-1.79026
-1.79026
-1.79026
-0.00323831
-0.00323831
-0.00323831
-0.00323831
-0.00323831
-0.00323831
-0.00323831
-0.00323831
-0.00323831
-0.00323831
-3.92784e-06
-3.92785e-06
-3.92785e-06
-3.92786e-06
-3.92785e-06
-3.92787e-06
-3.92785e-06
-3.92785e-06
-3.92787e-06
-3.92787e-06
-3.60201e-09
-3.61622e-09
-3.6291e-09
-3.62732e-09
-3.64686e-09
-3.61844e-09
-3.64686e-09
-3.61977e-09
-3.6251e-09
-3.58202e-09
3.4639e-11
-1.82077e-11
-1.5099e-11
3.59712e-11
-1.5099e-11
4.35207e-11
-1.5099e-11
-1.5099e-11
4.30767e-11
-1.42109e-11
-6.21725e-12
4.84057e-11
1.77636e-12
-5.77316e-12
7.10543e-12
6.66134e-12
6.66134e-12
-1.77636e-12
-4.44089e-13
-4.9738e-11
-5.06262e-11
0
1.15463e-11
-5.01821e-11
-4.44089e-13
4.44089e-13
1.19904e-11
5.86198e-11
-4.84057e-11
5.10703e-11
-4.21885e-11
-5.37348e-11
9.76996e-12
7.99361e-12
5.32907e-12
1.33227e-12
4.44089e-12
-3.55271e-12
-2.66454e-12
5.06262e-11
5.24025e-11
7.54952e-12
-9.76996e-12
-8.43769e-12
1.11022e-11
-5.19584e-11
-4.44089e-12
-5.32907e-11
-1.02141e-11
-5.01821e-11
4.9738e-11
2.66454e-12
-1.15463e-11
1.77636e-12
-3.9968e-12
3.55271e-12
0
-1.77636e-12
2.66454e-12
-1.77636e-12
0
5.4623e-11
0
0
-4.44089e-12
5.32907e-11
3.9968e-12
5.50671e-11
1.02141e-11
-8.88178e-13
-8.88178e-13
-3.9968e-12
0
-4.88498e-12
0
-7.10543e-12
0
0
-6.66134e-12
-1.77636e-12
0
-5.06262e-11
9.32587e-12
9.76996e-12
0
4.44089e-13
-9.76996e-12
-3.68594e-11
1.77636e-12
5.01821e-11
4.44089e-13
3.9968e-12
2.22045e-12
5.32907e-12
5.28466e-11
-2.66454e-12
-8.88178e-12
6.08402e-11
5.37348e-11
-4.79616e-11
-2.22045e-12
-4.88498e-12
-1.15463e-11
4.70735e-11
4.44089e-13
-6.08402e-11
8.88178e-12
-1.64313e-11
-1.24345e-11
-4.92939e-11
1.77636e-12
5.15143e-11
0
-4.44089e-13
-4.88498e-11
4.88498e-12
5.77316e-12
0
-5.77316e-11
8.88178e-13
-4.88498e-11
5.77316e-12
0
-4.75175e-11
0
0
-4.44089e-13
-8.88178e-13
-8.88178e-13
4.88498e-11
-2.22045e-12
-5.77316e-12
9.32587e-12
4.92939e-11
-4.44089e-12
-4.88498e-12
5.32907e-11
0
9.32587e-12
4.9738e-11
5.10703e-11
4.9738e-11
2.22045e-12
-9.76996e-12
2.22045e-12
7.10543e-12
-1.33227e-12
-7.99361e-12
2.22045e-12
8.88178e-13
-3.9968e-12
-4.84057e-11
0
-4.84057e-11
5.32907e-11
9.76996e-12
-5.01821e-11
-5.06262e-11
4.92939e-11
-4.44089e-12
-4.44089e-13
-5.41789e-11
5.4623e-11
5.4623e-11
4.66294e-11
4.44089e-13
1.33227e-12
1.28786e-11
5.77316e-12
-1.33227e-12
6.21725e-12
-1.33227e-12
-9.32587e-12
-1.33227e-12
-5.01821e-11
3.59712e-11
-1.02141e-11
1.33227e-12
-1.06581e-11
5.32907e-12
4.44089e-13
8.88178e-13
-4.52971e-11
-4.4853e-11
3.55271e-12
-4.44089e-13
-8.88178e-13
4.92939e-11
5.06262e-11
-3.9968e-12
0
0
0
0
0
-3.59712e-11
5.77316e-12
0
-3.59712e-11
-5.01821e-11
0
0
-9.32587e-12
-8.88178e-13
-5.01821e-11
4.44089e-12
0
-4.92939e-11
-5.15143e-11
-4.4853e-11
-5.28466e-11
-7.54952e-12
5.4623e-11
4.79616e-11
4.66294e-11
0
4.44089e-13
-4.44089e-12
-9.76996e-12
0
0
0
0
-4.44089e-13
0
0
0
0
0
0
4.44089e-13
6.21725e-11
5.32907e-12
3.10862e-12
4.88498e-12
4.9738e-11
4.70735e-11
3.28626e-11
6.03961e-11
-4.44089e-13
-5.24025e-11
5.4623e-11
6.03961e-11
5.01821e-11
5.19584e-11
4.92939e-11
4.44089e-11
2.93099e-11
5.4623e-11
-1.33227e-12
)
;
    }
}


// ************************************************************************* //
