/*--------------------------------*- C++ -*----------------------------------*\
  =========                 |
  \\      /  F ield         | OpenFOAM: The Open Source CFD Toolbox
   \\    /   O peration     | Website:  https://openfoam.org
    \\  /    A nd           | Version:  10
     \\/     M anipulation  |
\*---------------------------------------------------------------------------*/
FoamFile
{
    format      ascii;
    class       volScalarField;
    location    "0.7";
    object      gradTx;
}
// * * * * * * * * * * * * * * * * * * * * * * * * * * * * * * * * * * * * * //

dimensions      [0 -1 0 1 0 0 0];

internalField   nonuniform List<scalar> 
3000
(
-498.604
-1.39409
-0.00196468
-1.85942e-06
-1.35181e-09
-2.22045e-12
3.81917e-11
0
0
3.33067e-11
-498.604
-1.39409
-0.00196468
-1.85943e-06
-1.34293e-09
-2.22045e-12
7.54952e-12
-4.88498e-12
-4.44089e-13
7.10543e-12
-498.604
-1.39409
-0.00196468
-1.85944e-06
-1.35003e-09
-8.88178e-13
0
4.39648e-11
-4.44089e-13
-3.5083e-11
-498.604
-1.39409
-0.00196468
-1.85939e-06
-1.30296e-09
-4.08562e-11
0
0
-3.86358e-11
3.55271e-12
-498.604
-1.39409
-0.00196468
-1.85942e-06
-1.34381e-09
4.88498e-12
4.61853e-11
3.77476e-11
-4.57412e-11
-3.64153e-11
-498.604
-1.39409
-0.00196468
-1.85944e-06
-1.33538e-09
-8.88178e-13
-7.99361e-12
4.39648e-11
7.99361e-12
-4.39648e-11
-498.604
-1.39409
-0.00196468
-1.85941e-06
-1.30118e-09
2.22045e-11
2.22045e-12
0
-4.52971e-11
1.42109e-11
-498.604
-1.39409
-0.00196468
-1.85943e-06
-1.35225e-09
-8.43769e-12
3.77476e-11
5.77316e-12
-4.30767e-11
-3.9968e-12
-498.604
-1.39409
-0.00196468
-1.85941e-06
-1.31184e-09
-3.81917e-11
-3.5083e-11
2.66454e-11
-8.43769e-12
-2.79776e-11
-498.604
-1.39409
-0.00196468
-1.85942e-06
-1.32871e-09
3.4639e-11
-6.21725e-12
-3.95239e-11
-3.06422e-11
4.08562e-11
-498.604
-1.39409
-0.00196468
-1.85942e-06
-1.35891e-09
-4.44089e-12
4.61853e-11
2.66454e-12
-3.9968e-11
4.44089e-13
-498.604
-1.39409
-0.00196468
-1.85943e-06
-1.35403e-09
-1.33227e-12
2.22045e-11
-1.11022e-11
4.44089e-12
2.22045e-12
-498.604
-1.39409
-0.00196468
-1.85945e-06
-1.33493e-09
-2.22045e-12
3.55271e-12
2.84217e-11
-1.33227e-12
-1.59872e-11
-498.604
-1.39409
-0.00196468
-1.85942e-06
-1.3296e-09
-1.64313e-11
-6.66134e-12
0
-8.88178e-12
-1.11022e-11
-498.604
-1.39409
-0.00196468
-1.85944e-06
-1.35403e-09
9.32587e-12
2.44249e-11
4.44089e-13
-2.35367e-11
8.88178e-13
-498.604
-1.39409
-0.00196468
-1.85945e-06
-1.34959e-09
-2.22045e-12
3.55271e-12
2.79776e-11
-8.88178e-13
-7.10543e-12
-498.604
-1.39409
-0.00196468
-1.85942e-06
-1.35802e-09
5.32907e-12
2.44249e-11
0
-2.35367e-11
-1.42109e-11
-498.604
-1.39409
-0.00196468
-1.85943e-06
-1.33493e-09
-2.13163e-11
8.88178e-13
0
-1.86517e-11
1.95399e-11
-498.604
-1.39409
-0.00196468
-1.85943e-06
-1.33049e-09
-4.44089e-12
-4.44089e-12
-1.77636e-11
-2.30926e-11
1.19904e-11
-498.604
-1.39409
-0.00196468
-1.85943e-06
-1.33715e-09
-3.10862e-12
3.73035e-11
0
-4.08562e-11
4.88498e-12
-498.604
-1.39409
-0.00196468
-1.85944e-06
-1.35003e-09
-8.88178e-13
0
4.39648e-11
-4.44089e-13
-3.5083e-11
-498.604
-1.39409
-0.00196468
-1.85945e-06
-1.34959e-09
1.82077e-11
4.44089e-12
7.99361e-12
-2.22045e-12
8.88178e-13
-498.604
-1.39409
-0.00196468
-1.85944e-06
-1.31539e-09
-2.04281e-11
-8.88178e-13
-4.44089e-13
-2.84217e-11
2.79776e-11
-498.604
-1.39409
-0.00196468
-1.85943e-06
-1.35492e-09
-8.88178e-13
2.30926e-11
-1.24345e-11
-1.06581e-11
3.55271e-12
-498.604
-1.39409
-0.00196468
-1.85945e-06
-1.34337e-09
-2.22045e-12
1.33227e-12
0
-1.33227e-12
2.22045e-11
-498.604
-1.39409
-0.00196468
-1.85944e-06
-1.34293e-09
-2.84217e-11
2.84217e-11
-1.33227e-12
-7.99361e-12
2.84217e-11
-498.604
-1.39409
-0.00196468
-1.85944e-06
-1.34337e-09
-8.88178e-13
1.24345e-11
0
-1.15463e-11
1.15463e-11
-498.604
-1.39409
-0.00196468
-1.85942e-06
-1.3376e-09
-2.44249e-11
-5.77316e-12
0
-2.26485e-11
2.13163e-11
-498.604
-1.39409
-0.00196468
-1.85944e-06
-1.35936e-09
-8.88178e-13
8.88178e-13
-8.88178e-13
1.90958e-11
1.19904e-11
-498.604
-1.39409
-0.00196468
-1.85943e-06
-1.34515e-09
-1.33227e-12
0
9.32587e-12
7.54952e-12
-7.54952e-12
-498.604
-1.39409
-0.00196468
-1.85943e-06
-1.34115e-09
-5.32907e-12
3.86358e-11
0
-3.86358e-11
3.55271e-12
-498.604
-1.39409
-0.00196468
-1.85943e-06
-1.34381e-09
5.32907e-12
5.32907e-12
0
-8.43769e-12
3.10862e-12
-498.604
-1.39409
-0.00196468
-1.85944e-06
-1.35447e-09
-1.33227e-12
5.77316e-12
1.95399e-11
6.66134e-12
0
-498.604
-1.39409
-0.00196468
-1.85943e-06
-1.34959e-09
-8.88178e-13
8.43769e-12
0
-1.46549e-11
4.44089e-13
-498.604
-1.39409
-0.00196468
-1.85942e-06
-1.34914e-09
-1.86517e-11
-1.73195e-11
1.59872e-11
2.4869e-11
-2.4869e-11
-498.604
-1.39409
-0.00196468
-1.85942e-06
-1.3296e-09
-4.44089e-13
-5.32907e-12
-1.77636e-12
-2.30926e-11
-7.99361e-12
-498.604
-1.39409
-0.00196468
-1.85943e-06
-1.33271e-09
-1.73195e-11
-1.95399e-11
1.59872e-11
2.4869e-11
-2.4869e-11
-498.604
-1.39409
-0.00196468
-1.85945e-06
-1.36824e-09
1.64313e-11
1.90958e-11
0
8.88178e-13
8.88178e-13
-498.604
-1.39409
-0.00196468
-1.85942e-06
-1.34781e-09
-1.02141e-11
3.9968e-12
-1.15463e-11
-2.30926e-11
1.37668e-11
-498.604
-1.39409
-0.00196468
-1.85944e-06
-1.34381e-09
3.59712e-11
-4.44089e-12
-3.90799e-11
7.10543e-12
-7.10543e-12
-498.604
-1.39409
-0.00196468
-1.85942e-06
-1.35847e-09
6.21725e-12
4.61853e-11
3.64153e-11
-4.57412e-11
-3.86358e-11
-498.604
-1.39409
-0.00196468
-1.85944e-06
-1.36957e-09
1.82077e-11
2.35367e-11
-9.32587e-12
-2.17604e-11
9.32587e-12
-498.604
-1.39409
-0.00196468
-1.85944e-06
-1.32028e-09
-4.44089e-13
-2.75335e-11
-8.88178e-13
-1.33227e-12
1.33227e-12
-498.604
-1.39409
-0.00196468
-1.85943e-06
-1.35492e-09
1.42109e-11
6.66134e-12
-2.84217e-11
8.88178e-12
2.30926e-11
-498.604
-1.39409
-0.00196468
-1.85944e-06
-1.36957e-09
-2.22045e-12
1.9984e-11
4.44089e-13
-2.04281e-11
1.9984e-11
-498.604
-1.39409
-0.00196468
-1.85944e-06
-1.35847e-09
-8.88178e-13
2.26485e-11
-1.33227e-12
-2.66454e-12
1.24345e-11
-498.604
-1.39409
-0.00196468
-1.85944e-06
-1.3487e-09
-1.77636e-12
1.9984e-11
4.44089e-13
-4.44089e-13
2.04281e-11
-498.604
-1.39409
-0.00196468
-1.85946e-06
-1.33182e-09
1.86517e-11
-7.54952e-12
0
-5.32907e-12
-1.55431e-11
-498.604
-1.39409
-0.00196468
-1.85944e-06
-1.35447e-09
-4.44089e-13
2.66454e-11
-1.33227e-12
-6.66134e-12
2.84217e-11
-498.604
-1.39409
-0.00196468
-1.85943e-06
-1.35847e-09
-1.33227e-12
5.32907e-12
0
3.10862e-12
8.43769e-12
-498.604
-1.39409
-0.00196468
-1.85944e-06
-1.35003e-09
4.26326e-11
-5.77316e-12
0
6.21725e-12
-4.39648e-11
-498.604
-1.39409
-0.00196468
-1.85945e-06
-1.34959e-09
-2.22045e-12
3.55271e-12
2.84217e-11
-1.15463e-11
-4.88498e-12
-498.604
-1.39409
-0.00196468
-1.85946e-06
-1.34337e-09
-2.22045e-12
2.08722e-11
0
-2.08722e-11
2.08722e-11
-498.604
-1.39409
-0.00196468
-1.85944e-06
-1.3296e-09
1.9984e-11
-4.88498e-12
-2.26485e-11
-8.88178e-13
2.08722e-11
-498.604
-1.39409
-0.00196468
-1.85946e-06
-1.35936e-09
1.82077e-11
2.84217e-11
-4.44089e-13
-2.79776e-11
7.54952e-12
-498.604
-1.39409
-0.00196468
-1.85944e-06
-1.37046e-09
-8.88178e-13
2.08722e-11
-1.77636e-12
-4.44089e-13
3.55271e-12
-498.604
-1.39409
-0.00196468
-1.85944e-06
-1.32649e-09
-2.66454e-12
-9.76996e-12
2.04281e-11
7.54952e-12
-7.99361e-12
-498.604
-1.39409
-0.00196468
-1.85944e-06
-1.3447e-09
8.88178e-13
-1.55431e-11
0
7.54952e-12
-9.76996e-12
-498.604
-1.39409
-0.00196468
-1.85944e-06
-1.32339e-09
1.02141e-11
-7.54952e-12
1.02141e-11
-1.15463e-11
-7.54952e-12
-498.604
-1.39409
-0.00196468
-1.85944e-06
-1.33449e-09
4.30767e-11
4.44089e-12
4.44089e-13
8.88178e-13
-3.86358e-11
-498.604
-1.39409
-0.00196468
-1.85943e-06
-1.34515e-09
2.53131e-11
8.43769e-12
-2.66454e-11
-8.88178e-12
-8.88178e-13
-498.604
-1.39409
-0.00196468
-1.85944e-06
-1.36735e-09
1.28786e-11
2.39808e-11
0
-2.30926e-11
1.33227e-12
-498.604
-1.39409
-0.00196468
-1.85944e-06
-1.34692e-09
-1.33227e-12
0
0
1.95399e-11
2.08722e-11
-498.604
-1.39409
-0.00196468
-1.85943e-06
-1.33227e-09
-1.33227e-12
-1.64313e-11
1.55431e-11
2.22045e-11
-2.70894e-11
-498.604
-1.39409
-0.00196468
-1.85944e-06
-1.36735e-09
-2.22045e-12
1.86517e-11
1.77636e-12
0
-8.88178e-13
-498.604
-1.39409
-0.00196468
-1.85944e-06
-1.36247e-09
1.82077e-11
1.37668e-11
-7.99361e-12
-3.55271e-12
2.22045e-12
-498.604
-1.39409
-0.00196468
-1.85944e-06
-1.32827e-09
-2.22045e-12
-1.86517e-11
0
1.86517e-11
8.88178e-13
-498.604
-1.39409
-0.00196468
-1.85946e-06
-1.35314e-09
-1.33227e-12
-7.99361e-12
1.95399e-11
1.5099e-11
-1.5099e-11
-498.604
-1.39409
-0.00196468
-1.85944e-06
-1.32827e-09
1.82077e-11
0
-1.86517e-11
-9.32587e-12
2.70894e-11
-498.604
-1.39409
-0.00196468
-1.85943e-06
-1.35847e-09
-1.33227e-12
5.32907e-12
8.43769e-12
3.10862e-12
-3.10862e-12
-498.604
-1.39409
-0.00196468
-1.85939e-06
-1.36025e-09
-8.88178e-13
4.57412e-11
-3.77476e-11
0
-3.10862e-12
-498.604
-1.39409
-0.00196468
-1.85942e-06
-1.33538e-09
-4.44089e-13
1.33227e-12
-1.33227e-12
-4.44089e-13
1.77636e-12
-498.604
-1.39409
-0.00196468
-1.85944e-06
-1.33804e-09
-1.33227e-11
-4.88498e-12
-1.15463e-11
-2.17604e-11
2.17604e-11
-498.604
-1.39409
-0.00196468
-1.85945e-06
-1.36913e-09
-8.88178e-13
1.77636e-12
2.66454e-12
-2.22045e-12
1.90958e-11
-498.604
-1.39409
-0.00196468
-1.85944e-06
-1.32427e-09
-2.22045e-11
-1.73195e-11
2.53131e-11
7.99361e-12
-2.17604e-11
-498.604
-1.39409
-0.00196468
-1.85944e-06
-1.32339e-09
-1.82077e-11
-1.5099e-11
0
7.54952e-12
1.68754e-11
-498.604
-1.39409
-0.00196468
-1.85944e-06
-1.35092e-09
-1.33227e-12
-9.76996e-12
1.95399e-11
7.10543e-12
-1.5099e-11
-498.604
-1.39409
-0.00196468
-1.85945e-06
-1.34293e-09
-1.77636e-12
2.17604e-11
0
-1.9984e-11
0
-498.604
-1.39409
-0.00196468
-1.85944e-06
-1.35092e-09
1.82077e-11
-1.02141e-11
-1.95399e-11
-4.44089e-12
2.84217e-11
-498.604
-1.39409
-0.00196468
-1.85943e-06
-1.33893e-09
-8.88178e-13
-1.33227e-12
4.44089e-11
-3.9968e-12
-3.9968e-11
-498.604
-1.39409
-0.00196468
-1.85944e-06
-1.30118e-09
2.4869e-11
-3.5083e-11
0
-8.43769e-12
-2.79776e-11
-498.604
-1.39409
-0.00196468
-1.85945e-06
-1.33937e-09
1.33227e-11
-4.44089e-12
-1.82077e-11
-2.26485e-11
1.19904e-11
-498.604
-1.39409
-0.00196468
-1.85944e-06
-1.34337e-09
-8.88178e-13
8.88178e-13
-8.88178e-13
-1.33227e-12
1.24345e-11
-498.604
-1.39409
-0.00196468
-1.85942e-06
-1.35492e-09
-1.33227e-12
2.30926e-11
-2.70894e-11
-8.88178e-12
0
-498.604
-1.39409
-0.00196468
-1.85944e-06
-1.35847e-09
1.82077e-11
1.9984e-11
4.44089e-13
-2.04281e-11
-1.90958e-11
-498.604
-1.39409
-0.00196468
-1.85944e-06
-1.32339e-09
1.82077e-11
-5.77316e-12
-1.86517e-11
-3.55271e-12
1.37668e-11
-498.604
-1.39409
-0.00196468
-1.85944e-06
-1.35625e-09
-3.10862e-12
7.99361e-12
4.44089e-13
8.88178e-13
-1.77636e-12
-498.604
-1.39409
-0.00196468
-1.85943e-06
-1.33449e-09
7.54952e-12
-7.10543e-12
1.77636e-12
2.30926e-11
-1.77636e-11
-498.604
-1.39409
-0.00196468
-1.85944e-06
-1.35847e-09
-1.33227e-12
2.17604e-11
1.28786e-11
-2.22045e-11
-1.33227e-11
-498.604
-1.39409
-0.00196468
-1.85944e-06
-1.34248e-09
4.30767e-11
-4.44089e-13
-3.64153e-11
-2.22045e-12
-7.54952e-12
-498.604
-1.39409
-0.00196468
-1.85942e-06
-1.32871e-09
-3.10862e-12
8.88178e-13
-1.33227e-12
-3.81917e-11
1.33227e-12
-498.604
-1.39409
-0.00196468
-1.85942e-06
-1.34781e-09
-2.66454e-12
-4.44089e-13
0
-1.33227e-12
4.70735e-11
-498.604
-1.39409
-0.00196468
-1.85943e-06
-1.35847e-09
-8.88178e-13
-4.44089e-13
8.43769e-12
0
-7.99361e-12
-498.604
-1.39409
-0.00196468
-1.85939e-06
-1.34381e-09
0
2.22045e-12
-3.68594e-11
4.44089e-12
0
-498.604
-1.39409
-0.00196468
-1.85943e-06
-1.34381e-09
-1.33227e-12
0
8.43769e-12
0
-8.43769e-12
-498.604
-1.39409
-0.00196468
-1.85942e-06
-1.34559e-09
-1.02141e-11
5.32907e-12
4.44089e-13
1.33227e-12
4.44089e-12
-498.604
-1.39409
-0.00196468
-1.85942e-06
-1.35225e-09
-3.10862e-12
2.22045e-12
-2.22045e-12
-8.43769e-12
-6.21725e-12
-498.604
-1.39409
-0.00196468
-1.85942e-06
-1.34825e-09
-5.32907e-12
-8.88178e-13
3.10862e-12
-3.9968e-12
-4.44089e-12
-498.604
-1.39409
-0.00196468
-1.85942e-06
-1.35714e-09
-1.02141e-11
3.77476e-11
7.99361e-12
-3.81917e-11
3.64153e-11
-498.604
-1.39409
-0.00196468
-1.85944e-06
-1.31317e-09
-2.66454e-12
-3.86358e-11
3.95239e-11
3.95239e-11
-3.86358e-11
1.77636e-12
2.22045e-12
-2.66454e-12
3.9968e-12
-3.9968e-12
4.44089e-13
0
-2.22045e-12
5.77316e-12
-3.9968e-12
-3.10862e-12
0
4.44089e-12
0
3.68594e-11
-3.55271e-12
-3.77476e-11
3.9968e-12
2.22045e-12
-1.33227e-12
-1.33227e-12
-8.88178e-13
8.88178e-13
0
3.37508e-11
-3.55271e-12
-3.4639e-11
4.44089e-12
-2.22045e-12
-4.44089e-13
8.88178e-13
3.37508e-11
0
0
-7.99361e-12
2.22045e-12
7.54952e-12
-3.55271e-11
-3.10862e-12
0
3.33067e-11
0
-2.84217e-11
3.95239e-11
3.55271e-12
-4.26326e-11
0
3.10862e-12
3.41949e-11
-8.88178e-13
-8.88178e-13
4.57412e-11
8.88178e-13
-3.86358e-11
3.37508e-11
-3.55271e-12
3.9968e-12
4.44089e-12
-4.08562e-11
-4.44089e-13
5.77316e-12
-3.9968e-11
-8.88178e-13
0
3.10862e-12
-2.66454e-12
0
3.10862e-12
3.41949e-11
-8.88178e-13
-1.77636e-12
-1.77636e-12
4.44089e-11
3.9968e-12
2.22045e-12
-8.43769e-12
-3.73035e-11
0
0
2.22045e-12
4.35207e-11
3.10862e-12
0
3.90799e-11
-1.77636e-12
-1.02141e-11
-3.4639e-11
-3.15303e-11
3.4639e-11
2.22045e-12
3.86358e-11
0
-8.88178e-13
0
4.44089e-13
-2.22045e-12
1.77636e-12
-3.77476e-11
-2.22045e-12
3.9968e-11
-3.10862e-12
0
3.95239e-11
0
1.77636e-12
-6.66134e-12
-3.86358e-11
8.43769e-12
1.77636e-12
-1.33227e-12
-5.77316e-12
1.42109e-11
7.10543e-12
3.9968e-12
-5.32907e-12
1.77636e-12
-3.9968e-12
6.66134e-12
5.32907e-12
-2.66454e-11
-2.17604e-11
8.43769e-12
-1.77636e-12
0
3.01981e-11
5.77316e-12
-7.99361e-12
-2.75335e-11
7.99361e-12
2.9754e-11
-1.33227e-11
1.24345e-11
-4.44089e-13
0
2.35367e-11
1.19904e-11
-1.33227e-12
-6.66134e-12
-7.54952e-12
3.55271e-12
1.95399e-11
8.43769e-12
-1.37668e-11
-1.59872e-11
2.17604e-11
1.77636e-12
-7.54952e-12
1.24345e-11
7.99361e-12
-4.44089e-12
-1.15463e-11
4.44089e-13
1.11022e-11
7.10543e-12
7.10543e-12
-1.19904e-11
-7.99361e-12
-1.73195e-11
7.99361e-12
2.04281e-11
-8.88178e-13
8.43769e-12
1.59872e-11
2.22045e-12
1.19904e-11
-6.66134e-12
0
6.66134e-12
-1.37668e-11
-1.77636e-12
-5.32907e-12
-7.54952e-12
2.75335e-11
7.10543e-12
8.88178e-13
-2.35367e-11
-4.44089e-12
0
0
2.62013e-11
1.06581e-11
4.44089e-13
1.11022e-11
7.10543e-12
7.10543e-12
-1.19904e-11
-8.88178e-13
-1.64313e-11
0
2.84217e-11
2.66454e-12
4.17444e-11
-3.10862e-12
-3.95239e-11
3.55271e-12
-3.9968e-12
3.9968e-11
4.44089e-12
-5.32907e-12
3.77476e-11
-1.33227e-12
-8.88178e-13
8.88178e-13
3.9968e-11
-3.55271e-12
-7.54952e-12
2.66454e-12
-3.15303e-11
3.4639e-11
-8.88178e-13
-1.15463e-11
-7.54952e-12
-1.24345e-11
7.54952e-12
3.01981e-11
-1.19904e-11
-8.43769e-12
-1.59872e-11
7.10543e-12
1.5099e-11
1.68754e-11
-2.4869e-11
5.77316e-12
8.88178e-12
-9.76996e-12
-7.99361e-12
1.19904e-11
1.82077e-11
-1.19904e-11
5.32907e-12
1.33227e-11
1.42109e-11
-7.10543e-12
7.10543e-12
1.77636e-12
1.77636e-12
0
-7.54952e-12
-1.5099e-11
-1.64313e-11
2.26485e-11
-2.08722e-11
-4.44089e-13
0
-2.13163e-11
2.13163e-11
4.44089e-13
-4.44089e-13
4.44089e-13
-2.17604e-11
-2.17604e-11
-1.33227e-11
2.75335e-11
0
-1.42109e-11
-1.55431e-11
1.55431e-11
0
-1.33227e-11
1.59872e-11
7.10543e-12
0
0
-1.06581e-11
3.55271e-12
2.08722e-11
4.44089e-13
-1.42109e-11
-1.06581e-11
1.33227e-11
1.9984e-11
-1.73195e-11
2.22045e-12
1.73195e-11
-1.73195e-11
-3.10862e-12
1.77636e-12
8.43769e-12
1.64313e-11
-4.44089e-13
6.66134e-12
-4.44089e-13
-2.62013e-11
-1.11022e-11
0
1.02141e-11
1.24345e-11
1.5099e-11
0
-4.44089e-12
-9.32587e-12
0
0
7.99361e-12
1.33227e-12
-9.32587e-12
0
0
7.99361e-12
4.44089e-13
8.88178e-13
-3.10862e-12
0
0
0
3.90799e-11
-4.44089e-13
-3.55271e-11
-3.10862e-12
0
-1.28786e-11
-7.99361e-12
-4.44089e-13
0
3.55271e-12
1.11022e-11
2.70894e-11
-2.79776e-11
-4.44089e-13
2.44249e-11
-3.55271e-12
-3.9968e-12
1.11022e-11
7.10543e-12
1.77636e-12
-2.22045e-12
0
7.54952e-12
4.44089e-12
-9.32587e-12
5.77316e-12
-8.43769e-12
5.32907e-12
8.88178e-12
-1.9984e-11
4.44089e-12
0
1.33227e-12
2.26485e-11
-1.55431e-11
-2.9754e-11
0
2.79776e-11
2.04281e-11
-2.39808e-11
-2.30926e-11
4.44089e-13
-1.77636e-12
2.70894e-11
4.44089e-12
0
-6.66134e-12
1.95399e-11
1.95399e-11
4.44089e-13
3.55271e-12
0
-5.77316e-12
3.9968e-12
6.66134e-12
-1.77636e-12
0
-5.77316e-12
1.9984e-11
3.10862e-12
-2.22045e-11
0
2.53131e-11
-8.88178e-13
-2.35367e-11
-8.43769e-12
5.32907e-12
4.44089e-13
-7.54952e-12
-8.43769e-12
-2.17604e-11
-1.33227e-12
4.44089e-13
8.88178e-13
2.93099e-11
1.02141e-11
0
1.68754e-11
0
-4.44089e-12
6.66134e-12
-1.9984e-11
7.54952e-12
1.19904e-11
-1.33227e-11
1.33227e-12
0
-4.44089e-12
7.99361e-12
4.44089e-12
3.59712e-11
-8.88178e-13
-3.5083e-11
3.73035e-11
-7.54952e-12
-4.44089e-13
2.66454e-12
7.99361e-12
4.44089e-13
3.37508e-11
3.10862e-11
-3.37508e-11
-3.15303e-11
3.4639e-11
-8.88178e-13
2.66454e-11
7.54952e-12
-1.90958e-11
0
2.04281e-11
-9.32587e-12
-4.44089e-13
-1.82077e-11
-1.37668e-11
1.37668e-11
2.93099e-11
1.37668e-11
-6.66134e-12
-1.37668e-11
-2.17604e-11
6.21725e-12
1.77636e-12
1.55431e-11
-1.77636e-12
-2.17604e-11
-1.55431e-11
6.21725e-12
2.75335e-11
-2.35367e-11
-2.35367e-11
-7.10543e-12
0
1.82077e-11
1.33227e-12
-1.33227e-11
2.26485e-11
0
0
0
-2.22045e-12
2.22045e-12
-2.04281e-11
0
2.04281e-11
-2.22045e-12
-1.15463e-11
1.59872e-11
1.95399e-11
0
-7.54952e-12
-1.77636e-12
-8.43769e-12
-1.77636e-11
1.59872e-11
3.9968e-12
6.21725e-12
0
0
-1.95399e-11
-2.4869e-11
2.57572e-11
1.86517e-11
0
-1.86517e-11
-1.42109e-11
1.33227e-12
4.44089e-13
2.53131e-11
1.82077e-11
-2.22045e-11
-3.10862e-12
2.17604e-11
8.88178e-13
-3.10862e-12
6.21725e-12
-9.32587e-12
8.88178e-13
-1.19904e-11
0
2.26485e-11
-1.68754e-11
5.32907e-12
0
0
9.32587e-12
-3.10862e-12
-3.55271e-12
0
0
4.08562e-11
0
-3.73035e-11
0
-3.55271e-12
2.22045e-12
-8.88178e-13
4.57412e-11
-3.55271e-12
-3.86358e-11
4.21885e-11
-3.55271e-12
0
4.44089e-12
-4.08562e-11
3.77476e-11
1.5099e-11
5.77316e-12
-8.43769e-12
4.44089e-13
9.32587e-12
-2.22045e-11
0
2.13163e-11
-7.99361e-12
8.88178e-13
-1.33227e-12
4.44089e-13
-4.44089e-13
-1.77636e-11
2.39808e-11
8.88178e-13
7.10543e-12
-5.77316e-12
-1.33227e-12
1.64313e-11
0
-1.46549e-11
-2.26485e-11
-3.10862e-12
2.4869e-11
7.99361e-12
-3.9968e-12
1.15463e-11
-1.42109e-11
1.33227e-12
2.26485e-11
-3.55271e-12
3.10862e-12
-9.76996e-12
-2.44249e-11
7.99361e-12
1.06581e-11
0
0
5.77316e-12
-8.88178e-13
2.62013e-11
7.54952e-12
-1.5099e-11
-1.42109e-11
-1.55431e-11
-9.32587e-12
2.04281e-11
1.15463e-11
8.88178e-12
6.66134e-12
1.11022e-11
0
4.44089e-12
-2.57572e-11
-8.88178e-13
1.11022e-11
0
7.54952e-12
-3.9968e-12
1.5099e-11
8.88178e-13
-7.54952e-12
-4.44089e-13
-1.59872e-11
2.17604e-11
2.13163e-11
0
-1.77636e-12
8.88178e-13
2.53131e-11
0
-6.66134e-12
-2.66454e-12
-1.82077e-11
1.42109e-11
1.33227e-11
0
-2.22045e-12
-3.9968e-12
2.22045e-12
4.08562e-11
-5.77316e-12
0
-2.66454e-12
-4.61853e-11
5.32907e-12
-8.88178e-13
-4.44089e-12
5.77316e-12
7.54952e-12
2.66454e-12
8.88178e-13
3.95239e-11
3.33067e-11
-4.30767e-11
-3.4639e-11
4.88498e-12
-2.66454e-12
3.86358e-11
2.22045e-11
-7.10543e-12
-3.10862e-12
7.99361e-12
9.32587e-12
-2.22045e-11
-7.54952e-12
2.08722e-11
0
-1.33227e-11
6.21725e-12
-1.02141e-11
-5.77316e-12
1.59872e-11
-4.44089e-13
-1.77636e-12
3.55271e-12
0
4.44089e-12
-2.4869e-11
-2.66454e-11
2.22045e-11
1.90958e-11
1.33227e-12
2.66454e-12
-3.9968e-12
-2.04281e-11
-1.90958e-11
4.44089e-13
2.22045e-11
-1.11022e-11
1.9984e-11
-1.77636e-12
-6.21725e-12
2.08722e-11
1.19904e-11
-7.99361e-12
-1.77636e-11
-7.99361e-12
-7.10543e-12
0
0
5.77316e-12
-9.76996e-12
-1.64313e-11
5.77316e-12
2.66454e-12
5.77316e-12
2.4869e-11
1.19904e-11
-8.43769e-12
1.77636e-12
5.77316e-12
1.11022e-11
-1.64313e-11
-3.10862e-12
8.88178e-13
0
1.15463e-11
1.68754e-11
-5.32907e-12
4.44089e-13
0
-4.44089e-13
-1.02141e-11
2.17604e-11
2.13163e-11
-3.9968e-12
-1.77636e-12
4.88498e-12
1.68754e-11
-1.37668e-11
-8.43769e-12
-2.22045e-12
7.54952e-12
7.54952e-12
-2.53131e-11
-1.33227e-12
1.90958e-11
-1.95399e-11
0
3.10862e-12
-4.44089e-13
-7.10543e-12
-8.88178e-12
8.88178e-12
4.44089e-12
0
4.08562e-11
-1.33227e-12
-4.13003e-11
2.9754e-11
-5.32907e-12
-2.70894e-11
4.26326e-11
-2.66454e-12
-3.41949e-11
0
-4.44089e-13
2.9754e-11
-2.22045e-12
4.88498e-12
-2.26485e-11
-4.44089e-13
2.4869e-11
-6.66134e-12
0
-1.02141e-11
4.44089e-12
4.44089e-12
-1.33227e-12
0
1.95399e-11
0
1.06581e-11
3.55271e-12
-2.35367e-11
0
1.73195e-11
4.44089e-13
1.15463e-11
5.77316e-12
0
0
-8.43769e-12
-2.93099e-11
0
0
1.90958e-11
1.64313e-11
7.54952e-12
4.44089e-13
-1.9984e-11
-1.33227e-12
2.35367e-11
1.15463e-11
6.21725e-12
-3.9968e-12
-4.88498e-12
1.5099e-11
1.59872e-11
-7.10543e-12
-8.88178e-13
6.21725e-12
-1.9984e-11
-2.26485e-11
0
1.90958e-11
-3.10862e-12
-2.75335e-11
0
4.44089e-13
0
-4.44089e-13
-6.21725e-12
1.77636e-11
2.17604e-11
6.66134e-12
-5.77316e-12
-1.77636e-12
1.42109e-11
2.04281e-11
-1.9984e-11
-6.21725e-12
2.44249e-11
-1.82077e-11
5.32907e-12
0
-1.15463e-11
5.32907e-12
2.04281e-11
-6.21725e-12
-9.32587e-12
6.21725e-12
1.55431e-11
-1.28786e-11
-1.9984e-11
-5.32907e-12
-3.10862e-12
1.11022e-11
-4.44089e-13
4.21885e-11
0
-3.64153e-11
4.61853e-11
-4.88498e-12
0
0
0
-6.66134e-12
4.44089e-11
2.22045e-12
-3.90799e-11
3.95239e-11
3.68594e-11
-4.44089e-11
-3.4639e-11
2.66454e-12
-2.66454e-12
2.66454e-12
2.75335e-11
0
-1.90958e-11
3.9968e-12
1.9984e-11
-5.77316e-12
-7.54952e-12
-1.86517e-11
-5.77316e-12
2.75335e-11
-8.88178e-13
0
2.75335e-11
-4.44089e-13
-2.62013e-11
-7.99361e-12
2.35367e-11
-5.77316e-12
-1.06581e-11
2.22045e-12
-1.46549e-11
1.77636e-12
2.84217e-11
2.17604e-11
-5.32907e-12
3.9968e-12
-2.04281e-11
-7.99361e-12
0
3.55271e-12
2.22045e-11
2.22045e-12
2.66454e-12
2.4869e-11
-4.88498e-12
-5.32907e-12
-4.44089e-13
0
0
-2.08722e-11
7.99361e-12
4.44089e-13
-1.5099e-11
0
1.59872e-11
3.9968e-12
-1.68754e-11
2.66454e-12
1.86517e-11
6.66134e-12
6.66134e-12
2.04281e-11
0
-2.04281e-11
1.77636e-12
2.62013e-11
-2.79776e-11
0
1.15463e-11
-2.57572e-11
-2.84217e-11
1.33227e-12
0
4.44089e-13
5.32907e-12
1.02141e-11
2.17604e-11
-5.32907e-12
-1.15463e-11
7.10543e-12
2.66454e-11
2.22045e-11
0
-2.22045e-11
-2.66454e-11
2.53131e-11
1.42109e-11
8.88178e-13
-1.5099e-11
-4.44089e-12
2.22045e-12
7.54952e-12
-5.77316e-12
1.33227e-12
4.13003e-11
-8.88178e-12
-4.39648e-11
-4.44089e-13
6.66134e-12
4.44089e-13
0
3.95239e-11
0
0
3.77476e-11
-2.22045e-12
2.22045e-12
-3.77476e-11
-2.22045e-12
3.9968e-11
3.64153e-11
-3.90799e-11
-3.9968e-11
3.41949e-11
4.30767e-11
-3.33067e-11
-3.9968e-11
-7.99361e-12
0
4.88498e-12
3.33067e-11
-8.88178e-13
-3.28626e-11
0
4.44089e-11
3.90799e-11
-4.30767e-11
-6.66134e-12
0
-3.33067e-11
0
0
-3.10862e-12
-7.54952e-12
3.9968e-12
3.55271e-12
-7.99361e-12
4.04121e-11
6.21725e-12
-4.35207e-11
3.28626e-11
7.54952e-12
6.66134e-12
-2.22045e-12
-3.33067e-11
2.75335e-11
-6.21725e-12
0
0
-2.44249e-11
0
4.08562e-11
-1.33227e-12
0
3.86358e-11
-1.33227e-12
-3.64153e-11
-3.95239e-11
-6.66134e-12
0
4.44089e-11
7.54952e-12
0
-7.54952e-12
4.44089e-13
5.32907e-12
-4.39648e-11
3.81917e-11
4.52971e-11
-3.86358e-11
0
4.26326e-11
0
-4.44089e-13
9.76996e-12
-3.77476e-11
-8.88178e-13
-1.77636e-12
-7.54952e-12
1.33227e-12
-6.21725e-12
2.22045e-12
-4.44089e-13
-3.86358e-11
8.88178e-12
-7.54952e-12
0
-4.44089e-13
-7.99361e-12
4.44089e-11
-1.77636e-12
-1.33227e-12
-1.33227e-12
3.86358e-11
-3.64153e-11
-3.81917e-11
8.88178e-13
3.77476e-11
3.81917e-11
8.88178e-13
-5.77316e-12
2.22045e-12
0
-2.22045e-12
1.77636e-12
0
4.44089e-13
0
-3.64153e-11
-3.4639e-11
-1.77636e-12
-2.66454e-12
-4.44089e-13
3.10862e-12
-1.77636e-12
0
1.33227e-12
0
3.4639e-11
3.4639e-11
3.10862e-12
8.88178e-13
-1.33227e-12
-4.44089e-13
0
0
-5.32907e-12
0
3.9968e-11
3.41949e-11
3.10862e-12
-3.10862e-12
-7.99361e-12
-4.88498e-12
4.57412e-11
-4.44089e-13
4.44089e-13
4.44089e-13
1.33227e-12
4.70735e-11
4.88498e-12
1.33227e-12
0
3.86358e-11
0
0
-4.30767e-11
0
4.39648e-11
1.33227e-12
-5.77316e-12
1.33227e-12
4.70735e-11
3.86358e-11
0
0
-1.95399e-11
0
2.04281e-11
1.33227e-12
-3.4639e-11
-3.55271e-12
0
3.55271e-12
3.95239e-11
0
-8.88178e-13
-2.22045e-12
4.44089e-13
4.13003e-11
-8.88178e-13
5.77316e-12
0
2.62013e-11
-4.44089e-12
-2.75335e-11
5.77316e-12
-2.22045e-12
3.81917e-11
4.13003e-11
-4.21885e-11
-3.55271e-12
4.75175e-11
4.30767e-11
0
0
-4.44089e-13
0
1.33227e-12
1.33227e-12
-3.9968e-12
-4.44089e-13
6.21725e-12
4.44089e-13
0
0
-4.08562e-11
0
4.44089e-13
-4.08562e-11
-1.77636e-12
-3.10862e-12
0
3.10862e-12
-1.77636e-12
0
1.33227e-12
0
3.4639e-11
3.4639e-11
-4.88498e-12
1.19904e-11
0
5.77316e-12
-3.9968e-12
0
-2.22045e-12
-1.90958e-11
5.19584e-11
6.66134e-11
-2.93099e-11
-8.88178e-12
1.46549e-11
-4.44089e-12
1.37668e-11
0
-2.44249e-11
0
2.4869e-11
1.37668e-11
8.43769e-12
-7.10543e-12
0
7.10543e-12
-4.44089e-13
-1.33227e-12
-1.15463e-11
8.88178e-13
1.24345e-11
8.88178e-13
-8.43769e-12
4.44089e-12
-5.77316e-12
-4.44089e-12
1.37668e-11
0
-1.73195e-11
0
1.5099e-11
1.11022e-11
-7.10543e-12
4.44089e-12
0
-4.44089e-12
7.99361e-12
0
-3.10862e-12
7.54952e-12
4.26326e-11
4.04121e-11
5.32907e-12
-1.19904e-11
4.44089e-13
1.19904e-11
7.99361e-12
-8.88178e-13
8.88178e-13
0
3.64153e-11
4.4853e-11
-4.44089e-12
-7.10543e-12
7.99361e-12
9.76996e-12
-2.22045e-11
-4.44089e-13
1.24345e-11
4.44089e-13
4.44089e-11
3.41949e-11
-7.99361e-12
-2.08722e-11
0
1.37668e-11
7.99361e-12
-8.88178e-13
1.33227e-12
0
-4.44089e-13
8.43769e-12
-3.59712e-11
-4.21885e-11
-8.88178e-13
8.88178e-13
0
0
-5.32907e-12
0
4.75175e-11
4.21885e-11
-4.21885e-11
1.33227e-12
7.10543e-12
3.86358e-11
0
-3.95239e-11
-5.32907e-12
4.44089e-13
3.95239e-11
3.4639e-11
0
-1.02141e-11
-1.37668e-11
2.39808e-11
0
-1.37668e-11
1.15463e-11
0
4.17444e-11
5.41789e-11
0
8.88178e-13
1.59872e-11
-1.64313e-11
-2.26485e-11
0
2.30926e-11
8.88178e-13
-3.55271e-12
1.42109e-11
1.55431e-11
1.19904e-11
-1.73195e-11
5.32907e-12
1.37668e-11
-1.73195e-11
-1.77636e-12
-2.22045e-12
4.13003e-11
5.50671e-11
0
2.79776e-11
0
-2.79776e-11
0
0
2.79776e-11
0
-7.54952e-12
2.04281e-11
0
1.42109e-11
0
-1.42109e-11
0
0
-7.54952e-12
1.37668e-11
2.13163e-11
0
4.44089e-13
6.66134e-12
2.13163e-11
-2.84217e-11
-9.76996e-12
2.13163e-11
1.73195e-11
-4.44089e-13
-7.54952e-12
-1.33227e-12
-8.88178e-12
-2.79776e-11
1.42109e-11
1.59872e-11
-2.22045e-12
1.46549e-11
-1.77636e-12
-1.37668e-11
-4.44089e-13
1.02141e-11
-1.06581e-11
6.66134e-12
2.13163e-11
-2.84217e-11
-9.76996e-12
2.13163e-11
1.37668e-11
-1.02141e-11
-4.44089e-12
8.88178e-12
8.88178e-13
4.13003e-11
-8.43769e-12
-3.28626e-11
-8.88178e-13
-7.99361e-12
4.21885e-11
0
5.32907e-12
4.75175e-11
-4.88498e-12
-3.10862e-12
7.99361e-12
-4.88498e-12
0
7.99361e-12
3.81917e-11
0
0
3.81917e-11
-5.77316e-12
-7.10543e-12
0
7.10543e-12
-4.44089e-13
-1.33227e-12
3.9968e-12
0
3.55271e-12
7.10543e-12
-2.22045e-12
9.32587e-12
0
-6.21725e-12
-6.21725e-12
0
1.15463e-11
0
3.81917e-11
4.44089e-11
-1.46549e-11
-4.44089e-13
9.76996e-12
2.04281e-11
-1.33227e-12
0
0
0
4.39648e-11
4.26326e-11
-6.21725e-12
2.62013e-11
-2.04281e-11
-5.77316e-12
1.9984e-11
-2.08722e-11
3.55271e-12
0
3.55271e-12
2.66454e-11
1.33227e-12
-1.9984e-11
-2.57572e-11
1.42109e-11
1.37668e-11
-6.21725e-12
0
-1.5099e-11
1.46549e-11
2.84217e-11
-1.77636e-12
1.33227e-11
7.99361e-12
4.44089e-12
-2.57572e-11
7.54952e-12
1.37668e-11
0
1.24345e-11
4.44089e-13
-3.55271e-12
-2.08722e-11
2.66454e-11
1.02141e-11
-2.75335e-11
-7.10543e-12
2.62013e-11
1.86517e-11
4.44089e-13
-4.44089e-13
1.19904e-11
-8.43769e-12
-2.57572e-11
1.42109e-11
1.77636e-12
-5.32907e-12
1.11022e-11
-1.5099e-11
1.46549e-11
2.84217e-11
-3.77476e-11
4.13003e-11
-4.44089e-13
-3.41949e-11
0
-4.44089e-13
3.64153e-11
0
2.22045e-12
3.90799e-11
-3.33067e-11
8.88178e-13
-1.33227e-12
-4.44089e-13
0
0
8.88178e-13
-4.44089e-13
3.41949e-11
3.41949e-11
1.37668e-11
-1.02141e-11
-1.37668e-11
2.39808e-11
0
-1.37668e-11
-1.06581e-11
1.33227e-11
6.43929e-11
4.04121e-11
0
2.84217e-11
2.57572e-11
-2.84217e-11
-5.77316e-12
-4.44089e-13
8.88178e-12
0
-7.99361e-12
2.04281e-11
2.30926e-11
1.24345e-11
-7.99361e-12
1.33227e-11
-1.77636e-12
-7.54952e-12
-4.44089e-12
-1.90958e-11
4.13003e-11
5.50671e-11
-1.95399e-11
-3.10862e-12
0
-1.55431e-11
1.95399e-11
-8.88178e-13
-3.10862e-12
0
4.88498e-12
2.04281e-11
-6.21725e-12
-7.99361e-12
-9.76996e-12
7.99361e-12
0
0
7.10543e-12
0
7.10543e-12
1.37668e-11
2.08722e-11
1.37668e-11
-9.76996e-12
-1.37668e-11
0
0
1.33227e-11
4.44089e-13
3.55271e-12
1.73195e-11
4.88498e-12
-4.44089e-12
-1.28786e-11
5.77316e-12
1.15463e-11
-1.28786e-11
-1.19904e-11
0
9.32587e-12
8.43769e-12
-2.79776e-11
9.32587e-12
1.95399e-11
-2.88658e-11
7.54952e-12
2.04281e-11
-1.77636e-12
0
-5.32907e-12
1.33227e-12
4.08562e-11
3.4639e-11
-3.86358e-11
3.9968e-12
0
-3.86358e-11
3.4639e-11
0
5.32907e-12
3.9968e-11
-5.32907e-12
-3.73035e-11
7.10543e-12
3.86358e-11
0
-3.95239e-11
0
0
4.08562e-11
4.08562e-11
-2.13163e-11
-6.21725e-12
2.84217e-11
-7.10543e-12
-7.54952e-12
1.37668e-11
4.44089e-12
0
0
-3.55271e-12
-4.44089e-13
1.46549e-11
0
-8.88178e-13
-1.37668e-11
4.44089e-13
1.42109e-11
8.88178e-13
3.77476e-11
3.86358e-11
-3.9968e-12
2.66454e-12
-1.77636e-12
3.55271e-12
2.22045e-11
-8.43769e-12
1.33227e-12
-1.90958e-11
4.13003e-11
6.66134e-11
4.44089e-13
-1.77636e-12
7.54952e-12
-1.37668e-11
5.32907e-12
1.77636e-12
-2.53131e-11
0
2.39808e-11
9.32587e-12
1.33227e-11
-2.13163e-11
0
2.13163e-11
-2.35367e-11
0
2.39808e-11
0
3.86358e-11
3.90799e-11
7.99361e-12
-3.55271e-12
8.88178e-13
8.43769e-12
-5.77316e-12
4.44089e-13
0
0
4.44089e-11
3.90799e-11
-1.24345e-11
-1.02141e-11
1.06581e-11
-3.9968e-12
5.77316e-12
6.21725e-12
-2.66454e-11
4.44089e-12
2.70894e-11
6.21725e-12
1.55431e-11
-1.55431e-11
0
2.13163e-11
-5.77316e-12
4.44089e-13
-8.43769e-12
0
5.28466e-11
3.90799e-11
7.99361e-12
0
2.44249e-11
0
-2.44249e-11
3.10862e-12
0
0
3.81917e-11
3.81917e-11
-4.88498e-12
-4.35207e-11
4.75175e-11
4.30767e-11
0
0
-4.44089e-13
0
1.33227e-12
1.33227e-12
7.99361e-12
1.19904e-11
-1.37668e-11
1.77636e-12
0
-1.37668e-11
1.46549e-11
1.33227e-11
2.66454e-11
2.84217e-11
0
1.95399e-11
-5.32907e-12
6.66134e-12
-2.17604e-11
-4.88498e-12
1.73195e-11
0
4.84057e-11
4.4853e-11
4.88498e-12
-4.44089e-13
1.19904e-11
-1.77636e-12
2.22045e-12
-3.55271e-12
4.88498e-12
0
8.88178e-13
1.19904e-11
0
2.84217e-11
1.33227e-11
-1.68754e-11
3.9968e-12
-1.19904e-11
-2.66454e-11
0
2.08722e-11
2.30926e-11
-1.37668e-11
-6.21725e-12
1.37668e-11
5.77316e-12
-2.66454e-12
0
2.22045e-12
-3.10862e-12
3.95239e-11
4.26326e-11
1.55431e-11
-2.13163e-11
0
2.13163e-11
-2.35367e-11
0
-4.44089e-12
0
6.70575e-11
3.90799e-11
3.10862e-12
-4.44089e-12
-3.55271e-12
5.77316e-12
-9.32587e-12
-2.93099e-11
0
2.57572e-11
1.02141e-11
4.44089e-13
-1.86517e-11
1.64313e-11
2.08722e-11
-1.46549e-11
6.21725e-12
0
-7.54952e-12
2.22045e-11
7.99361e-12
7.10543e-12
-3.86358e-11
1.33227e-12
-7.54952e-12
-8.88178e-13
3.9968e-12
0
0
0
3.5083e-11
3.24185e-11
3.86358e-11
-2.66454e-11
-3.86358e-11
1.33227e-12
2.79776e-11
-3.10862e-12
-2.62013e-11
-2.22045e-12
-4.44089e-13
3.55271e-12
-4.44089e-13
2.22045e-12
1.77636e-12
8.88178e-12
-1.24345e-11
-2.62013e-11
3.10862e-12
2.66454e-11
4.35207e-11
3.37508e-11
-8.88178e-12
-2.79776e-11
1.42109e-11
2.9754e-11
-2.66454e-12
1.33227e-12
-1.77636e-12
0
3.06422e-11
2.75335e-11
-2.26485e-11
-7.99361e-12
2.53131e-11
2.13163e-11
-8.88178e-12
-2.22045e-12
8.43769e-12
2.66454e-12
3.73035e-11
3.86358e-11
-3.9968e-12
-4.44089e-12
8.43769e-12
-2.22045e-12
0
6.66134e-12
-1.42109e-11
1.77636e-12
1.19904e-11
-1.77636e-12
1.19904e-11
1.9984e-11
9.76996e-12
-4.44089e-12
4.44089e-13
-1.59872e-11
-1.28786e-11
2.35367e-11
1.37668e-11
2.22045e-12
-1.9984e-11
-4.44089e-12
2.62013e-11
-1.9984e-11
4.44089e-13
2.39808e-11
-1.42109e-11
2.22045e-12
1.19904e-11
-2.22045e-12
6.66134e-12
1.37668e-11
-1.95399e-11
3.10862e-12
1.90958e-11
-2.39808e-11
-3.10862e-12
5.32907e-12
7.99361e-12
2.53131e-11
0
-4.44089e-13
2.62013e-11
-1.9984e-11
-3.9968e-12
2.39808e-11
3.10862e-12
1.77636e-12
-4.44089e-13
-2.22045e-12
-3.86358e-11
1.02141e-11
1.33227e-12
3.73035e-11
0
-3.73035e-11
-4.88498e-12
8.88178e-13
2.08722e-11
1.77636e-11
-5.32907e-12
-3.55271e-12
4.75175e-11
4.30767e-11
0
0
-4.44089e-13
0
1.33227e-12
1.33227e-12
0
-1.77636e-12
1.28786e-11
-1.11022e-11
-7.54952e-12
1.37668e-11
8.43769e-12
0
8.88178e-13
3.10862e-12
0
2.84217e-11
-8.88178e-13
-1.64313e-11
1.02141e-11
-4.44089e-13
-1.46549e-11
0
1.90958e-11
1.37668e-11
4.88498e-12
-4.44089e-13
1.19904e-11
-1.77636e-12
2.22045e-12
-3.55271e-12
-8.88178e-12
4.44089e-13
1.42109e-11
1.19904e-11
1.77636e-12
2.53131e-11
3.9968e-12
-3.9968e-12
3.55271e-12
0
-2.9754e-11
0
2.9754e-11
7.10543e-12
-2.26485e-11
-1.33227e-12
2.79776e-11
-2.62013e-11
-3.10862e-12
2.84217e-11
-2.53131e-11
-3.10862e-12
2.08722e-11
-3.55271e-12
-1.11022e-11
1.82077e-11
2.84217e-11
-1.9984e-11
-5.32907e-12
2.84217e-11
0
0
5.77316e-12
4.44089e-13
1.28786e-11
-1.9984e-11
1.33227e-12
2.9754e-11
-6.66134e-12
-1.33227e-12
3.10862e-12
2.22045e-12
-4.44089e-13
-3.9968e-12
4.44089e-13
-1.55431e-11
2.84217e-11
-7.10543e-12
-5.77316e-12
2.84217e-11
-2.26485e-11
-3.10862e-12
2.08722e-11
-3.55271e-12
3.77476e-11
4.44089e-12
-1.06581e-11
3.86358e-11
-2.44249e-11
-3.95239e-11
-6.66134e-12
0
4.61853e-11
4.21885e-11
-3.86358e-11
-2.22045e-12
4.08562e-11
2.22045e-12
0
0
-4.44089e-13
0
-3.9968e-11
-4.08562e-11
3.95239e-11
4.17444e-11
-4.21885e-11
4.44089e-13
0
-4.21885e-11
3.10862e-12
0
3.86358e-11
4.13003e-11
0
7.99361e-12
0
-7.99361e-12
8.88178e-12
-8.88178e-13
8.88178e-13
0
0
7.54952e-12
3.73035e-11
3.24185e-11
-3.64153e-11
-2.62013e-11
8.88178e-13
-1.33227e-12
-8.88178e-13
2.22045e-12
0
1.33227e-12
8.43769e-12
3.59712e-11
-4.44089e-13
-3.55271e-11
3.37508e-11
0
-4.08562e-11
0
4.08562e-11
3.33067e-11
4.66294e-11
3.55271e-12
-4.13003e-11
-8.88178e-13
1.77636e-12
-2.22045e-12
3.37508e-11
3.55271e-12
4.44089e-12
3.81917e-11
-3.86358e-11
-8.88178e-13
2.53131e-11
3.55271e-12
-2.4869e-11
1.33227e-12
-8.88178e-12
0
3.9968e-11
3.10862e-11
4.44089e-12
0
3.55271e-12
-3.55271e-12
3.73035e-11
3.55271e-12
-4.21885e-11
8.88178e-13
4.17444e-11
3.81917e-11
4.44089e-12
-3.86358e-11
-5.77316e-12
0
4.66294e-11
-4.88498e-12
-3.77476e-11
4.75175e-11
0
-3.86358e-11
-4.44089e-12
-1.33227e-12
5.32907e-12
-3.9968e-12
-3.86358e-11
-3.37508e-11
0
0
-4.44089e-13
-8.88178e-13
)
;

boundaryField
{
    frontAndBack
    {
        type            calculated;
        value           nonuniform List<scalar> 
600
(
-498.604
-498.604
-498.604
-498.604
-498.604
-498.604
-498.604
-498.604
-498.604
-498.604
-1.39409
-1.39409
-1.39409
-1.39409
-1.39409
-1.39409
-1.39409
-1.39409
-1.39409
-1.39409
-0.00196468
-0.00196468
-0.00196468
-0.00196468
-0.00196468
-0.00196468
-0.00196468
-0.00196468
-0.00196468
-0.00196468
-1.85942e-06
-1.85943e-06
-1.85944e-06
-1.85939e-06
-1.85942e-06
-1.85944e-06
-1.85941e-06
-1.85943e-06
-1.85941e-06
-1.85942e-06
-1.35181e-09
-1.34293e-09
-1.35003e-09
-1.30296e-09
-1.34381e-09
-1.33538e-09
-1.30118e-09
-1.35225e-09
-1.31184e-09
-1.32871e-09
-2.22045e-12
-2.22045e-12
-8.88178e-13
-4.08562e-11
4.88498e-12
-8.88178e-13
2.22045e-11
-8.43769e-12
-3.81917e-11
3.4639e-11
3.81917e-11
7.54952e-12
0
0
4.61853e-11
-7.99361e-12
2.22045e-12
3.77476e-11
-3.5083e-11
-6.21725e-12
0
-4.88498e-12
4.39648e-11
0
3.77476e-11
4.39648e-11
0
5.77316e-12
2.66454e-11
-3.95239e-11
0
-4.44089e-13
-4.44089e-13
-3.86358e-11
-4.57412e-11
7.99361e-12
-4.52971e-11
-4.30767e-11
-8.43769e-12
-3.06422e-11
3.33067e-11
7.10543e-12
-3.5083e-11
3.55271e-12
-3.64153e-11
-4.39648e-11
1.42109e-11
-3.9968e-12
-2.79776e-11
4.08562e-11
-498.604
-498.604
-498.604
-498.604
-498.604
-498.604
-498.604
-498.604
-498.604
-498.604
-1.39409
-1.39409
-1.39409
-1.39409
-1.39409
-1.39409
-1.39409
-1.39409
-1.39409
-1.39409
-0.00196468
-0.00196468
-0.00196468
-0.00196468
-0.00196468
-0.00196468
-0.00196468
-0.00196468
-0.00196468
-0.00196468
-1.85942e-06
-1.85942e-06
-1.85943e-06
-1.85939e-06
-1.85943e-06
-1.85942e-06
-1.85942e-06
-1.85942e-06
-1.85942e-06
-1.85944e-06
-1.32871e-09
-1.34781e-09
-1.35847e-09
-1.34381e-09
-1.34381e-09
-1.34559e-09
-1.35225e-09
-1.34825e-09
-1.35714e-09
-1.31317e-09
-3.10862e-12
-2.66454e-12
-8.88178e-13
0
-1.33227e-12
-1.02141e-11
-3.10862e-12
-5.32907e-12
-1.02141e-11
-2.66454e-12
8.88178e-13
-4.44089e-13
-4.44089e-13
2.22045e-12
0
5.32907e-12
2.22045e-12
-8.88178e-13
3.77476e-11
-3.86358e-11
-1.33227e-12
0
8.43769e-12
-3.68594e-11
8.43769e-12
4.44089e-13
-2.22045e-12
3.10862e-12
7.99361e-12
3.95239e-11
-3.81917e-11
-1.33227e-12
0
4.44089e-12
0
1.33227e-12
-8.43769e-12
-3.9968e-12
-3.81917e-11
3.95239e-11
1.33227e-12
4.70735e-11
-7.99361e-12
0
-8.43769e-12
4.44089e-12
-6.21725e-12
-4.44089e-12
3.64153e-11
-3.86358e-11
1.77636e-12
-3.10862e-12
-1.33227e-12
8.88178e-13
3.33067e-11
-8.88178e-13
5.77316e-12
-1.77636e-12
4.35207e-11
3.86358e-11
2.22045e-12
0
-8.88178e-13
3.37508e-11
0
4.57412e-11
-3.9968e-11
-1.77636e-12
3.10862e-12
0
-2.66454e-12
4.44089e-12
8.88178e-13
0
-2.84217e-11
8.88178e-13
-8.88178e-13
4.44089e-11
0
-8.88178e-13
3.9968e-12
0
0
0
3.95239e-11
-3.86358e-11
0
3.9968e-12
3.90799e-11
0
-3.9968e-12
3.68594e-11
3.37508e-11
-7.99361e-12
3.55271e-12
3.37508e-11
3.10862e-12
2.22045e-12
-1.77636e-12
4.44089e-13
4.44089e-13
-3.55271e-12
-3.55271e-12
2.22045e-12
-4.26326e-11
-3.55271e-12
-2.66454e-12
-8.43769e-12
-1.02141e-11
-2.22045e-12
0
-3.77476e-11
-3.4639e-11
7.54952e-12
0
3.9968e-12
0
-3.73035e-11
-3.4639e-11
1.77636e-12
-2.22045e-12
3.9968e-12
4.44089e-12
-3.55271e-11
3.10862e-12
4.44089e-12
3.10862e-12
0
-3.15303e-11
-3.77476e-11
5.77316e-12
2.22045e-12
-2.22045e-12
-3.10862e-12
3.41949e-11
-4.08562e-11
3.41949e-11
0
3.4639e-11
-2.22045e-12
-3.9968e-12
-1.33227e-12
-4.44089e-13
0
-8.88178e-13
-4.44089e-13
-8.88178e-13
2.22045e-12
2.22045e-12
3.9968e-11
0
3.64153e-11
3.33067e-11
0
3.28626e-11
0
4.44089e-11
0
-6.21725e-12
-1.77636e-12
3.95239e-11
-3.90799e-11
-8.88178e-13
0
7.54952e-12
4.08562e-11
7.54952e-12
4.26326e-11
2.22045e-12
-1.33227e-12
0
-3.9968e-11
-3.28626e-11
-3.10862e-12
6.66134e-12
-1.33227e-12
0
0
-4.44089e-13
-1.33227e-12
0
3.41949e-11
0
-7.54952e-12
-2.22045e-12
0
-7.54952e-12
-4.44089e-13
-3.86358e-11
3.86358e-11
3.77476e-11
4.30767e-11
4.44089e-11
3.9968e-12
-3.33067e-11
3.86358e-11
4.44089e-13
9.76996e-12
8.88178e-12
-3.64153e-11
-2.22045e-12
-3.33067e-11
3.90799e-11
3.55271e-12
2.75335e-11
-1.33227e-12
5.32907e-12
-3.77476e-11
-7.54952e-12
-3.81917e-11
2.22045e-12
-3.9968e-11
-4.30767e-11
-7.99361e-12
-6.21725e-12
-3.64153e-11
-4.39648e-11
-8.88178e-13
0
8.88178e-13
-3.77476e-11
-7.99361e-12
-6.66134e-12
4.04121e-11
0
-3.95239e-11
3.81917e-11
-1.77636e-12
-4.44089e-13
3.77476e-11
-2.22045e-12
0
0
6.21725e-12
0
-6.66134e-12
4.52971e-11
-7.54952e-12
-7.99361e-12
3.81917e-11
3.9968e-11
4.88498e-12
-3.33067e-11
-4.35207e-11
-2.44249e-11
0
-3.86358e-11
1.33227e-12
4.44089e-11
8.88178e-13
-5.77316e-12
-1.77636e-12
3.10862e-12
3.10862e-12
4.88498e-12
-5.77316e-12
-3.4639e-11
-8.88178e-13
-4.21885e-11
-3.9968e-12
2.22045e-12
-2.66454e-12
8.88178e-13
-3.10862e-12
1.33227e-12
1.33227e-12
-3.55271e-12
5.77316e-12
-3.55271e-12
-4.44089e-13
0
-4.44089e-13
-1.33227e-12
-7.99361e-12
0
4.70735e-11
0
0
4.75175e-11
6.21725e-12
-2.22045e-12
3.10862e-12
-4.44089e-13
-4.88498e-12
3.86358e-11
3.86358e-11
3.55271e-12
2.62013e-11
4.30767e-11
4.44089e-13
1.77636e-12
-1.77636e-12
0
4.57412e-11
0
0
3.95239e-11
-4.44089e-12
0
0
0
0
0
-4.44089e-13
0
0
0
-2.75335e-11
0
0
4.44089e-13
1.33227e-12
-5.32907e-12
4.44089e-13
-4.30767e-11
-1.95399e-11
-8.88178e-13
5.77316e-12
-4.44089e-13
-4.08562e-11
0
0
0
4.44089e-13
0
0
-2.22045e-12
-2.22045e-12
0
0
-3.64153e-11
3.4639e-11
3.9968e-11
1.33227e-12
4.39648e-11
2.04281e-11
4.44089e-13
3.81917e-11
1.33227e-12
4.44089e-13
-3.4639e-11
3.4639e-11
3.41949e-11
4.70735e-11
1.33227e-12
1.33227e-12
4.13003e-11
4.13003e-11
1.33227e-12
-4.08562e-11
-3.86358e-11
3.95239e-11
0
3.73035e-11
8.43769e-12
4.66294e-11
-3.86358e-11
4.44089e-12
4.44089e-12
-4.44089e-12
-2.22045e-12
4.17444e-11
7.99361e-12
3.24185e-11
3.59712e-11
3.55271e-12
-8.88178e-13
0
-3.86358e-11
-1.33227e-12
4.08562e-11
-4.21885e-11
0
-3.64153e-11
-4.44089e-13
-4.13003e-11
2.53131e-11
3.55271e-12
-5.77316e-12
5.32907e-12
2.22045e-12
4.44089e-13
-7.99361e-12
-2.62013e-11
-3.55271e-11
-8.88178e-13
3.55271e-12
-3.55271e-12
0
-3.9968e-12
0
0
8.88178e-12
8.88178e-13
3.37508e-11
1.77636e-12
-2.4869e-11
3.73035e-11
4.66294e-11
-3.86358e-11
0
-4.21885e-11
-8.88178e-13
-1.33227e-12
0
-2.22045e-12
1.33227e-12
3.55271e-12
-4.88498e-12
-3.37508e-11
-4.44089e-13
3.10862e-12
8.88178e-13
-8.88178e-13
-4.08562e-11
3.37508e-11
-8.88178e-12
-4.21885e-11
-3.77476e-11
0
0
0
0
2.22045e-12
0
3.55271e-12
0
8.88178e-13
4.75175e-11
0
-3.9968e-11
3.86358e-11
0
0
4.08562e-11
4.44089e-12
3.9968e-11
4.17444e-11
0
-4.44089e-13
-4.08562e-11
4.13003e-11
7.54952e-12
1.33227e-12
3.33067e-11
3.81917e-11
3.10862e-11
3.81917e-11
-3.86358e-11
-8.88178e-13
)
;
    }
    left
    {
        type            calculated;
        value           nonuniform List<scalar> 
100
(
-994.424
-994.424
-994.424
-994.424
-994.424
-994.424
-994.424
-994.424
-994.424
-994.424
-994.424
-994.424
-994.424
-994.424
-994.424
-994.424
-994.424
-994.424
-994.424
-994.424
-994.424
-994.424
-994.424
-994.424
-994.424
-994.424
-994.424
-994.424
-994.424
-994.424
-994.424
-994.424
-994.424
-994.424
-994.424
-994.424
-994.424
-994.424
-994.424
-994.424
-994.424
-994.424
-994.424
-994.424
-994.424
-994.424
-994.424
-994.424
-994.424
-994.424
-994.424
-994.424
-994.424
-994.424
-994.424
-994.424
-994.424
-994.424
-994.424
-994.424
-994.424
-994.424
-994.424
-994.424
-994.424
-994.424
-994.424
-994.424
-994.424
-994.424
-994.424
-994.424
-994.424
-994.424
-994.424
-994.424
-994.424
-994.424
-994.424
-994.424
-994.424
-994.424
-994.424
-994.424
-994.424
-994.424
-994.424
-994.424
-994.424
-994.424
-994.424
-994.424
-994.424
-994.424
-994.424
-994.424
-994.424
-994.424
-994.424
-994.424
)
;
    }
    right
    {
        type            calculated;
        value           uniform 0;
    }
    lowerWall
    {
        type            calculated;
        value           nonuniform List<scalar> 
300
(
-498.604
-498.604
-498.604
-498.604
-498.604
-498.604
-498.604
-498.604
-498.604
-498.604
-1.39409
-1.39409
-1.39409
-1.39409
-1.39409
-1.39409
-1.39409
-1.39409
-1.39409
-1.39409
-0.00196468
-0.00196468
-0.00196468
-0.00196468
-0.00196468
-0.00196468
-0.00196468
-0.00196468
-0.00196468
-0.00196468
-1.85942e-06
-1.85942e-06
-1.85944e-06
-1.85943e-06
-1.85942e-06
-1.85944e-06
-1.85943e-06
-1.85939e-06
-1.85944e-06
-1.85942e-06
-1.35181e-09
-1.35891e-09
-1.35003e-09
-1.34115e-09
-1.35847e-09
-1.35003e-09
-1.34515e-09
-1.36025e-09
-1.30118e-09
-1.32871e-09
-2.22045e-12
-4.44089e-12
-8.88178e-13
-5.32907e-12
6.21725e-12
4.26326e-11
2.53131e-11
-8.88178e-13
2.4869e-11
-3.10862e-12
3.81917e-11
4.61853e-11
0
3.86358e-11
4.61853e-11
-5.77316e-12
8.43769e-12
4.57412e-11
-3.5083e-11
8.88178e-13
0
2.66454e-12
4.39648e-11
0
3.64153e-11
0
-2.66454e-11
-3.77476e-11
0
-1.33227e-12
0
-3.9968e-11
-4.44089e-13
-3.86358e-11
-4.57412e-11
6.21725e-12
-8.88178e-12
0
-8.43769e-12
-3.81917e-11
3.33067e-11
4.44089e-13
-3.5083e-11
3.55271e-12
-3.86358e-11
-4.39648e-11
-8.88178e-13
-3.10862e-12
-2.79776e-11
1.33227e-12
1.77636e-12
-3.10862e-12
-1.33227e-12
8.88178e-13
-4.44089e-13
-8.88178e-13
7.54952e-12
-4.13003e-11
4.44089e-11
0
2.22045e-12
0
-8.88178e-13
-3.10862e-12
2.66454e-12
4.57412e-11
2.66454e-12
2.9754e-11
2.22045e-12
3.95239e-11
-2.66454e-12
3.95239e-11
8.88178e-13
0
7.99361e-12
-3.55271e-12
8.88178e-13
-5.32907e-12
-3.90799e-11
0
3.9968e-12
0
3.9968e-11
0
4.44089e-13
-3.86358e-11
3.95239e-11
-2.70894e-11
3.95239e-11
0
-3.9968e-12
1.77636e-12
-3.55271e-12
0
3.37508e-11
4.21885e-11
3.33067e-11
4.26326e-11
3.68594e-11
3.77476e-11
4.44089e-13
-6.66134e-12
-7.54952e-12
3.90799e-11
3.10862e-11
-3.55271e-12
-4.30767e-11
-2.66454e-12
-4.44089e-11
-2.22045e-12
0
-3.86358e-11
2.66454e-12
-4.44089e-13
-3.37508e-11
0
-3.4639e-11
-3.41949e-11
-3.4639e-11
2.22045e-12
-2.22045e-12
8.43769e-12
-3.15303e-11
-3.55271e-11
-3.15303e-11
4.44089e-12
4.88498e-12
0
2.66454e-12
-3.77476e-11
5.77316e-12
1.77636e-12
3.4639e-11
-3.10862e-12
3.4639e-11
-4.08562e-11
-2.66454e-12
-4.44089e-13
-2.66454e-12
-2.22045e-12
-3.9968e-12
-1.33227e-12
-8.88178e-13
0
-8.88178e-13
3.77476e-11
3.86358e-11
2.9754e-11
2.66454e-12
3.9968e-11
-5.77316e-12
-1.77636e-12
-4.21885e-11
-4.88498e-12
-3.33067e-11
-5.32907e-12
-4.88498e-12
3.86358e-11
-5.32907e-12
-3.86358e-11
2.22045e-12
-3.10862e-12
1.33227e-12
-3.10862e-12
8.88178e-13
-3.73035e-11
-4.35207e-11
-2.66454e-11
-3.55271e-12
-2.22045e-12
0
0
7.10543e-12
7.99361e-12
-1.33227e-12
7.10543e-12
4.75175e-11
-3.86358e-11
4.75175e-11
4.08562e-11
-2.22045e-12
3.10862e-12
3.86358e-11
-4.88498e-12
-4.44089e-13
3.86358e-11
4.30767e-11
1.33227e-12
4.30767e-11
2.22045e-12
1.77636e-12
-1.77636e-12
0
0
0
0
0
2.79776e-11
0
0
0
0
-3.95239e-11
7.99361e-12
0
-3.95239e-11
0
-3.10862e-12
0
0
4.44089e-13
1.33227e-12
-5.32907e-12
3.81917e-11
8.88178e-13
0
-4.44089e-13
-2.62013e-11
-4.44089e-13
-4.44089e-13
0
0
4.44089e-13
0
-4.44089e-13
0
0
-2.22045e-12
0
0
-3.64153e-11
3.4639e-11
3.95239e-11
0
3.41949e-11
4.08562e-11
1.33227e-12
-4.44089e-13
1.33227e-12
-3.9968e-11
-3.4639e-11
3.4639e-11
3.4639e-11
3.81917e-11
3.41949e-11
4.08562e-11
1.33227e-12
3.55271e-12
1.33227e-12
-4.08562e-11
)
;
    }
    upperWall
    {
        type            calculated;
        value           nonuniform List<scalar> 
300
(
-498.604
-498.604
-498.604
-498.604
-498.604
-498.604
-498.604
-498.604
-498.604
-498.604
-1.39409
-1.39409
-1.39409
-1.39409
-1.39409
-1.39409
-1.39409
-1.39409
-1.39409
-1.39409
-0.00196468
-0.00196468
-0.00196468
-0.00196468
-0.00196468
-0.00196468
-0.00196468
-0.00196468
-0.00196468
-0.00196468
-1.85942e-06
-1.85943e-06
-1.85943e-06
-1.85944e-06
-1.85943e-06
-1.85944e-06
-1.85943e-06
-1.85943e-06
-1.85944e-06
-1.85944e-06
-1.32871e-09
-1.33715e-09
-1.34515e-09
-1.34381e-09
-1.35847e-09
-1.33449e-09
-1.35847e-09
-1.33893e-09
-1.34248e-09
-1.31317e-09
3.4639e-11
-3.10862e-12
-1.33227e-12
3.59712e-11
-1.33227e-12
4.30767e-11
-1.33227e-12
-8.88178e-13
4.30767e-11
-2.66454e-12
-6.21725e-12
3.73035e-11
0
-4.44089e-12
5.32907e-12
4.44089e-12
5.32907e-12
-1.33227e-12
-4.44089e-13
-3.86358e-11
-3.95239e-11
0
9.32587e-12
-3.90799e-11
0
4.44089e-13
8.43769e-12
4.44089e-11
-3.64153e-11
3.95239e-11
-3.06422e-11
-4.08562e-11
7.54952e-12
7.10543e-12
3.10862e-12
8.88178e-13
3.10862e-12
-3.9968e-12
-2.22045e-12
3.95239e-11
4.08562e-11
4.88498e-12
-7.54952e-12
-7.10543e-12
8.43769e-12
-3.86358e-11
-3.10862e-12
-3.9968e-11
-7.54952e-12
-3.86358e-11
3.86358e-11
2.66454e-12
-9.32587e-12
1.33227e-12
-3.10862e-12
2.22045e-12
0
-4.44089e-13
2.22045e-12
-1.77636e-12
0
4.17444e-11
0
0
-3.55271e-12
4.08562e-11
3.10862e-12
4.21885e-11
7.54952e-12
-1.33227e-12
-8.88178e-13
-3.10862e-12
0
-4.44089e-12
0
-5.77316e-12
-4.44089e-13
0
-5.77316e-12
-1.33227e-12
0
-3.95239e-11
7.99361e-12
7.99361e-12
0
0
-7.10543e-12
-3.64153e-11
1.33227e-12
3.86358e-11
4.44089e-13
3.55271e-12
1.33227e-12
4.44089e-12
4.08562e-11
-2.66454e-12
-8.88178e-12
4.61853e-11
4.13003e-11
-3.64153e-11
-2.22045e-12
-3.9968e-12
-9.32587e-12
3.59712e-11
0
-4.61853e-11
8.88178e-12
-4.88498e-12
-8.88178e-12
-3.81917e-11
1.77636e-12
3.9968e-11
0
-8.88178e-13
-3.73035e-11
5.32907e-12
4.44089e-12
0
-4.39648e-11
8.88178e-13
-3.77476e-11
4.44089e-12
0
-3.5083e-11
0
-8.88178e-13
0
0
-4.44089e-13
3.77476e-11
-2.22045e-12
-5.32907e-12
7.99361e-12
3.73035e-11
-3.55271e-12
-4.44089e-12
4.08562e-11
0
6.66134e-12
3.81917e-11
3.9968e-11
3.77476e-11
4.44089e-13
-7.54952e-12
2.22045e-12
5.77316e-12
-1.33227e-12
-6.66134e-12
4.44089e-13
8.88178e-13
-3.9968e-12
-3.59712e-11
8.88178e-13
-3.77476e-11
4.08562e-11
7.99361e-12
-3.86358e-11
-3.86358e-11
3.77476e-11
-4.44089e-12
-4.44089e-13
-4.21885e-11
4.13003e-11
4.13003e-11
3.4639e-11
0
1.33227e-12
1.02141e-11
4.44089e-12
-1.33227e-12
6.21725e-12
-8.88178e-13
-8.43769e-12
-4.44089e-13
-3.86358e-11
2.44249e-11
-7.54952e-12
1.33227e-12
-1.06581e-11
5.32907e-12
4.44089e-13
8.88178e-13
-3.28626e-11
-3.41949e-11
3.9968e-12
0
-8.88178e-13
3.73035e-11
3.86358e-11
-3.9968e-12
0
0
-8.88178e-13
0
0
-2.44249e-11
3.9968e-12
0
-2.44249e-11
-3.86358e-11
0
0
-7.99361e-12
-4.44089e-13
-3.86358e-11
3.10862e-12
0
-3.73035e-11
-3.95239e-11
-3.37508e-11
-4.08562e-11
-5.32907e-12
4.21885e-11
3.64153e-11
3.4639e-11
0
0
-4.88498e-12
-6.66134e-12
0
0
0
0
0
0
0
0
8.88178e-13
0
0
4.44089e-13
4.75175e-11
5.32907e-12
2.22045e-12
5.32907e-12
3.81917e-11
3.5083e-11
2.08722e-11
4.61853e-11
-4.44089e-13
-4.08562e-11
4.21885e-11
4.75175e-11
3.90799e-11
3.9968e-11
3.81917e-11
3.24185e-11
1.77636e-11
4.21885e-11
-8.88178e-13
)
;
    }
}


// ************************************************************************* //
