/*--------------------------------*- C++ -*----------------------------------*\
  =========                 |
  \\      /  F ield         | OpenFOAM: The Open Source CFD Toolbox
   \\    /   O peration     | Website:  https://openfoam.org
    \\  /    A nd           | Version:  10
     \\/     M anipulation  |
\*---------------------------------------------------------------------------*/
FoamFile
{
    format      ascii;
    class       volScalarField;
    location    "0.3";
    object      gradTy;
}
// * * * * * * * * * * * * * * * * * * * * * * * * * * * * * * * * * * * * * //

dimensions      [0 -1 0 1 0 0 0];

internalField   nonuniform List<scalar> 
3000
(
-2.367e-10
-3.10862e-12
3.9968e-12
-1.02141e-11
-2.66454e-12
-3.55271e-12
-2.66454e-12
-1.5099e-11
-3.55271e-12
-1.59872e-11
-2.26485e-10
-2.66454e-12
3.10862e-12
-1.33227e-12
-3.9968e-12
0
-3.9968e-12
-1.55431e-11
1.33227e-11
-1.46549e-11
4.88498e-12
0
-1.33227e-12
5.32907e-12
1.73195e-11
1.82077e-11
4.44089e-13
1.46549e-11
4.44089e-13
0
-8.88178e-12
2.66454e-12
-6.21725e-12
-9.76996e-12
0
-3.9968e-12
2.22045e-12
1.5099e-11
0
-3.9968e-12
-5.32907e-12
-1.77636e-12
1.33227e-12
-4.44089e-12
-1.86517e-11
-1.46549e-11
-8.88178e-13
-1.82077e-11
1.55431e-11
4.44089e-13
0
-2.66454e-12
0
3.9968e-12
3.55271e-12
1.64313e-11
2.66454e-12
0
-1.15463e-11
0
5.77316e-12
1.06581e-11
1.33227e-12
9.32587e-12
3.9968e-12
8.88178e-13
2.22045e-12
1.82077e-11
-1.24345e-11
-2.22045e-12
0
3.10862e-12
1.15463e-11
1.77636e-12
1.37668e-11
0
-3.55271e-12
-1.5099e-11
0
-4.44089e-13
-1.24345e-11
2.34035e-10
-3.55271e-12
7.10543e-12
-8.88178e-13
1.42109e-11
1.68754e-11
-6.21725e-12
-4.44089e-13
2.22045e-12
-6.66134e-12
2.39808e-10
-7.54952e-12
1.02141e-11
-1.24345e-11
2.22045e-12
1.64313e-11
7.99361e-12
-1.77636e-12
3.9968e-12
-2.38476e-10
3.55271e-12
-3.10862e-12
-1.24345e-11
-6.66134e-12
-9.32587e-12
-4.88498e-12
-1.82077e-11
-1.24345e-11
-4.44089e-13
-2.3137e-10
-2.66454e-12
2.22045e-12
-1.24345e-11
-1.28786e-11
-4.44089e-13
-1.02141e-11
-1.86517e-11
0
-3.10862e-12
8.88178e-13
1.77636e-12
3.9968e-12
2.66454e-12
6.21725e-12
1.19904e-11
8.88178e-13
-1.33227e-12
5.77316e-12
-6.21725e-12
-6.66134e-12
0
-7.10543e-12
-4.44089e-13
0
-9.32587e-12
4.44089e-12
4.44089e-13
-7.54952e-12
-9.76996e-12
-2.22045e-12
-7.10543e-12
1.77636e-12
6.21725e-12
-1.15463e-11
-3.10862e-12
-5.77316e-12
1.33227e-12
6.21725e-12
3.9968e-12
4.44089e-13
0
0
2.22045e-12
8.43769e-12
0
5.77316e-12
0
6.21725e-12
0
5.77316e-12
4.88498e-12
1.33227e-12
-5.77316e-12
9.76996e-12
1.77636e-12
2.66454e-12
4.44089e-13
-9.76996e-12
-6.66134e-12
-4.44089e-13
0
1.06581e-11
0
3.55271e-12
1.15463e-11
0
-4.44089e-13
-7.10543e-12
-4.44089e-13
2.38032e-10
2.44693e-10
-3.9968e-12
4.44089e-12
-4.44089e-13
2.66454e-12
6.21725e-12
1.68754e-11
6.21725e-12
7.99361e-12
2.44249e-10
2.49134e-10
-6.66134e-12
3.9968e-12
-2.66454e-12
8.88178e-13
-2.22045e-12
1.73195e-11
4.88498e-12
1.02141e-11
-2.47802e-10
-4.44089e-13
-1.77636e-12
-3.9968e-12
-8.43769e-12
-3.9968e-12
-4.44089e-13
-2.22045e-12
-1.33227e-11
-3.10862e-12
-2.42917e-10
3.10862e-12
2.22045e-12
-1.82077e-11
-1.33227e-12
-1.33227e-12
-8.88178e-12
0
-2.57572e-11
-1.28786e-11
7.10543e-12
5.32907e-12
-5.77316e-12
-8.43769e-12
6.21725e-12
-8.43769e-12
-2.22045e-12
-1.33227e-12
-1.19904e-11
-3.9968e-12
-6.66134e-12
-7.10543e-12
-3.9968e-12
0
-8.43769e-12
-1.19904e-11
-4.44089e-13
-1.19904e-11
0
0
-2.22045e-12
-1.33227e-12
1.02141e-11
-2.66454e-12
6.21725e-12
0
-4.88498e-12
2.66454e-12
0
2.66454e-12
0
5.32907e-12
-6.21725e-12
0
4.44089e-13
0
0
4.88498e-12
8.88178e-13
8.88178e-13
1.33227e-12
-2.22045e-12
-5.32907e-12
9.32587e-12
-2.22045e-12
1.24345e-11
0
-2.66454e-12
0
-9.32587e-12
1.06581e-11
5.77316e-12
-1.33227e-12
6.66134e-12
-4.44089e-13
-4.44089e-13
0
-5.77316e-12
0
9.32587e-12
2.41585e-10
2.38032e-10
-4.44089e-13
0
-4.44089e-13
-2.66454e-12
8.43769e-12
4.44089e-13
1.24345e-11
1.24345e-11
2.38476e-10
2.32259e-10
4.44089e-12
5.77316e-12
8.43769e-12
8.43769e-12
8.43769e-12
9.32587e-12
1.24345e-11
3.9968e-12
-2.42917e-10
-3.10862e-12
-1.77636e-12
-5.32907e-12
-5.77316e-12
-6.21725e-12
-1.77636e-12
-1.86517e-11
-2.22045e-12
-6.66134e-12
-2.37144e-10
-2.66454e-12
-6.66134e-12
-8.43769e-12
-1.24345e-11
-1.28786e-11
-9.76996e-12
-2.4869e-11
-1.33227e-12
-7.10543e-12
3.9968e-12
1.33227e-12
0
5.32907e-12
0
2.66454e-12
-2.66454e-12
3.9968e-12
-2.66454e-12
8.88178e-13
-5.77316e-12
0
2.22045e-12
8.43769e-12
1.19904e-11
9.32587e-12
4.88498e-12
-1.77636e-12
3.55271e-12
6.21725e-12
-2.22045e-12
-1.33227e-12
-4.44089e-12
-5.32907e-12
2.66454e-12
3.10862e-12
3.9968e-12
-2.22045e-12
2.22045e-12
-6.21725e-12
-1.77636e-12
5.77316e-12
5.77316e-12
-8.43769e-12
0
8.88178e-13
0
0
0
4.44089e-13
3.9968e-12
8.88178e-13
7.99361e-12
6.21725e-12
-6.21725e-12
-1.11022e-11
8.88178e-13
-1.33227e-12
1.77636e-12
9.76996e-12
0
8.88178e-13
-9.32587e-12
5.77316e-12
-3.10862e-12
-4.44089e-13
0
9.76996e-12
-1.19904e-11
-1.19904e-11
2.38032e-10
2.43805e-10
3.9968e-12
0
9.32587e-12
8.43769e-12
1.73195e-11
4.44089e-13
2.66454e-12
2.66454e-12
2.43805e-10
2.38032e-10
1.19904e-11
1.77636e-12
3.9968e-12
1.77636e-12
2.17604e-11
-1.33227e-12
1.19904e-11
1.19904e-11
-2.37144e-10
-2.66454e-12
-2.66454e-12
-4.44089e-12
-8.43769e-12
-8.43769e-12
-3.9968e-12
-1.77636e-11
-2.04281e-11
-8.88178e-12
-2.40252e-10
-5.32907e-12
-3.10862e-12
-1.5099e-11
-9.32587e-12
2.66454e-12
-1.19904e-11
-2.75335e-11
-2.53131e-11
-8.88178e-12
5.32907e-12
5.32907e-12
1.33227e-12
-7.99361e-12
5.77316e-12
0
3.9968e-12
-7.10543e-12
-5.32907e-12
4.88498e-12
0
0
0
1.02141e-11
0
-1.19904e-11
-4.44089e-13
8.43769e-12
0
4.44089e-13
-8.43769e-12
-8.43769e-12
-1.33227e-12
1.33227e-12
-5.77316e-12
0
-1.11022e-11
6.66134e-12
0
2.22045e-12
3.55271e-12
4.44089e-12
0
-1.02141e-11
0
0
0
0
0
9.32587e-12
2.66454e-12
9.32587e-12
9.32587e-12
-6.21725e-12
0
5.77316e-12
7.54952e-12
-7.10543e-12
8.43769e-12
-8.43769e-12
7.99361e-12
6.66134e-12
0
2.22045e-12
0
0
8.88178e-13
2.22045e-12
0
-8.88178e-13
2.37588e-10
2.33591e-10
-4.44089e-12
1.68754e-11
9.32587e-12
3.55271e-12
0
8.43769e-12
8.88178e-13
1.33227e-11
2.30482e-10
2.32259e-10
4.44089e-12
1.28786e-11
8.43769e-12
8.43769e-12
8.43769e-12
-8.88178e-13
8.43769e-12
3.9968e-12
-2.39364e-10
-4.44089e-13
-1.77636e-12
-3.9968e-12
-8.43769e-12
-3.9968e-12
-2.4869e-11
-4.44089e-13
-1.28786e-11
-6.21725e-12
-2.33591e-10
3.10862e-12
2.22045e-12
-1.55431e-11
-9.32587e-12
-1.33227e-11
-2.57572e-11
-2.22045e-12
-2.57572e-11
-1.33227e-11
2.22045e-12
5.32907e-12
-6.66134e-12
-5.77316e-12
8.88178e-13
3.55271e-12
9.76996e-12
4.44089e-13
-1.19904e-11
3.9968e-12
-6.66134e-12
-7.10543e-12
0
3.55271e-12
-8.88178e-13
0
7.99361e-12
3.55271e-12
8.88178e-12
0
3.10862e-12
-1.33227e-12
0
5.77316e-12
0
-1.19904e-11
-8.88178e-12
-1.77636e-12
0
-4.44089e-13
0
0
-9.76996e-12
-3.55271e-12
8.88178e-13
9.76996e-12
-7.99361e-12
-7.10543e-12
4.44089e-13
8.43769e-12
-8.43769e-12
1.33227e-12
5.32907e-12
-4.44089e-13
5.32907e-12
8.43769e-12
4.88498e-12
-6.21725e-12
5.77316e-12
-2.66454e-12
1.06581e-11
1.11022e-11
-1.33227e-12
-1.33227e-12
-4.44089e-13
-4.44089e-13
6.21725e-12
0
8.88178e-13
-8.88178e-12
2.51354e-10
2.36255e-10
4.88498e-12
-6.21725e-12
2.66454e-12
0
1.95399e-11
7.99361e-12
1.95399e-11
5.77316e-12
2.38476e-10
2.34479e-10
9.76996e-12
3.55271e-12
9.32587e-12
0
1.9984e-11
4.88498e-12
1.59872e-11
1.11022e-11
-2.3892e-10
2.66454e-12
4.44089e-13
-4.44089e-13
-6.21725e-12
-8.88178e-12
-3.55271e-12
-2.66454e-12
-8.88178e-13
-8.43769e-12
-2.35367e-10
0
-5.77316e-12
-9.32587e-12
-1.11022e-11
-8.43769e-12
-1.42109e-11
-1.28786e-11
-1.11022e-11
0
0
-1.33227e-12
-6.21725e-12
-5.77316e-12
4.44089e-13
9.32587e-12
-5.32907e-12
-7.10543e-12
8.88178e-13
1.19904e-11
6.21725e-12
5.32907e-12
0
1.02141e-11
0
-4.44089e-13
-4.44089e-13
8.43769e-12
0
0
9.32587e-12
-6.21725e-12
-4.44089e-13
5.32907e-12
-5.77316e-12
-8.88178e-12
3.55271e-12
3.55271e-12
-6.21725e-12
-7.54952e-12
-2.66454e-12
-4.44089e-13
0
-1.06581e-11
0
8.43769e-12
-8.88178e-13
-8.43769e-12
-4.44089e-13
4.44089e-13
-3.55271e-12
8.88178e-12
8.43769e-12
2.22045e-12
0
4.88498e-12
-8.43769e-12
-3.9968e-12
3.55271e-12
3.55271e-12
0
-6.21725e-12
4.44089e-13
-8.88178e-13
8.88178e-13
8.88178e-13
9.32587e-12
7.54952e-12
0
-3.55271e-12
2.39364e-10
2.39364e-10
-4.88498e-12
6.66134e-12
7.54952e-12
2.66454e-12
8.43769e-12
7.99361e-12
3.9968e-12
3.9968e-12
2.38032e-10
2.44249e-10
2.66454e-12
1.42109e-11
9.32587e-12
0
0
2.66454e-12
1.24345e-11
7.54952e-12
-2.367e-10
-2.66454e-12
-6.66134e-12
-1.02141e-11
-1.68754e-11
4.44089e-13
-1.73195e-11
-1.68754e-11
-2.66454e-12
-1.73195e-11
-2.39364e-10
-6.21725e-12
8.88178e-13
-5.77316e-12
-1.77636e-11
3.10862e-12
-2.13163e-11
-1.86517e-11
-1.28786e-11
-2.70894e-11
-1.77636e-12
-1.77636e-12
4.88498e-12
5.77316e-12
-9.76996e-12
-9.76996e-12
-9.76996e-12
-8.43769e-12
-7.10543e-12
-9.32587e-12
0
3.9968e-12
-1.33227e-12
-9.32587e-12
-8.88178e-13
-2.22045e-12
-5.77316e-12
-7.54952e-12
1.06581e-11
5.32907e-12
0
1.77636e-12
4.44089e-12
-1.28786e-11
1.11022e-11
7.99361e-12
5.32907e-12
0
3.55271e-12
4.44089e-12
-6.21725e-12
0
-7.99361e-12
9.32587e-12
-8.43769e-12
-3.9968e-12
-8.88178e-13
0
-3.10862e-12
0
5.77316e-12
4.44089e-13
-4.88498e-12
3.10862e-12
-1.02141e-11
-7.10543e-12
-3.10862e-12
9.32587e-12
-3.9968e-12
-2.66454e-12
6.21725e-12
4.44089e-13
0
-4.44089e-13
0
0
8.43769e-12
0
-7.54952e-12
-6.21725e-12
2.28706e-10
2.34923e-10
-3.10862e-12
8.88178e-12
6.66134e-12
8.88178e-12
6.66134e-12
-4.44089e-13
2.35367e-11
7.10543e-12
2.33591e-10
2.35367e-10
3.55271e-12
1.33227e-12
8.43769e-12
3.9968e-12
0
8.43769e-12
2.53131e-11
9.32587e-12
-2.37144e-10
-4.44089e-13
-2.66454e-12
0
-6.21725e-12
-1.42109e-11
-3.10862e-12
-2.66454e-12
-1.11022e-11
-7.99361e-12
-2.2915e-10
7.10543e-12
-1.42109e-11
-9.76996e-12
-1.11022e-11
-2.57572e-11
-1.42109e-11
-1.28786e-11
-1.42109e-11
-9.32587e-12
-1.77636e-12
3.55271e-12
-3.9968e-12
-6.21725e-12
6.66134e-12
-1.19904e-11
1.33227e-12
0
-3.9968e-12
5.77316e-12
-7.10543e-12
-6.21725e-12
0
3.9968e-12
0
0
7.54952e-12
8.88178e-12
8.88178e-12
0
8.43769e-12
3.9968e-12
-7.10543e-12
-2.22045e-12
-1.19904e-11
9.32587e-12
-3.10862e-12
-3.9968e-12
0
-4.44089e-13
0
6.66134e-12
1.33227e-12
6.66134e-12
8.88178e-13
4.88498e-12
-8.43769e-12
0
-7.99361e-12
8.88178e-12
-3.55271e-12
-2.22045e-12
4.44089e-13
4.44089e-13
4.88498e-12
-2.66454e-12
-8.88178e-13
-3.9968e-12
8.88178e-12
6.21725e-12
5.32907e-12
0
-8.88178e-13
-6.66134e-12
-4.44089e-13
-5.77316e-12
8.88178e-13
8.88178e-13
5.77316e-12
-8.43769e-12
2.32259e-10
2.34035e-10
9.32587e-12
9.76996e-12
3.10862e-12
7.54952e-12
1.73195e-11
1.11022e-11
2.66454e-12
-4.44089e-13
2.3137e-10
2.32703e-10
9.76996e-12
6.66134e-12
9.32587e-12
1.24345e-11
2.53131e-11
2.66454e-12
6.21725e-12
1.15463e-11
1.19904e-11
4.44089e-12
-2.22045e-12
-1.02141e-11
-3.55271e-12
-1.55431e-11
-3.55271e-12
-1.5099e-11
-4.44089e-12
-4.44089e-13
7.54952e-12
-5.77316e-12
-2.22045e-12
-6.66134e-12
-3.9968e-12
-1.86517e-11
-3.55271e-12
-1.95399e-11
4.44089e-13
-3.55271e-12
5.32907e-12
-7.99361e-12
8.88178e-13
-6.21725e-12
1.82077e-11
-3.9968e-12
1.82077e-11
-1.77636e-12
3.9968e-12
-4.44089e-13
0
8.88178e-13
0
-9.32587e-12
0
0
-4.44089e-13
-4.44089e-13
0
0
-1.33227e-12
-8.88178e-13
-4.44089e-13
3.9968e-12
-1.5099e-11
0
-1.86517e-11
-4.44089e-13
-3.55271e-12
-1.33227e-12
4.44089e-12
8.88178e-13
0
9.32587e-12
3.9968e-12
2.22045e-12
3.9968e-12
4.44089e-12
-8.88178e-13
0
-4.44089e-13
6.66134e-12
-4.44089e-13
1.77636e-12
4.44089e-13
1.77636e-12
1.77636e-12
0
3.10862e-12
-1.77636e-12
-6.21725e-12
5.32907e-12
0
2.66454e-12
-4.44089e-13
0
-3.9968e-12
1.28786e-11
8.88178e-13
3.10862e-12
2.22489e-10
2.41585e-10
7.10543e-12
3.9968e-12
-8.88178e-13
1.86517e-11
1.77636e-12
2.22045e-12
1.55431e-11
1.95399e-11
2.3137e-10
2.44693e-10
7.10543e-12
-1.33227e-12
8.88178e-13
1.73195e-11
3.9968e-12
-1.28786e-11
1.68754e-11
1.77636e-11
-1.15463e-11
-1.95399e-11
-1.33227e-11
-1.5099e-11
-1.68754e-11
3.9968e-12
-1.95399e-11
-1.15463e-11
-1.5099e-11
-1.64313e-11
-1.06581e-11
-1.73195e-11
-1.28786e-11
-1.46549e-11
-1.64313e-11
0
-1.82077e-11
-1.06581e-11
-1.46549e-11
-1.86517e-11
4.44089e-13
2.22045e-12
1.15463e-11
0
1.15463e-11
-1.77636e-11
1.5099e-11
0
0
-1.77636e-12
-4.44089e-13
2.22045e-12
-8.88178e-13
-1.77636e-12
1.55431e-11
-1.11022e-11
-8.88178e-13
0
0
1.33227e-11
-3.55271e-12
-4.44089e-13
3.9968e-12
0
-1.11022e-11
1.42109e-11
-1.33227e-11
1.46549e-11
0
-8.88178e-13
1.64313e-11
-3.55271e-12
0
0
-1.64313e-11
0
-8.88178e-13
0
0
8.88178e-13
1.77636e-12
-2.22045e-12
-1.68754e-11
1.24345e-11
4.44089e-13
3.55271e-12
-1.33227e-12
-1.46549e-11
-3.55271e-12
1.77636e-12
-1.86517e-11
1.42109e-11
0
1.5099e-11
1.64313e-11
1.11022e-11
7.10543e-12
0
-1.33227e-12
0
1.90958e-11
1.86517e-11
1.90958e-11
2.22045e-12
1.68754e-11
4.44089e-13
1.82077e-11
1.68754e-11
3.10862e-12
1.46549e-11
1.95399e-11
3.55271e-12
1.77636e-11
1.77636e-12
1.33227e-12
4.44089e-12
9.32587e-12
1.77636e-11
1.77636e-12
3.9968e-12
-1.11022e-11
-1.33227e-12
-4.88498e-12
-1.28786e-11
-3.55271e-12
-1.73195e-11
-4.44089e-13
-3.55271e-12
4.44089e-13
-1.77636e-12
-6.66134e-12
-1.02141e-11
-3.10862e-12
-2.62013e-11
-3.55271e-12
-1.46549e-11
2.66454e-12
-3.55271e-12
-1.37668e-11
-4.44089e-13
0
-8.88178e-12
-1.33227e-12
-1.24345e-11
-2.66454e-12
-8.88178e-13
2.22045e-12
8.88178e-13
-3.9968e-12
-4.44089e-12
0
8.43769e-12
0
3.55271e-12
-6.66134e-12
4.44089e-13
-8.43769e-12
-8.88178e-13
9.32587e-12
0
7.99361e-12
4.44089e-12
2.22045e-12
8.88178e-12
6.21725e-12
1.77636e-12
-3.9968e-12
0
-8.43769e-12
5.77316e-12
-4.44089e-13
-7.99361e-12
0
3.9968e-12
6.66134e-12
0
4.44089e-12
3.55271e-12
4.44089e-13
-5.77316e-12
2.22045e-12
-4.88498e-12
-8.88178e-13
3.55271e-12
-1.33227e-12
0
-7.10543e-12
2.22045e-12
0
-1.77636e-12
2.66454e-12
4.88498e-12
0
1.77636e-12
3.10862e-12
0
-4.44089e-13
0
-8.43769e-12
5.77316e-12
0
1.24345e-11
2.08722e-11
-4.44089e-13
2.22045e-12
4.44089e-13
1.15463e-11
1.77636e-11
1.24345e-11
1.28786e-11
1.33227e-12
7.10543e-12
1.9984e-11
2.22045e-12
4.44089e-13
0
3.9968e-12
1.64313e-11
1.24345e-11
1.15463e-11
-4.44089e-13
-6.66134e-12
-3.9968e-12
-1.33227e-11
-1.64313e-11
1.77636e-12
-1.37668e-11
-3.9968e-12
-1.24345e-11
-1.15463e-11
-8.88178e-13
-5.32907e-12
-1.15463e-11
-4.44089e-12
-2.35367e-11
-5.77316e-12
-1.82077e-11
-1.33227e-12
-4.88498e-12
-1.82077e-11
-1.11022e-11
5.77316e-12
-4.44089e-13
9.76996e-12
-8.88178e-13
-3.55271e-12
3.55271e-12
-4.44089e-13
9.32587e-12
-9.76996e-12
-2.22045e-12
1.77636e-12
-1.33227e-12
0
-5.77316e-12
-4.88498e-12
6.21725e-12
-1.02141e-11
0
-5.32907e-12
1.06581e-11
-1.15463e-11
-1.33227e-12
2.22045e-12
-4.44089e-12
-3.55271e-12
-1.15463e-11
3.55271e-12
-9.32587e-12
3.9968e-12
-3.9968e-12
-5.32907e-12
4.88498e-12
-5.32907e-12
0
5.77316e-12
-4.44089e-13
4.88498e-12
-5.32907e-12
0
-2.66454e-12
9.32587e-12
-3.9968e-12
-2.22045e-12
2.66454e-12
-3.9968e-12
9.76996e-12
-8.88178e-12
1.24345e-11
3.55271e-12
0
7.54952e-12
4.44089e-13
-3.9968e-12
0
-5.77316e-12
-3.9968e-12
0
7.10543e-12
5.77316e-12
0
0
7.54952e-12
8.88178e-13
3.9968e-12
7.99361e-12
4.44089e-13
6.66134e-12
-2.66454e-12
3.10862e-12
3.9968e-12
-2.22045e-12
3.55271e-12
8.43769e-12
1.24345e-11
9.32587e-12
3.55271e-12
3.55271e-12
-2.22045e-12
6.66134e-12
-2.66454e-12
-1.28786e-11
-3.9968e-12
-1.28786e-11
-4.88498e-12
-1.15463e-11
-1.42109e-11
0
-1.33227e-11
1.33227e-12
-4.44089e-12
-8.43769e-12
-3.55271e-12
-3.9968e-12
-4.44089e-13
-3.9968e-12
-1.68754e-11
-3.9968e-12
0
-4.44089e-13
-3.10862e-12
7.99361e-12
-3.9968e-12
1.15463e-11
1.33227e-12
1.33227e-12
-2.66454e-12
-1.02141e-11
8.88178e-12
4.44089e-13
-7.99361e-12
-4.88498e-12
-6.66134e-12
2.22045e-12
-8.88178e-13
-7.54952e-12
-8.88178e-12
-7.54952e-12
-1.37668e-11
2.66454e-12
-8.88178e-13
-7.99361e-12
4.44089e-13
-2.22045e-12
3.9968e-12
6.21725e-12
3.55271e-12
6.21725e-12
1.33227e-12
-2.66454e-12
0
1.19904e-11
-4.44089e-13
-3.10862e-12
0
8.88178e-12
0
8.88178e-12
1.15463e-11
-3.10862e-12
5.32907e-12
5.77316e-12
1.02141e-11
-2.66454e-12
-1.77636e-12
-6.66134e-12
-1.15463e-11
-6.66134e-12
-8.88178e-12
-7.99361e-12
4.44089e-12
-6.21725e-12
5.32907e-12
3.9968e-12
-3.55271e-12
4.44089e-13
8.43769e-12
-8.88178e-12
1.77636e-12
-3.10862e-12
-4.44089e-13
7.54952e-12
-2.66454e-12
3.9968e-12
3.55271e-12
1.02141e-11
2.57572e-11
1.06581e-11
1.24345e-11
2.53131e-11
3.10862e-12
7.10543e-12
2.66454e-12
-1.33227e-12
6.66134e-12
2.66454e-12
1.64313e-11
1.15463e-11
0
2.08722e-11
-1.77636e-12
3.55271e-12
0
-9.32587e-12
0
-1.19904e-11
-1.24345e-11
0
-1.24345e-11
-1.77636e-11
-9.76996e-12
3.10862e-12
-6.21725e-12
-3.9968e-12
-1.15463e-11
-2.35367e-11
-1.77636e-11
-1.11022e-11
-3.9968e-12
-2.30926e-11
1.77636e-12
-1.24345e-11
8.88178e-13
7.99361e-12
-9.76996e-12
-1.11022e-11
-8.88178e-12
-1.06581e-11
7.10543e-12
-3.9968e-12
7.99361e-12
-3.55271e-12
2.66454e-12
0
8.43769e-12
8.88178e-12
5.32907e-12
-1.33227e-12
0
8.43769e-12
-3.9968e-12
3.9968e-12
-4.44089e-13
0
9.76996e-12
7.10543e-12
1.15463e-11
4.44089e-12
-3.9968e-12
1.02141e-11
0
2.22045e-12
0
3.10862e-12
-8.43769e-12
-8.88178e-12
2.22045e-12
8.43769e-12
2.22045e-12
-8.43769e-12
-3.9968e-12
-3.10862e-12
-1.02141e-11
-1.33227e-12
-3.55271e-12
-6.21725e-12
-2.22045e-12
5.77316e-12
4.88498e-12
-2.66454e-12
3.10862e-12
-6.21725e-12
3.10862e-12
-1.11022e-11
1.19904e-11
8.88178e-12
-6.21725e-12
3.55271e-12
-6.21725e-12
1.19904e-11
1.02141e-11
1.11022e-11
7.99361e-12
4.44089e-13
8.88178e-13
2.53131e-11
2.66454e-12
8.88178e-13
3.10862e-12
0
1.33227e-12
5.77316e-12
-1.33227e-12
1.06581e-11
-1.33227e-12
1.86517e-11
5.77316e-12
1.33227e-12
5.77316e-12
-1.33227e-12
0
0
-1.55431e-11
-2.66454e-12
-4.44089e-13
-1.59872e-11
-8.43769e-12
-1.55431e-11
-1.33227e-12
-1.77636e-12
-8.88178e-13
-1.28786e-11
-1.86517e-11
-1.19904e-11
-1.11022e-11
-1.82077e-11
-8.43769e-12
-1.55431e-11
-1.28786e-11
1.77636e-12
-4.44089e-13
-3.10862e-12
-9.76996e-12
-8.43769e-12
-1.06581e-11
-1.33227e-12
1.77636e-12
-3.10862e-12
-3.55271e-12
-6.21725e-12
3.55271e-12
9.32587e-12
2.22045e-12
1.19904e-11
4.88498e-12
-9.32587e-12
6.66134e-12
-7.10543e-12
9.76996e-12
-6.21725e-12
-7.54952e-12
-4.44089e-13
9.76996e-12
1.11022e-11
4.44089e-12
-4.88498e-12
-6.21725e-12
-7.10543e-12
0
2.66454e-12
-6.66134e-12
2.22045e-12
0
8.88178e-13
6.21725e-12
-4.44089e-13
2.22045e-12
0
1.77636e-12
3.55271e-12
8.88178e-13
3.10862e-12
-1.02141e-11
-3.55271e-12
-3.9968e-12
-3.55271e-12
1.24345e-11
9.76996e-12
2.66454e-12
4.44089e-12
0
8.88178e-13
-3.9968e-12
-3.55271e-12
-6.21725e-12
0
0
4.44089e-13
0
-2.66454e-12
7.99361e-12
4.44089e-13
2.4869e-11
2.22045e-12
2.53131e-11
7.54952e-12
-2.66454e-12
-4.44089e-13
-2.22045e-12
-1.33227e-12
4.88498e-12
1.77636e-12
2.13163e-11
1.77636e-12
2.22045e-11
8.88178e-12
-2.22045e-12
3.9968e-12
-2.22045e-12
3.55271e-12
2.22045e-12
-3.10862e-12
-3.10862e-12
-3.9968e-12
-1.59872e-11
-1.19904e-11
-8.43769e-12
-3.10862e-12
-1.33227e-12
-1.77636e-12
-8.88178e-13
-1.33227e-12
-7.10543e-12
-4.44089e-12
-1.68754e-11
-1.55431e-11
4.44089e-13
-1.77636e-12
-8.88178e-13
1.77636e-12
-1.19904e-11
-8.43769e-12
1.77636e-12
-8.88178e-13
-8.88178e-13
-2.22045e-12
5.32907e-12
-7.99361e-12
-1.19904e-11
-7.99361e-12
-9.32587e-12
-7.54952e-12
3.10862e-12
-4.88498e-12
-6.66134e-12
3.9968e-12
-4.44089e-13
-1.33227e-12
-7.54952e-12
-6.21725e-12
5.77316e-12
4.44089e-12
-3.55271e-12
-1.33227e-12
-7.99361e-12
-1.02141e-11
-3.10862e-12
0
7.10543e-12
1.06581e-11
0
1.77636e-12
-7.99361e-12
4.44089e-12
0
-1.19904e-11
-6.21725e-12
-8.43769e-12
1.33227e-12
0
-3.9968e-12
8.88178e-13
-3.9968e-12
-8.88178e-13
-8.88178e-13
1.77636e-12
6.21725e-12
9.76996e-12
2.22045e-12
-8.88178e-13
1.15463e-11
7.10543e-12
5.32907e-12
4.44089e-13
0
1.15463e-11
3.10862e-12
0
3.55271e-12
2.66454e-12
7.99361e-12
7.10543e-12
1.02141e-11
7.10543e-12
7.54952e-12
7.10543e-12
1.77636e-12
-1.33227e-12
3.55271e-12
1.68754e-11
-1.33227e-12
4.44089e-13
6.66134e-12
3.9968e-12
3.9968e-12
-1.77636e-12
4.44089e-12
1.06581e-11
3.9968e-12
1.90958e-11
0
-4.44089e-13
-3.9968e-12
-8.43769e-12
0
-1.24345e-11
-4.44089e-13
-1.77636e-12
-4.44089e-12
0
-1.77636e-12
-1.02141e-11
-7.54952e-12
-8.88178e-13
-3.10862e-12
-1.11022e-11
1.33227e-12
-1.06581e-11
4.44089e-13
-2.22045e-12
0
-3.9968e-12
0
6.66134e-12
4.44089e-13
-8.43769e-12
-9.32587e-12
-7.99361e-12
-4.88498e-12
-8.88178e-13
-7.10543e-12
9.32587e-12
-6.21725e-12
-9.32587e-12
-6.66134e-12
-3.55271e-12
-3.9968e-12
9.76996e-12
-5.32907e-12
4.44089e-13
2.22045e-12
6.21725e-12
-2.22045e-12
5.77316e-12
0
-4.44089e-13
3.10862e-12
0
1.11022e-11
-9.76996e-12
0
-3.55271e-12
0
5.77316e-12
0
-6.21725e-12
8.88178e-13
0
6.21725e-12
-4.44089e-13
-1.11022e-11
-3.55271e-12
0
-1.15463e-11
-5.32907e-12
8.43769e-12
-2.66454e-12
1.02141e-11
-1.11022e-11
6.66134e-12
1.11022e-11
3.10862e-12
7.99361e-12
-4.44089e-13
1.15463e-11
8.43769e-12
-1.77636e-12
-9.76996e-12
-7.10543e-12
-8.88178e-12
8.43769e-12
4.44089e-13
1.68754e-11
8.88178e-12
4.44089e-12
1.64313e-11
1.06581e-11
1.46549e-11
1.02141e-11
1.90958e-11
-2.22045e-12
0
1.73195e-11
3.55271e-12
0
1.68754e-11
3.9968e-12
2.53131e-11
4.88498e-12
2.70894e-11
-1.77636e-12
-1.33227e-11
-3.10862e-12
-7.54952e-12
-1.77636e-11
-1.19904e-11
-1.77636e-12
-3.10862e-12
-1.06581e-11
-4.44089e-12
-4.88498e-12
-2.62013e-11
-7.10543e-12
0
-2.26485e-11
-2.39808e-11
-7.54952e-12
-1.77636e-12
-1.19904e-11
-5.32907e-12
-8.43769e-12
-1.19904e-11
-7.10543e-12
7.99361e-12
0
-1.77636e-12
3.10862e-12
-7.99361e-12
8.88178e-12
-4.44089e-12
-4.88498e-12
9.76996e-12
-4.44089e-12
0
6.66134e-12
7.99361e-12
6.21725e-12
-1.33227e-12
9.32587e-12
3.10862e-12
5.77316e-12
7.99361e-12
4.88498e-12
-8.88178e-12
-5.32907e-12
-8.88178e-13
-3.10862e-12
0
-4.44089e-13
7.99361e-12
-8.88178e-13
2.22045e-12
7.99361e-12
4.44089e-13
-1.24345e-11
3.9968e-12
2.22045e-12
-8.88178e-12
2.22045e-12
-3.10862e-12
-3.9968e-12
-7.99361e-12
-3.9968e-12
-2.22045e-12
-3.10862e-12
-7.10543e-12
-8.88178e-13
9.76996e-12
-3.10862e-12
-3.55271e-12
8.88178e-13
-4.44089e-13
1.77636e-12
-4.44089e-13
4.44089e-13
-1.24345e-11
0
6.21725e-12
0
-4.88498e-12
6.66134e-12
1.28786e-11
9.76996e-12
1.02141e-11
1.02141e-11
2.39808e-11
1.33227e-12
-2.22045e-12
3.9968e-12
4.88498e-12
8.43769e-12
1.77636e-12
1.33227e-12
-1.33227e-12
1.24345e-11
2.53131e-11
-2.22045e-12
2.66454e-12
-2.66454e-12
1.15463e-11
1.59872e-11
1.24345e-11
-1.77636e-11
-2.22045e-12
-5.77316e-12
4.44089e-13
-1.46549e-11
-1.77636e-11
-3.55271e-12
-1.46549e-11
-3.55271e-12
2.22045e-12
-2.04281e-11
-3.9968e-12
-2.04281e-11
-2.22045e-12
-6.66134e-12
-2.04281e-11
1.77636e-12
-1.82077e-11
-1.59872e-11
-1.37668e-11
4.44089e-13
0
-1.42109e-11
-1.55431e-11
-1.77636e-12
-2.22045e-12
1.59872e-11
0
-4.44089e-13
0
3.10862e-12
1.24345e-11
8.88178e-13
-1.46549e-11
-6.66134e-12
-1.33227e-12
0
-4.44089e-13
-2.66454e-12
-4.44089e-13
1.46549e-11
4.44089e-13
1.77636e-11
1.28786e-11
1.46549e-11
3.10862e-12
-1.42109e-11
-3.10862e-12
0
1.06581e-11
0
3.9968e-12
-4.44089e-13
1.42109e-11
-3.10862e-12
0
1.06581e-11
1.90958e-11
4.44089e-13
-1.33227e-12
0
-8.88178e-13
0
-1.28786e-11
-1.28786e-11
4.44089e-13
1.77636e-12
4.44089e-13
1.68754e-11
-1.73195e-11
1.55431e-11
-1.73195e-11
2.66454e-12
-1.24345e-11
-2.22045e-12
3.9968e-12
-1.68754e-11
-1.86517e-11
2.22045e-12
1.82077e-11
-1.55431e-11
1.64313e-11
4.44089e-13
0
0
0
1.5099e-11
1.86517e-11
-1.28786e-11
1.86517e-11
-1.55431e-11
1.64313e-11
1.59872e-11
-4.44089e-13
3.9968e-12
0
1.86517e-11
1.86517e-11
-1.15463e-11
-1.15463e-11
-1.42109e-11
-1.15463e-11
-1.15463e-11
-1.42109e-11
-1.15463e-11
-1.37668e-11
-1.15463e-11
1.11022e-11
-1.11022e-11
-1.06581e-11
-1.33227e-11
-1.11022e-11
-1.11022e-11
-1.33227e-11
-1.11022e-11
-1.55431e-11
-1.11022e-11
1.15463e-11
4.44089e-13
4.44089e-13
0
-2.22045e-12
-2.22045e-12
1.59872e-11
-3.10862e-12
1.59872e-11
-3.10862e-12
5.77316e-12
0
1.59872e-11
0
1.64313e-11
1.64313e-11
1.64313e-11
1.64313e-11
0
1.73195e-11
6.21725e-12
-4.44089e-13
-3.9968e-12
1.77636e-12
1.86517e-11
1.86517e-11
1.33227e-12
1.95399e-11
-1.5099e-11
1.86517e-11
4.44089e-13
0
-1.59872e-11
-1.33227e-12
-1.64313e-11
-1.64313e-11
0
-1.64313e-11
1.73195e-11
-1.82077e-11
-1.77636e-12
-2.22045e-12
3.10862e-12
0
-1.59872e-11
-1.19904e-11
-1.82077e-11
-1.59872e-11
-4.44089e-13
-1.82077e-11
-1.77636e-12
0
-3.55271e-12
-8.88178e-13
1.64313e-11
1.64313e-11
0
1.64313e-11
8.88178e-13
1.82077e-11
1.77636e-12
1.95399e-11
1.15463e-11
1.64313e-11
1.68754e-11
1.28786e-11
1.90958e-11
1.68754e-11
-4.44089e-13
1.90958e-11
-1.59872e-11
1.77636e-11
1.46549e-11
1.86517e-11
1.33227e-12
1.33227e-12
1.33227e-12
1.33227e-12
-1.59872e-11
1.33227e-12
-1.73195e-11
-1.19904e-11
-3.10862e-12
-4.44089e-12
-3.55271e-12
-3.10862e-12
-4.88498e-12
-3.55271e-12
-5.32907e-12
-1.19904e-11
4.44089e-12
4.44089e-13
-1.24345e-11
-2.66454e-12
-6.21725e-12
-6.21725e-12
8.88178e-13
-6.21725e-12
-1.11022e-11
-6.21725e-12
-1.15463e-11
9.32587e-12
1.77636e-12
8.88178e-13
1.33227e-12
1.33227e-12
1.77636e-12
4.44089e-13
-8.88178e-13
8.88178e-12
-1.64313e-11
-7.10543e-12
7.99361e-12
0
4.44089e-13
0
4.44089e-13
0
3.10862e-12
8.88178e-13
-1.77636e-12
-8.88178e-13
-1.33227e-12
3.55271e-12
-1.77636e-12
-1.33227e-12
3.10862e-12
-4.44089e-13
5.77316e-12
2.22045e-12
1.77636e-11
2.66454e-12
4.44089e-13
-4.44089e-12
2.66454e-12
2.66454e-12
0
2.66454e-12
7.54952e-12
2.66454e-12
1.55431e-11
2.22045e-12
0
-3.10862e-12
3.55271e-12
3.55271e-12
-9.76996e-12
3.55271e-12
-3.10862e-12
0
-5.32907e-12
3.55271e-12
0
-4.44089e-13
0
0
0
0
1.33227e-12
0
-1.37668e-11
1.64313e-11
3.10862e-12
3.55271e-12
-1.77636e-12
-1.77636e-12
7.54952e-12
-1.77636e-12
4.44089e-13
-1.77636e-12
5.32907e-12
1.55431e-11
2.22045e-12
7.99361e-12
1.33227e-12
1.33227e-12
-1.77636e-12
1.33227e-12
-3.10862e-12
1.33227e-12
1.64313e-11
-7.10543e-12
3.55271e-12
-1.02141e-11
-7.10543e-12
-1.64313e-11
-7.10543e-12
-7.10543e-12
8.88178e-13
-7.10543e-12
4.88498e-12
0
-3.55271e-12
0
0
-2.35367e-11
-9.32587e-12
-6.66134e-12
3.10862e-12
-6.66134e-12
-1.37668e-11
-4.44089e-12
-3.55271e-12
3.55271e-12
-4.88498e-12
-3.55271e-12
8.88178e-13
-4.44089e-12
-4.88498e-12
-4.88498e-12
-1.15463e-11
-1.24345e-11
-4.88498e-12
0
-1.15463e-11
-4.88498e-12
-2.22045e-12
-5.32907e-12
0
-5.77316e-12
-1.33227e-12
5.32907e-12
-2.66454e-12
6.66134e-12
4.88498e-12
-2.66454e-12
-8.88178e-13
4.88498e-12
-3.10862e-12
1.19904e-11
-3.9968e-12
9.32587e-12
0
0
9.32587e-12
0
4.88498e-12
9.32587e-12
-4.44089e-13
8.88178e-12
0
5.32907e-12
0
-1.37668e-11
6.21725e-12
0
5.77316e-12
6.21725e-12
7.54952e-12
-4.88498e-12
-1.77636e-12
0
0
4.44089e-13
-4.44089e-13
0
0
-4.44089e-13
-4.44089e-13
-4.88498e-12
0
-2.22045e-12
6.66134e-12
2.39808e-11
-2.66454e-12
6.66134e-12
-1.77636e-12
-2.66454e-12
1.24345e-11
3.55271e-12
1.86517e-11
0
1.24345e-11
1.06581e-11
0
1.24345e-11
3.55271e-12
0
1.19904e-11
3.55271e-12
1.9984e-11
-2.66454e-12
8.88178e-13
-3.10862e-12
-2.66454e-12
8.88178e-13
-3.55271e-12
-3.10862e-12
-1.68754e-11
-3.10862e-12
-1.55431e-11
-4.44089e-12
4.44089e-13
8.88178e-13
-2.66454e-12
4.44089e-13
-5.77316e-12
-2.66454e-12
-1.59872e-11
-2.66454e-12
-4.44089e-13
-7.99361e-12
-4.44089e-12
-4.44089e-12
4.44089e-13
4.44089e-13
-4.44089e-13
8.88178e-13
-1.33227e-12
8.88178e-13
1.46549e-11
-7.99361e-12
4.44089e-13
0
-8.88178e-12
0
3.10862e-12
-8.88178e-12
-4.44089e-13
-8.88178e-12
-1.46549e-11
1.11022e-11
4.44089e-12
1.33227e-12
-1.06581e-11
-1.77636e-12
-3.10862e-12
-3.55271e-12
-3.55271e-12
-1.02141e-11
-1.46549e-11
-8.88178e-13
-8.88178e-13
-5.77316e-12
1.11022e-11
-1.33227e-12
-8.43769e-12
1.06581e-11
-3.9968e-12
1.06581e-11
-8.88178e-13
1.33227e-12
-9.76996e-12
0
1.24345e-11
-8.88178e-13
-5.32907e-12
-2.22045e-12
5.77316e-12
1.24345e-11
0
6.21725e-12
1.77636e-12
-3.55271e-12
-1.19904e-11
0
0
-4.88498e-12
-4.44089e-13
-1.19904e-11
8.88178e-13
-2.66454e-12
1.19904e-11
1.9984e-11
-4.44089e-13
5.32907e-12
1.06581e-11
7.10543e-12
1.24345e-11
-4.44089e-13
1.5099e-11
1.33227e-12
1.77636e-12
1.9984e-11
1.19904e-11
3.55271e-12
1.15463e-11
5.32907e-12
1.95399e-11
1.19904e-11
1.55431e-11
-6.66134e-12
-8.88178e-13
-1.02141e-11
-6.66134e-12
-4.44089e-13
-6.66134e-12
-6.66134e-12
-1.15463e-11
-4.44089e-13
4.44089e-12
-1.19904e-11
-1.28786e-11
0
-8.88178e-13
-1.19904e-11
-3.10862e-12
-1.19904e-11
0
-1.19904e-11
-1.42109e-11
-4.88498e-12
0
3.10862e-12
2.66454e-12
0
1.33227e-12
3.10862e-12
4.44089e-12
-1.15463e-11
-1.24345e-11
8.88178e-12
0
-4.88498e-12
-1.06581e-11
0
8.88178e-13
0
-4.88498e-12
0
0
4.88498e-12
-2.66454e-12
-3.9968e-12
-3.10862e-12
-6.21725e-12
-2.22045e-12
-3.10862e-12
1.77636e-12
5.32907e-12
-5.77316e-12
-3.55271e-12
9.76996e-12
3.9968e-12
5.32907e-12
5.32907e-12
-3.55271e-12
5.32907e-12
3.55271e-12
5.32907e-12
3.55271e-12
5.77316e-12
2.22045e-12
6.21725e-12
4.44089e-13
6.66134e-12
5.77316e-12
4.44089e-13
-2.22045e-12
4.44089e-13
0
2.22045e-12
-9.76996e-12
1.77636e-12
3.55271e-12
-6.21725e-12
6.21725e-12
3.55271e-12
1.33227e-12
3.55271e-12
-4.88498e-12
8.88178e-13
1.55431e-11
1.46549e-11
5.77316e-12
1.55431e-11
8.88178e-13
5.77316e-12
1.68754e-11
5.77316e-12
1.90958e-11
4.88498e-12
2.75335e-11
1.06581e-11
3.9968e-12
2.75335e-11
8.88178e-13
3.9968e-12
1.19904e-11
3.9968e-12
1.9984e-11
-1.5099e-11
-9.32587e-12
-3.9968e-12
-8.88178e-13
-2.30926e-11
-3.9968e-12
-8.88178e-13
-1.77636e-12
-8.88178e-13
-1.95399e-11
-2.17604e-11
3.9968e-12
0
0
-1.64313e-11
-6.21725e-12
0
1.33227e-12
0
-2.22045e-12
-1.77636e-12
8.88178e-13
2.22045e-12
-1.19904e-11
7.10543e-12
1.33227e-12
-3.10862e-12
0
-1.19904e-11
1.68754e-11
6.21725e-12
-6.21725e-12
-1.33227e-12
-3.9968e-12
-7.10543e-12
4.88498e-12
-6.21725e-12
-1.33227e-11
-6.21725e-12
-1.68754e-11
1.77636e-12
1.11022e-11
-7.99361e-12
1.19904e-11
0
-7.99361e-12
3.10862e-12
1.33227e-12
1.19904e-11
4.44089e-13
-2.66454e-12
6.21725e-12
-3.10862e-12
3.55271e-12
6.21725e-12
-1.77636e-12
6.21725e-12
1.02141e-11
6.21725e-12
1.64313e-11
-4.44089e-13
-6.66134e-12
4.44089e-12
-1.77636e-12
-6.21725e-12
9.76996e-12
-4.44089e-12
-1.15463e-11
-2.22045e-12
-1.46549e-11
0
4.44089e-13
-5.32907e-12
0
-4.44089e-13
0
4.44089e-13
-3.10862e-12
4.44089e-13
0
-1.33227e-12
7.10543e-12
3.55271e-12
4.44089e-12
4.44089e-12
8.88178e-13
4.88498e-12
1.15463e-11
2.66454e-12
1.55431e-11
4.44089e-13
4.44089e-13
7.99361e-12
2.66454e-12
-1.77636e-12
3.55271e-12
4.44089e-13
6.66134e-12
4.44089e-13
4.44089e-13
-2.30926e-11
3.55271e-12
1.33227e-12
-2.30926e-11
-1.68754e-11
-2.30926e-11
-2.30926e-11
-1.55431e-11
-1.68754e-11
-1.37668e-11
-2.84217e-11
3.10862e-12
-2.22045e-12
-1.86517e-11
-1.64313e-11
-2.84217e-11
-1.86517e-11
-1.9984e-11
-1.90958e-11
-1.77636e-12
4.88498e-12
-8.43769e-12
-3.10862e-12
2.66454e-12
-3.10862e-12
4.88498e-12
1.33227e-12
-8.88178e-13
-3.9968e-12
-4.44089e-12
-8.88178e-13
-6.21725e-12
4.88498e-12
1.33227e-12
-7.10543e-12
1.24345e-11
-9.76996e-12
-7.54952e-12
-9.76996e-12
-1.73195e-11
2.22045e-12
2.22045e-12
-8.88178e-13
3.55271e-12
3.9968e-12
0
4.88498e-12
0
3.55271e-12
1.59872e-11
1.19904e-11
6.21725e-12
-8.88178e-12
4.44089e-13
6.21725e-12
-1.11022e-11
1.19904e-11
-8.88178e-13
1.19904e-11
1.64313e-11
-4.44089e-13
6.21725e-12
0
-1.33227e-12
0
-3.9968e-12
-1.24345e-11
-5.32907e-12
0
-1.68754e-11
-1.24345e-11
-1.19904e-11
3.9968e-12
-3.10862e-12
-1.19904e-11
1.02141e-11
-1.19904e-11
9.32587e-12
-2.22045e-12
-1.46549e-11
8.88178e-13
0
3.9968e-12
-1.77636e-12
0
3.9968e-12
1.24345e-11
3.10862e-12
1.33227e-12
1.02141e-11
1.28786e-11
1.28786e-11
5.77316e-12
0
1.28786e-11
-1.33227e-12
1.28786e-11
1.33227e-12
2.66454e-12
8.43769e-12
-9.76996e-12
-1.55431e-11
-3.9968e-12
0
-4.44089e-13
-9.32587e-12
-1.15463e-11
-3.55271e-12
1.77636e-12
1.06581e-11
-4.44089e-12
-2.17604e-11
-1.37668e-11
0
-8.88178e-13
-4.88498e-12
0
-1.77636e-12
1.77636e-12
3.55271e-12
4.44089e-13
-1.06581e-11
-4.88498e-12
-8.88178e-13
8.88178e-13
1.77636e-12
1.02141e-11
3.9968e-12
-8.88178e-13
3.9968e-12
0
2.66454e-12
9.32587e-12
0
-3.55271e-12
4.44089e-13
-8.88178e-13
-4.88498e-12
0
-5.32907e-12
-8.43769e-12
4.88498e-12
5.32907e-12
-1.33227e-12
-6.66134e-12
1.77636e-12
-1.19904e-11
-7.10543e-12
-2.22045e-12
-1.68754e-11
0
-7.54952e-12
-4.44089e-13
4.44089e-13
-7.54952e-12
4.44089e-13
4.44089e-13
0
0
0
2.66454e-12
4.44089e-12
0
-8.43769e-12
2.22045e-12
0
0
2.66454e-12
-7.99361e-12
2.22045e-12
-2.22045e-12
0
0
0
0
-1.77636e-12
0
5.77316e-12
0
4.44089e-13
5.77316e-12
1.77636e-12
4.44089e-12
1.02141e-11
1.95399e-11
2.22045e-12
1.28786e-11
2.66454e-12
1.11022e-11
0
0
1.15463e-11
3.9968e-12
4.44089e-13
2.62013e-11
1.77636e-12
1.33227e-12
-4.44089e-13
4.44089e-13
1.33227e-12
0
-2.66454e-12
1.33227e-12
-1.68754e-11
-2.30926e-11
-1.9984e-11
-1.68754e-11
-1.55431e-11
-1.68754e-11
-1.73195e-11
-1.19904e-11
-3.55271e-12
2.22045e-12
-2.30926e-11
-2.30926e-11
-1.90958e-11
-2.30926e-11
-2.4869e-11
-2.30926e-11
-1.9984e-11
-2.22045e-12
-1.77636e-12
-2.66454e-12
-2.66454e-12
2.66454e-12
1.33227e-12
-5.32907e-12
-6.21725e-12
-4.44089e-12
-4.44089e-13
0
3.9968e-12
-1.33227e-12
4.88498e-12
4.44089e-12
3.55271e-12
4.88498e-12
-3.55271e-12
4.44089e-12
3.10862e-12
2.22045e-12
-3.9968e-12
2.66454e-12
3.55271e-12
-8.88178e-12
0
4.88498e-12
-6.21725e-12
2.66454e-12
-3.55271e-12
0
-9.76996e-12
-3.10862e-12
4.44089e-13
-9.76996e-12
-3.55271e-12
2.22045e-12
9.76996e-12
3.10862e-12
-4.44089e-13
-3.9968e-12
1.19904e-11
-1.19904e-11
4.44089e-13
1.19904e-11
-1.77636e-12
-8.88178e-13
1.06581e-11
8.88178e-13
2.22045e-12
9.76996e-12
0
-5.32907e-12
-4.44089e-13
0
0
4.44089e-13
-9.76996e-12
-1.77636e-12
-3.9968e-12
1.33227e-12
1.37668e-11
1.15463e-11
2.66454e-12
1.37668e-11
3.9968e-12
-1.77636e-12
-8.88178e-13
-1.33227e-12
1.82077e-11
-8.88178e-13
2.53131e-11
7.99361e-12
2.66454e-12
2.53131e-11
3.55271e-12
-1.77636e-12
8.88178e-12
-8.88178e-13
1.9984e-11
-1.9984e-11
1.64313e-11
4.44089e-13
-1.9984e-11
-1.33227e-12
-1.9984e-11
-1.9984e-11
-1.64313e-11
-1.9984e-11
1.59872e-11
-2.04281e-11
-3.55271e-12
-1.5099e-11
-2.04281e-11
-2.04281e-11
-1.64313e-11
-2.04281e-11
-1.64313e-11
-2.04281e-11
4.44089e-13
-8.88178e-13
-3.55271e-12
-1.33227e-11
2.22045e-12
-1.59872e-11
2.22045e-12
8.88178e-13
0
2.22045e-12
-1.5099e-11
3.9968e-12
3.55271e-12
1.33227e-11
3.55271e-12
3.55271e-12
1.06581e-11
3.9968e-12
-3.55271e-12
3.55271e-12
1.06581e-11
0
3.55271e-12
-2.22045e-12
-1.33227e-12
0
0
-1.77636e-12
1.06581e-11
4.44089e-13
1.55431e-11
-2.22045e-12
-8.88178e-13
-1.42109e-11
2.22045e-12
-4.44089e-13
-1.06581e-11
8.88178e-13
0
0
-2.22045e-12
3.10862e-12
-1.82077e-11
0
1.33227e-12
-2.66454e-12
1.46549e-11
2.22045e-12
-1.24345e-11
0
-8.88178e-13
1.5099e-11
-2.22045e-12
0
-5.77316e-12
-2.22045e-12
1.46549e-11
-3.9968e-12
3.55271e-12
1.59872e-11
-7.99361e-12
1.55431e-11
1.33227e-11
1.46549e-11
1.59872e-11
1.33227e-11
-1.46549e-11
0
1.77636e-12
0
-1.55431e-11
3.55271e-12
1.33227e-11
1.64313e-11
1.9984e-11
1.33227e-11
-1.46549e-11
3.9968e-12
0
-1.59872e-11
-8.88178e-13
)
;

boundaryField
{
    frontAndBack
    {
        type            calculated;
        value           nonuniform List<scalar> 
600
(
-2.367e-10
-2.26485e-10
4.88498e-12
-8.88178e-12
-5.32907e-12
0
5.77316e-12
0
-1.24345e-11
-6.66134e-12
-3.10862e-12
-2.66454e-12
0
2.66454e-12
-1.77636e-12
-2.66454e-12
1.06581e-11
3.10862e-12
2.34035e-10
2.39808e-10
3.9968e-12
3.10862e-12
-1.33227e-12
-6.21725e-12
1.33227e-12
0
1.33227e-12
1.15463e-11
-3.55271e-12
-7.54952e-12
-1.02141e-11
-1.33227e-12
5.32907e-12
-9.76996e-12
-4.44089e-12
3.9968e-12
9.32587e-12
1.77636e-12
7.10543e-12
1.02141e-11
-2.66454e-12
-3.9968e-12
1.73195e-11
0
-1.86517e-11
3.55271e-12
3.9968e-12
1.37668e-11
-8.88178e-13
-1.24345e-11
-3.55271e-12
0
1.82077e-11
-3.9968e-12
-1.46549e-11
1.64313e-11
8.88178e-13
0
1.42109e-11
2.22045e-12
-2.66454e-12
-3.9968e-12
4.44089e-13
2.22045e-12
-8.88178e-13
2.66454e-12
2.22045e-12
-3.55271e-12
1.68754e-11
1.64313e-11
-1.5099e-11
-1.55431e-11
1.46549e-11
1.5099e-11
-1.82077e-11
0
1.82077e-11
-1.5099e-11
-6.21725e-12
7.99361e-12
-3.55271e-12
1.33227e-11
4.44089e-13
0
1.55431e-11
-1.15463e-11
-1.24345e-11
0
-4.44089e-13
-1.77636e-12
-1.59872e-11
-1.46549e-11
0
-3.9968e-12
4.44089e-13
0
-2.22045e-12
-4.44089e-13
2.22045e-12
3.9968e-12
1.19904e-11
7.54952e-12
5.32907e-12
0
-1.33227e-12
4.44089e-12
-4.44089e-13
-6.21725e-12
2.22489e-10
2.3137e-10
4.44089e-12
-5.77316e-12
-7.99361e-12
8.88178e-13
-8.88178e-13
8.88178e-13
6.66134e-12
5.32907e-12
2.41585e-10
2.44693e-10
-2.22045e-12
-2.22045e-12
8.88178e-13
0
-4.44089e-13
0
-4.44089e-13
0
7.10543e-12
7.10543e-12
-1.02141e-11
-6.66134e-12
-6.21725e-12
-9.32587e-12
3.9968e-12
9.32587e-12
1.77636e-12
2.66454e-12
3.9968e-12
-1.33227e-12
-3.55271e-12
-3.9968e-12
1.82077e-11
0
-1.5099e-11
3.9968e-12
4.44089e-13
-4.44089e-13
-8.88178e-13
8.88178e-13
-1.55431e-11
-1.86517e-11
-3.9968e-12
0
0
2.22045e-12
1.77636e-12
0
1.86517e-11
1.73195e-11
-3.55271e-12
-3.55271e-12
1.82077e-11
-4.44089e-13
-1.86517e-11
3.9968e-12
1.77636e-12
-3.9968e-12
1.77636e-12
3.9968e-12
-1.5099e-11
-1.95399e-11
-1.77636e-12
-4.44089e-13
-4.44089e-13
4.44089e-12
0
1.28786e-11
2.22045e-12
-1.28786e-11
-4.44089e-12
4.44089e-13
3.9968e-12
0
-3.55271e-12
-8.88178e-13
3.10862e-12
8.88178e-13
1.55431e-11
1.68754e-11
-4.44089e-13
-3.55271e-12
-4.44089e-13
0
-1.33227e-12
0
-1.77636e-12
3.10862e-12
1.95399e-11
1.77636e-11
-1.15463e-11
-1.06581e-11
4.44089e-13
-4.44089e-13
-3.55271e-12
1.64313e-11
1.77636e-12
-1.86517e-11
1.90958e-11
1.95399e-11
-1.95399e-11
-1.73195e-11
2.22045e-12
2.22045e-12
-4.44089e-13
-3.55271e-12
-2.22045e-12
1.42109e-11
1.86517e-11
3.55271e-12
-1.33227e-11
-1.28786e-11
1.15463e-11
-8.88178e-13
3.9968e-12
0
-1.68754e-11
0
1.90958e-11
1.77636e-11
-1.5099e-11
-1.46549e-11
0
-1.77636e-12
0
0
1.24345e-11
1.5099e-11
2.22045e-12
1.77636e-12
-1.68754e-11
-1.64313e-11
1.15463e-11
1.55431e-11
-1.11022e-11
-1.64313e-11
4.44089e-13
1.64313e-11
1.68754e-11
1.33227e-12
3.9968e-12
0
-1.77636e-11
-1.11022e-11
1.42109e-11
0
3.55271e-12
1.11022e-11
4.44089e-13
4.44089e-12
-1.95399e-11
-1.82077e-11
1.5099e-11
-8.88178e-13
-1.33227e-11
-8.88178e-13
-1.33227e-12
7.10543e-12
1.82077e-11
9.32587e-12
-1.15463e-11
-1.06581e-11
0
0
1.46549e-11
0
-1.46549e-11
0
1.68754e-11
1.77636e-11
-1.5099e-11
-1.46549e-11
0
0
0
0
-3.55271e-12
-1.33227e-12
3.10862e-12
1.77636e-12
-1.64313e-11
-1.86517e-11
-1.77636e-12
1.33227e-11
-8.88178e-13
8.88178e-13
1.77636e-12
0
1.46549e-11
3.9968e-12
1.59872e-11
-3.55271e-12
-1.59872e-11
-4.44089e-13
-2.66454e-12
0
4.44089e-13
1.68754e-11
2.22045e-12
-1.28786e-11
1.24345e-11
2.22045e-12
-1.37668e-11
0
-4.44089e-13
1.06581e-11
-1.33227e-12
-1.73195e-11
1.82077e-11
1.86517e-11
-1.77636e-11
-2.04281e-11
4.44089e-13
3.10862e-12
1.46549e-11
0
0
1.55431e-11
-1.55431e-11
-1.55431e-11
-2.22045e-12
-3.9968e-12
0
1.24345e-11
4.44089e-13
3.9968e-12
-8.88178e-13
-1.73195e-11
1.64313e-11
1.64313e-11
-5.77316e-12
-2.04281e-11
-1.42109e-11
8.88178e-13
1.77636e-11
-4.44089e-13
0
2.66454e-12
4.44089e-13
1.59872e-11
4.44089e-13
-2.22045e-12
-1.55431e-11
-1.46549e-11
1.28786e-11
1.42109e-11
-1.28786e-11
-1.24345e-11
0
-4.44089e-13
-1.46549e-11
-6.66134e-12
-1.77636e-12
-6.66134e-12
1.46549e-11
-3.10862e-12
-1.28786e-11
-2.22045e-12
0
3.9968e-12
-1.77636e-11
-2.04281e-11
-2.22045e-12
-1.33227e-12
3.10862e-12
0
4.44089e-13
3.9968e-12
0
0
-3.55271e-12
1.77636e-12
1.59872e-11
0
-1.42109e-11
1.06581e-11
1.77636e-12
-1.68754e-11
1.5099e-11
1.86517e-11
-1.46549e-11
-1.82077e-11
0
-4.44089e-13
-3.10862e-12
1.90958e-11
4.44089e-13
-1.86517e-11
1.86517e-11
1.86517e-11
-1.15463e-11
-1.11022e-11
4.44089e-13
0
-4.44089e-13
0
-2.22045e-12
0
1.95399e-11
1.77636e-11
-1.15463e-11
-1.06581e-11
4.44089e-13
1.59872e-11
-3.9968e-12
-1.59872e-11
3.10862e-12
-3.55271e-12
1.15463e-11
1.46549e-11
-1.42109e-11
-1.33227e-11
0
0
1.77636e-12
-1.33227e-12
0
-8.88178e-13
1.64313e-11
1.86517e-11
-1.15463e-11
-1.11022e-11
-2.22045e-12
1.64313e-11
1.86517e-11
-1.64313e-11
-1.59872e-11
1.64313e-11
1.68754e-11
1.33227e-12
-1.15463e-11
-1.11022e-11
-2.22045e-12
1.64313e-11
1.86517e-11
-1.64313e-11
-1.19904e-11
1.64313e-11
1.28786e-11
1.33227e-12
-1.42109e-11
-1.33227e-11
1.59872e-11
1.64313e-11
1.33227e-12
0
-1.82077e-11
0
1.90958e-11
1.33227e-12
-1.15463e-11
-1.11022e-11
-3.10862e-12
1.64313e-11
1.95399e-11
-1.64313e-11
-1.59872e-11
1.64313e-11
1.68754e-11
1.33227e-12
-1.37668e-11
-1.55431e-11
1.59872e-11
0
-1.5099e-11
1.73195e-11
-4.44089e-13
8.88178e-13
-4.44089e-13
-1.59872e-11
-1.15463e-11
-1.11022e-11
-3.10862e-12
1.73195e-11
1.86517e-11
-1.82077e-11
-1.82077e-11
1.82077e-11
1.90958e-11
1.33227e-12
1.11022e-11
1.15463e-11
5.77316e-12
6.21725e-12
4.44089e-13
-1.77636e-12
-1.77636e-12
1.77636e-12
-1.59872e-11
-1.73195e-11
-1.9984e-11
-2.04281e-11
-8.88178e-13
3.9968e-12
0
-2.22045e-12
3.10862e-12
1.5099e-11
1.55431e-11
3.55271e-12
1.64313e-11
-3.55271e-12
-3.55271e-12
3.55271e-12
3.55271e-12
-8.88178e-13
-1.82077e-11
-2.22045e-12
1.33227e-11
1.33227e-11
4.44089e-13
-1.5099e-11
-1.33227e-11
1.33227e-11
-2.22045e-12
-1.42109e-11
0
0
1.46549e-11
1.64313e-11
-1.9984e-11
-2.04281e-11
2.22045e-12
3.55271e-12
-1.33227e-12
2.22045e-12
1.33227e-12
-5.77316e-12
1.59872e-11
1.9984e-11
-1.33227e-12
-2.04281e-11
-1.59872e-11
3.55271e-12
0
-4.44089e-13
-2.66454e-12
-2.22045e-12
1.33227e-11
1.33227e-11
-1.9984e-11
-1.64313e-11
2.22045e-12
1.06581e-11
0
-1.06581e-11
1.46549e-11
1.46549e-11
-1.46549e-11
-1.46549e-11
-1.9984e-11
-2.04281e-11
8.88178e-13
3.9968e-12
-1.77636e-12
8.88178e-13
2.22045e-12
-3.9968e-12
0
3.9968e-12
-1.64313e-11
-1.64313e-11
0
-3.55271e-12
1.06581e-11
0
-1.24345e-11
3.55271e-12
1.77636e-12
0
-1.9984e-11
-2.04281e-11
2.22045e-12
3.55271e-12
4.44089e-13
0
0
1.59872e-11
0
-1.59872e-11
1.59872e-11
4.44089e-13
-1.5099e-11
1.06581e-11
1.55431e-11
-2.22045e-12
-8.88178e-13
-7.99361e-12
-1.55431e-11
-8.88178e-13
)
;
    }
    left
    {
        type            calculated;
        value           nonuniform List<scalar> 
100
(
-2.367e-10
-2.26485e-10
4.88498e-12
-8.88178e-12
-5.32907e-12
0
5.77316e-12
0
-1.24345e-11
-6.66134e-12
-2.38476e-10
-2.3137e-10
8.88178e-13
-6.66134e-12
-2.22045e-12
4.44089e-13
5.77316e-12
-4.44089e-13
2.38032e-10
2.44249e-10
-2.47802e-10
-2.42917e-10
7.10543e-12
-6.66134e-12
-2.22045e-12
0
1.33227e-12
1.06581e-11
2.41585e-10
2.38476e-10
-2.42917e-10
-2.37144e-10
3.9968e-12
-5.77316e-12
-2.22045e-12
-1.77636e-12
3.9968e-12
0
2.38032e-10
2.43805e-10
-2.37144e-10
-2.40252e-10
5.32907e-12
0
-8.43769e-12
3.55271e-12
2.66454e-12
7.99361e-12
2.37588e-10
2.30482e-10
-2.39364e-10
-2.33591e-10
2.22045e-12
-6.66134e-12
3.10862e-12
0
-8.43769e-12
1.06581e-11
2.51354e-10
2.38476e-10
-2.3892e-10
-2.35367e-10
0
6.21725e-12
9.32587e-12
-2.66454e-12
-3.55271e-12
0
2.39364e-10
2.38032e-10
-2.367e-10
-2.39364e-10
-1.77636e-12
0
0
-6.21725e-12
5.77316e-12
6.21725e-12
2.28706e-10
2.33591e-10
-2.37144e-10
-2.2915e-10
-1.77636e-12
-7.10543e-12
8.43769e-12
0
-3.55271e-12
5.32907e-12
2.32259e-10
2.3137e-10
1.19904e-11
7.54952e-12
5.32907e-12
0
-1.33227e-12
4.44089e-12
-4.44089e-13
-6.21725e-12
2.22489e-10
2.3137e-10
)
;
    }
    right
    {
        type            calculated;
        value           nonuniform List<scalar> 
100
(
1.11022e-11
1.15463e-11
5.77316e-12
6.21725e-12
4.44089e-13
-1.77636e-12
-1.77636e-12
1.77636e-12
-1.59872e-11
-1.73195e-11
4.44089e-12
-1.15463e-11
-1.64313e-11
-1.77636e-12
1.77636e-11
1.55431e-11
-5.32907e-12
-1.37668e-11
5.32907e-12
1.64313e-11
4.88498e-12
-1.37668e-11
-1.15463e-11
-1.33227e-12
-3.9968e-12
0
-1.77636e-12
0
1.86517e-11
1.9984e-11
-1.55431e-11
-4.44089e-13
1.46549e-11
-1.46549e-11
-1.46549e-11
-8.88178e-13
0
8.88178e-13
1.5099e-11
1.55431e-11
4.44089e-12
-1.42109e-11
-1.24345e-11
0
-5.77316e-12
3.55271e-12
0
-4.88498e-12
1.90958e-11
1.9984e-11
-1.95399e-11
-2.22045e-12
1.68754e-11
-1.68754e-11
4.44089e-13
1.64313e-11
-1.46549e-11
0
1.55431e-11
4.44089e-13
-1.37668e-11
-1.77636e-12
-4.44089e-12
-1.73195e-11
1.59872e-11
1.64313e-11
-1.68754e-11
-1.46549e-11
1.02141e-11
8.43769e-12
1.06581e-11
3.55271e-12
3.9968e-12
-5.32907e-12
-1.68754e-11
0
2.22045e-12
4.44089e-13
0
1.33227e-12
-1.73195e-11
-1.9984e-11
-4.44089e-13
3.10862e-12
-3.55271e-12
-4.44089e-13
2.22045e-12
-3.9968e-12
1.82077e-11
1.9984e-11
1.59872e-11
4.44089e-13
-1.5099e-11
1.06581e-11
1.55431e-11
-2.22045e-12
-8.88178e-13
-7.99361e-12
-1.55431e-11
-8.88178e-13
)
;
    }
    lowerWall
    {
        type            calculated;
        value           uniform 0;
    }
    upperWall
    {
        type            calculated;
        value           uniform 0;
    }
}


// ************************************************************************* //
