/*--------------------------------*- C++ -*----------------------------------*\
  =========                 |
  \\      /  F ield         | OpenFOAM: The Open Source CFD Toolbox
   \\    /   O peration     | Website:  https://openfoam.org
    \\  /    A nd           | Version:  10
     \\/     M anipulation  |
\*---------------------------------------------------------------------------*/
FoamFile
{
    format      ascii;
    class       volScalarField;
    location    "0.3";
    object      gradTx;
}
// * * * * * * * * * * * * * * * * * * * * * * * * * * * * * * * * * * * * * //

dimensions      [0 -1 0 1 0 0 0];

internalField   nonuniform List<scalar> 
3000
(
-499.401
-0.598903
-0.000365244
-1.50958e-07
-5.68434e-11
0
1.5099e-11
0
0
1.06581e-11
-499.401
-0.598903
-0.000365244
-1.50965e-07
-5.01821e-11
8.88178e-13
2.66454e-12
-4.44089e-13
0
2.22045e-12
-499.401
-0.598903
-0.000365244
-1.50966e-07
-5.59552e-11
0
0
1.73195e-11
-8.88178e-13
-1.24345e-11
-499.401
-0.598903
-0.000365244
-1.50946e-07
-3.64153e-11
-1.73195e-11
4.44089e-13
-4.44089e-13
-1.5099e-11
2.22045e-12
-499.401
-0.598903
-0.000365244
-1.5096e-07
-5.06262e-11
3.10862e-12
1.82077e-11
1.42109e-11
-1.77636e-11
-1.37668e-11
-499.401
-0.598903
-0.000365244
-1.50966e-07
-4.66294e-11
0
-3.10862e-12
1.68754e-11
3.55271e-12
-1.68754e-11
-499.401
-0.598903
-0.000365244
-1.50957e-07
-3.73035e-11
1.77636e-12
2.22045e-12
0
-1.82077e-11
1.42109e-11
-499.401
-0.598903
-0.000365244
-1.50963e-07
-5.63993e-11
-2.22045e-12
1.55431e-11
1.33227e-12
-1.68754e-11
-1.77636e-12
-499.401
-0.598903
-0.000365244
-1.50955e-07
-3.95239e-11
-1.42109e-11
-1.24345e-11
2.66454e-12
-3.9968e-12
-3.9968e-12
-499.401
-0.598903
-0.000365244
-1.5096e-07
-4.79616e-11
1.5099e-11
-6.21725e-12
-1.55431e-11
-8.43769e-12
1.77636e-11
-499.401
-0.598903
-0.000365244
-1.50958e-07
-5.9508e-11
-1.77636e-12
1.90958e-11
2.22045e-12
-1.64313e-11
-4.44089e-13
-499.401
-0.598903
-0.000365244
-1.50961e-07
-5.59552e-11
0
1.02141e-11
-5.77316e-12
2.22045e-12
4.44089e-13
-499.401
-0.598903
-0.000365244
-1.50973e-07
-4.75175e-11
0
1.77636e-12
1.15463e-11
-4.44089e-13
-6.21725e-12
-499.401
-0.598903
-0.000365244
-1.50959e-07
-4.66294e-11
-6.21725e-12
-3.55271e-12
0
-3.10862e-12
-4.88498e-12
-499.401
-0.598903
-0.000365244
-1.50966e-07
-5.59552e-11
4.88498e-12
1.06581e-11
0
-1.02141e-11
8.88178e-13
-499.401
-0.598903
-0.000365244
-1.50973e-07
-5.59552e-11
0
1.77636e-12
1.15463e-11
-4.44089e-13
-3.10862e-12
-499.401
-0.598903
-0.000365244
-1.50958e-07
-5.9508e-11
3.10862e-12
1.11022e-11
0
-1.06581e-11
-4.88498e-12
-499.401
-0.598903
-0.000365244
-1.50965e-07
-4.79616e-11
-7.54952e-12
0
0
-7.99361e-12
8.43769e-12
-499.401
-0.598903
-0.000365244
-1.50965e-07
-4.66294e-11
-4.44089e-13
-1.77636e-12
-7.10543e-12
-1.02141e-11
4.88498e-12
-499.401
-0.598903
-0.000365244
-1.50961e-07
-5.01821e-11
-4.44089e-13
1.46549e-11
0
-1.73195e-11
1.77636e-12
-499.401
-0.598903
-0.000365244
-1.50966e-07
-5.59552e-11
0
0
1.73195e-11
-8.88178e-13
-1.24345e-11
-499.401
-0.598903
-0.000365244
-1.50973e-07
-5.59552e-11
8.43769e-12
1.77636e-12
3.9968e-12
-1.33227e-12
4.44089e-13
-499.401
-0.598903
-0.000365244
-1.50969e-07
-3.90799e-11
-7.54952e-12
0
0
-1.24345e-11
1.19904e-11
-499.401
-0.598903
-0.000365244
-1.50961e-07
-5.59552e-11
0
1.02141e-11
-5.77316e-12
-4.44089e-12
8.88178e-13
-499.401
-0.598903
-0.000365244
-1.50974e-07
-5.06262e-11
0
0
8.88178e-13
-8.88178e-13
9.76996e-12
-499.401
-0.598903
-0.000365244
-1.50965e-07
-5.32907e-11
-1.11022e-11
1.15463e-11
0
-3.10862e-12
1.19904e-11
-499.401
-0.598903
-0.000365244
-1.50967e-07
-5.10703e-11
8.88178e-13
4.88498e-12
4.44089e-13
-5.32907e-12
5.32907e-12
-499.401
-0.598903
-0.000365244
-1.50961e-07
-5.06262e-11
-9.32587e-12
-3.55271e-12
0
-9.32587e-12
9.32587e-12
-499.401
-0.598903
-0.000365244
-1.50966e-07
-5.77316e-11
8.88178e-13
0
0
8.43769e-12
4.88498e-12
-499.401
-0.598903
-0.000365244
-1.50962e-07
-5.41789e-11
0
4.44089e-13
3.9968e-12
3.55271e-12
-3.55271e-12
-499.401
-0.598903
-0.000365244
-1.50961e-07
-5.19584e-11
-2.22045e-12
1.55431e-11
-4.44089e-13
-1.5099e-11
2.22045e-12
-499.401
-0.598903
-0.000365244
-1.50965e-07
-5.28466e-11
2.66454e-12
3.10862e-12
0
-3.55271e-12
1.77636e-12
-499.401
-0.598903
-0.000365244
-1.50967e-07
-5.63993e-11
0
2.66454e-12
8.88178e-12
3.10862e-12
-4.44089e-13
-499.401
-0.598903
-0.000365244
-1.50966e-07
-5.4623e-11
0
3.9968e-12
0
-7.10543e-12
8.88178e-13
-499.401
-0.598903
-0.000365244
-1.50957e-07
-5.63993e-11
-6.66134e-12
-7.54952e-12
6.66134e-12
1.11022e-11
-1.15463e-11
-499.401
-0.598903
-0.000365244
-1.50957e-07
-4.66294e-11
8.88178e-13
-1.77636e-12
-1.77636e-12
-9.76996e-12
-2.66454e-12
-499.401
-0.598903
-0.000365244
-1.50964e-07
-4.66294e-11
-6.21725e-12
-8.43769e-12
6.66134e-12
1.11022e-11
-1.15463e-11
-499.401
-0.598903
-0.000365244
-1.50972e-07
-6.35048e-11
7.99361e-12
7.54952e-12
0
1.33227e-12
4.44089e-13
-499.401
-0.598903
-0.000365244
-1.50957e-07
-5.32907e-11
-3.10862e-12
1.77636e-12
-5.77316e-12
-1.02141e-11
5.77316e-12
-499.401
-0.598903
-0.000365244
-1.50965e-07
-5.41789e-11
1.55431e-11
-1.33227e-12
-1.46549e-11
2.66454e-12
-2.66454e-12
-499.401
-0.598903
-0.000365244
-1.50961e-07
-5.9952e-11
3.55271e-12
1.86517e-11
1.33227e-11
-1.77636e-11
-1.55431e-11
-499.401
-0.598903
-0.000365244
-1.50967e-07
-6.43929e-11
8.43769e-12
9.76996e-12
-3.10862e-12
-9.76996e-12
3.55271e-12
-499.401
-0.598903
-0.000365244
-1.50966e-07
-4.21885e-11
4.44089e-13
-1.15463e-11
0
-8.88178e-13
0
-499.401
-0.598903
-0.000365244
-1.50961e-07
-5.59552e-11
6.21725e-12
2.66454e-12
-1.24345e-11
3.55271e-12
1.06581e-11
-499.401
-0.598903
-0.000365244
-1.50966e-07
-6.4837e-11
0
8.43769e-12
8.88178e-13
-9.32587e-12
8.43769e-12
-499.401
-0.598903
-0.000365244
-1.50966e-07
-5.77316e-11
8.88178e-13
9.32587e-12
-4.44089e-13
-1.33227e-12
5.77316e-12
-499.401
-0.598903
-0.000365244
-1.50966e-07
-5.41789e-11
0
8.43769e-12
8.88178e-13
-8.88178e-13
9.32587e-12
-499.401
-0.598903
-0.000365244
-1.50975e-07
-4.61853e-11
9.32587e-12
-3.9968e-12
0
-2.22045e-12
-7.10543e-12
-499.401
-0.598903
-0.000365244
-1.50966e-07
-5.63993e-11
8.88178e-13
1.06581e-11
0
-3.10862e-12
1.28786e-11
-499.401
-0.598903
-0.000365244
-1.50963e-07
-5.9508e-11
0
1.77636e-12
-8.88178e-13
3.10862e-12
3.9968e-12
-499.401
-0.598903
-0.000365244
-1.50966e-07
-5.59552e-11
1.64313e-11
-1.77636e-12
0
2.66454e-12
-1.68754e-11
-499.401
-0.598903
-0.000365244
-1.50973e-07
-5.59552e-11
0
1.77636e-12
1.15463e-11
-4.44089e-12
-2.22045e-12
-499.401
-0.598903
-0.000365244
-1.50977e-07
-5.41789e-11
0
8.43769e-12
0
-8.43769e-12
9.32587e-12
-499.401
-0.598903
-0.000365244
-1.50966e-07
-4.70735e-11
9.76996e-12
-1.77636e-12
-9.76996e-12
-4.44089e-13
8.88178e-12
-499.401
-0.598903
-0.000365244
-1.50977e-07
-5.77316e-11
8.43769e-12
1.19904e-11
0
-1.19904e-11
3.55271e-12
-499.401
-0.598903
-0.000365244
-1.50966e-07
-6.39488e-11
8.88178e-13
8.43769e-12
-8.88178e-13
0
1.33227e-12
-499.401
-0.598903
-0.000365244
-1.50966e-07
-4.44089e-11
-4.44089e-13
-3.9968e-12
9.32587e-12
2.66454e-12
-3.55271e-12
-499.401
-0.598903
-0.000365244
-1.50965e-07
-5.37348e-11
0
-7.10543e-12
0
3.55271e-12
-3.9968e-12
-499.401
-0.598903
-0.000365244
-1.50966e-07
-4.44089e-11
4.88498e-12
-2.66454e-12
3.9968e-12
-5.77316e-12
-3.55271e-12
-499.401
-0.598903
-0.000365244
-1.50968e-07
-4.75175e-11
1.68754e-11
1.33227e-12
0
8.88178e-13
-1.5099e-11
-499.401
-0.598903
-0.000365244
-1.50961e-07
-5.37348e-11
2.66454e-12
3.9968e-12
-3.55271e-12
-3.10862e-12
-1.77636e-12
-499.401
-0.598903
-0.000365244
-1.50969e-07
-6.21725e-11
5.77316e-12
1.06581e-11
0
-1.02141e-11
4.44089e-13
-499.401
-0.598903
-0.000365244
-1.50967e-07
-5.41789e-11
8.88178e-13
0
0
8.43769e-12
9.32587e-12
-499.401
-0.598903
-0.000365244
-1.50961e-07
-4.66294e-11
0
-7.10543e-12
6.66134e-12
9.76996e-12
-1.19904e-11
-499.401
-0.598903
-0.000365244
-1.50967e-07
-6.4837e-11
8.88178e-13
7.54952e-12
8.88178e-13
0
0
-499.401
-0.598903
-0.000365244
-1.50966e-07
-6.08402e-11
8.43769e-12
5.77316e-12
-3.10862e-12
-8.88178e-13
0
-499.401
-0.598903
-0.000365244
-1.50967e-07
-4.4853e-11
-8.88178e-13
-8.43769e-12
8.88178e-13
7.54952e-12
8.88178e-13
-499.401
-0.598903
-0.000365244
-1.50975e-07
-5.77316e-11
0
-3.10862e-12
8.43769e-12
6.66134e-12
-6.66134e-12
-499.401
-0.598903
-0.000365244
-1.50968e-07
-4.4853e-11
8.43769e-12
-4.44089e-13
-8.43769e-12
-3.55271e-12
1.19904e-11
-499.401
-0.598903
-0.000365244
-1.50961e-07
-5.9508e-11
0
8.88178e-13
4.88498e-12
2.22045e-12
-3.10862e-12
-499.401
-0.598903
-0.000365244
-1.50948e-07
-5.90639e-11
-4.44089e-13
1.82077e-11
-1.5099e-11
0
-1.33227e-12
-499.401
-0.598903
-0.000365244
-1.50958e-07
-4.88498e-11
0
4.44089e-13
-4.44089e-13
0
4.44089e-13
-499.401
-0.598903
-0.000365244
-1.50967e-07
-5.10703e-11
-3.9968e-12
-2.66454e-12
-5.77316e-12
-8.43769e-12
8.43769e-12
-499.401
-0.598903
-0.000365244
-1.50973e-07
-6.35048e-11
0
4.44089e-13
1.77636e-12
-8.88178e-13
8.43769e-12
-499.401
-0.598903
-0.000365244
-1.50966e-07
-4.52971e-11
-8.43769e-12
-7.10543e-12
1.06581e-11
3.9968e-12
-9.32587e-12
-499.401
-0.598903
-0.000365244
-1.50967e-07
-4.26326e-11
-7.10543e-12
-6.21725e-12
0
3.55271e-12
6.66134e-12
-499.401
-0.598903
-0.000365244
-1.50967e-07
-5.68434e-11
0
-3.9968e-12
7.54952e-12
3.9968e-12
-6.66134e-12
-499.401
-0.598903
-0.000365244
-1.50972e-07
-5.28466e-11
0
9.32587e-12
0
-8.43769e-12
0
-499.401
-0.598903
-0.000365244
-1.50967e-07
-5.68434e-11
8.43769e-12
-3.9968e-12
-8.43769e-12
-1.77636e-12
1.19904e-11
-499.401
-0.598903
-0.000365244
-1.50962e-07
-5.37348e-11
0
4.44089e-13
1.68754e-11
-8.88178e-13
-1.55431e-11
-499.401
-0.598903
-0.000365244
-1.50969e-07
-3.73035e-11
2.66454e-12
-1.24345e-11
0
-3.9968e-12
-3.9968e-12
-499.401
-0.598903
-0.000365244
-1.50972e-07
-5.01821e-11
6.21725e-12
-1.77636e-12
-7.99361e-12
-9.32587e-12
4.88498e-12
-499.401
-0.598903
-0.000365244
-1.50966e-07
-5.41789e-11
0
8.88178e-13
0
-8.88178e-13
5.77316e-12
-499.401
-0.598903
-0.000365244
-1.50961e-07
-5.59552e-11
4.44089e-13
9.76996e-12
-1.19904e-11
-3.9968e-12
0
-499.401
-0.598903
-0.000365244
-1.50965e-07
-5.77316e-11
8.43769e-12
8.88178e-12
0
-8.88178e-12
-7.54952e-12
-499.401
-0.598903
-0.000365244
-1.50966e-07
-4.44089e-11
8.43769e-12
-2.66454e-12
-8.88178e-12
-4.44089e-13
5.32907e-12
-499.401
-0.598903
-0.000365244
-1.50967e-07
-5.90639e-11
-4.44089e-13
3.55271e-12
0
0
-8.88178e-13
-499.401
-0.598903
-0.000365244
-1.50962e-07
-4.84057e-11
3.10862e-12
-3.9968e-12
1.77636e-12
9.76996e-12
-7.54952e-12
-499.401
-0.598903
-0.000365244
-1.50966e-07
-5.68434e-11
0
9.32587e-12
5.32907e-12
-9.76996e-12
-4.88498e-12
-499.401
-0.598903
-0.000365244
-1.50968e-07
-5.10703e-11
1.68754e-11
-4.44089e-13
-1.28786e-11
-1.77636e-12
-3.55271e-12
-499.401
-0.598903
-0.000365244
-1.5096e-07
-4.79616e-11
0
8.88178e-13
-8.88178e-13
-1.5099e-11
4.44089e-13
-499.401
-0.598903
-0.000365244
-1.50961e-07
-5.24025e-11
0
0
-4.44089e-13
0
1.9984e-11
-499.401
-0.598903
-0.000365244
-1.50962e-07
-5.9508e-11
4.44089e-13
0
3.55271e-12
0
-3.55271e-12
-499.401
-0.598903
-0.000365244
-1.50944e-07
-5.06262e-11
0
1.77636e-12
-1.42109e-11
8.88178e-13
4.44089e-13
-499.401
-0.598903
-0.000365244
-1.50962e-07
-5.06262e-11
0
0
3.9968e-12
0
-3.9968e-12
-499.401
-0.598903
-0.000365244
-1.50958e-07
-5.4623e-11
-3.55271e-12
1.33227e-12
8.88178e-13
1.33227e-12
4.44089e-13
-499.401
-0.598903
-0.000365244
-1.50958e-07
-5.72875e-11
4.44089e-13
1.33227e-12
-1.33227e-12
-4.44089e-12
-2.22045e-12
-499.401
-0.598903
-0.000365244
-1.50957e-07
-5.4623e-11
-2.66454e-12
0
2.66454e-12
-1.33227e-12
-2.22045e-12
-499.401
-0.598903
-0.000365244
-1.50958e-07
-5.9952e-11
-3.9968e-12
1.42109e-11
3.9968e-12
-1.46549e-11
1.37668e-11
-499.401
-0.598903
-0.000365245
-1.50965e-07
-4.08562e-11
-8.88178e-13
-1.5099e-11
1.59872e-11
1.64313e-11
-1.59872e-11
1.77636e-12
2.22045e-12
-2.66454e-12
3.9968e-12
-3.9968e-12
4.44089e-13
0
-2.22045e-12
5.77316e-12
-3.9968e-12
-1.77636e-12
0
2.22045e-12
0
1.5099e-11
-1.77636e-12
-1.55431e-11
2.22045e-12
8.88178e-13
-8.88178e-13
-4.44089e-13
0
4.44089e-13
-4.44089e-13
1.11022e-11
-1.33227e-12
-1.11022e-11
1.33227e-12
-1.33227e-12
-4.44089e-13
8.88178e-13
1.06581e-11
0
0
-3.55271e-12
2.22045e-12
3.10862e-12
-1.24345e-11
-1.77636e-12
0
5.32907e-12
0
-3.55271e-12
1.64313e-11
1.77636e-12
-1.77636e-11
-4.44089e-13
1.77636e-12
1.11022e-11
-4.44089e-13
-4.44089e-13
1.82077e-11
4.44089e-13
-1.46549e-11
1.02141e-11
-8.88178e-13
3.9968e-12
1.33227e-12
-1.64313e-11
-4.44089e-13
1.77636e-12
-1.64313e-11
0
0
1.77636e-12
-1.33227e-12
-4.44089e-13
1.77636e-12
1.11022e-11
-4.44089e-13
-1.77636e-12
0
1.68754e-11
2.22045e-12
1.33227e-12
-3.10862e-12
-1.46549e-11
0
0
4.44089e-13
1.64313e-11
1.77636e-12
4.44089e-13
1.59872e-11
-1.77636e-12
-1.02141e-11
-1.11022e-11
-7.54952e-12
1.15463e-11
8.88178e-13
1.55431e-11
0
-8.88178e-13
0
4.44089e-13
-2.22045e-12
1.77636e-12
-1.46549e-11
-2.66454e-12
1.73195e-11
-1.77636e-12
0
1.55431e-11
0
1.77636e-12
-3.10862e-12
-1.5099e-11
3.10862e-12
8.88178e-13
-8.88178e-13
-2.66454e-12
6.21725e-12
3.9968e-12
1.33227e-12
-2.66454e-12
8.88178e-13
-2.22045e-12
3.10862e-12
2.22045e-12
-1.11022e-11
-9.76996e-12
3.55271e-12
-1.33227e-12
0
1.33227e-11
2.66454e-12
-3.10862e-12
-1.19904e-11
2.66454e-12
1.33227e-11
-5.32907e-12
4.88498e-12
0
0
1.02141e-11
5.32907e-12
-1.77636e-12
-2.22045e-12
-2.22045e-12
8.88178e-13
7.10543e-12
3.55271e-12
-5.32907e-12
-6.66134e-12
9.32587e-12
8.88178e-13
-3.55271e-12
5.77316e-12
3.10862e-12
-2.22045e-12
-4.88498e-12
8.88178e-13
3.10862e-12
3.55271e-12
3.55271e-12
-5.32907e-12
-2.66454e-12
-7.99361e-12
3.9968e-12
8.43769e-12
-8.88178e-13
3.55271e-12
6.66134e-12
8.88178e-13
4.88498e-12
-2.22045e-12
0
1.77636e-12
-5.77316e-12
0
-2.66454e-12
-2.66454e-12
1.15463e-11
3.10862e-12
0
-1.02141e-11
-1.77636e-12
0
0
1.15463e-11
4.44089e-12
8.88178e-13
3.10862e-12
3.55271e-12
3.55271e-12
-5.32907e-12
0
-6.66134e-12
0
1.19904e-11
1.33227e-12
1.90958e-11
-1.33227e-12
-1.59872e-11
1.33227e-12
-1.33227e-12
1.59872e-11
1.77636e-12
-5.32907e-12
1.5099e-11
-4.44089e-13
0
4.44089e-13
1.59872e-11
-1.77636e-12
-7.99361e-12
1.77636e-12
-7.99361e-12
1.06581e-11
-4.44089e-13
-4.44089e-12
-3.10862e-12
-5.77316e-12
2.66454e-12
1.33227e-11
-5.32907e-12
-3.55271e-12
-6.66134e-12
3.55271e-12
5.77316e-12
7.99361e-12
-1.15463e-11
1.77636e-12
3.9968e-12
-2.66454e-12
-3.10862e-12
4.88498e-12
6.21725e-12
-4.44089e-12
2.66454e-12
5.77316e-12
6.21725e-12
-2.22045e-12
2.66454e-12
8.88178e-13
0
0
-3.10862e-12
-6.21725e-12
-7.99361e-12
8.88178e-12
-9.32587e-12
0
0
-8.43769e-12
8.43769e-12
0
0
0
-8.43769e-12
-9.76996e-12
-6.21725e-12
1.19904e-11
0
-5.77316e-12
-6.21725e-12
6.66134e-12
0
-6.66134e-12
6.66134e-12
3.10862e-12
4.44089e-13
-4.44089e-13
-5.32907e-12
1.77636e-12
8.43769e-12
8.88178e-13
-5.32907e-12
-5.77316e-12
5.77316e-12
8.43769e-12
-6.66134e-12
0
6.66134e-12
-6.66134e-12
0
4.44089e-13
3.55271e-12
7.10543e-12
-4.44089e-13
2.22045e-12
0
-1.06581e-11
-5.77316e-12
8.88178e-13
4.44089e-12
5.77316e-12
6.21725e-12
-8.88178e-13
-8.88178e-13
-3.9968e-12
0
0
3.55271e-12
4.44089e-13
-3.9968e-12
0
0
3.55271e-12
4.44089e-13
8.88178e-13
-2.22045e-12
4.44089e-13
0
0
1.46549e-11
-4.44089e-13
-1.24345e-11
-1.77636e-12
0
-5.77316e-12
-3.55271e-12
-4.44089e-13
-4.44089e-13
1.77636e-12
4.44089e-12
1.19904e-11
-1.19904e-11
0
1.02141e-11
-1.77636e-12
-8.88178e-13
4.88498e-12
2.66454e-12
0
-1.33227e-12
0
3.10862e-12
2.22045e-12
-3.10862e-12
2.22045e-12
-3.9968e-12
2.66454e-12
3.9968e-12
-8.43769e-12
2.22045e-12
0
-4.44089e-13
1.02141e-11
-6.21725e-12
-1.24345e-11
0
1.15463e-11
9.32587e-12
-1.02141e-11
-1.02141e-11
0
-4.44089e-13
1.15463e-11
1.33227e-12
0
-3.55271e-12
9.32587e-12
7.54952e-12
0
1.77636e-12
0
-3.10862e-12
1.33227e-12
3.9968e-12
-4.44089e-13
-4.44089e-13
-2.22045e-12
8.88178e-12
1.77636e-12
-1.02141e-11
4.44089e-13
1.06581e-11
-1.33227e-12
-9.76996e-12
-4.44089e-12
2.22045e-12
0
-3.9968e-12
-3.10862e-12
-8.88178e-12
-4.44089e-13
0
4.44089e-13
1.28786e-11
5.32907e-12
0
7.10543e-12
0
-1.77636e-12
1.77636e-12
-8.88178e-12
3.9968e-12
5.32907e-12
-4.88498e-12
4.44089e-13
-4.44089e-13
-2.22045e-12
3.10862e-12
2.22045e-12
1.33227e-11
-4.44089e-13
-1.28786e-11
1.5099e-11
-3.55271e-12
-8.88178e-13
2.22045e-12
3.9968e-12
0
1.06581e-11
8.43769e-12
-1.06581e-11
-8.43769e-12
1.11022e-11
-4.44089e-13
1.19904e-11
2.66454e-12
-7.99361e-12
0
8.88178e-12
-3.9968e-12
4.44089e-13
-8.43769e-12
-6.21725e-12
5.32907e-12
1.33227e-11
5.32907e-12
-3.55271e-12
-5.77316e-12
-8.43769e-12
2.66454e-12
8.88178e-13
5.32907e-12
-4.44089e-13
-8.43769e-12
-6.66134e-12
2.22045e-12
1.24345e-11
-1.02141e-11
-1.02141e-11
-3.55271e-12
0
7.99361e-12
1.33227e-12
-7.10543e-12
9.32587e-12
0
0
0
0
0
-9.32587e-12
0
9.32587e-12
0
-4.44089e-12
6.21725e-12
7.99361e-12
0
-3.55271e-12
-8.88178e-13
-3.10862e-12
-6.66134e-12
6.21725e-12
2.22045e-12
2.22045e-12
0
0
-8.43769e-12
-1.06581e-11
1.06581e-11
8.43769e-12
0
-8.43769e-12
-5.32907e-12
8.88178e-13
0
1.06581e-11
7.54952e-12
-9.76996e-12
0
8.43769e-12
0
-4.44089e-13
2.66454e-12
-3.9968e-12
0
-5.32907e-12
0
8.43769e-12
-6.66134e-12
3.55271e-12
0
0
2.66454e-12
-1.77636e-12
-2.66454e-12
4.44089e-13
0
1.64313e-11
4.44089e-13
-1.46549e-11
0
-2.66454e-12
1.33227e-12
-4.44089e-13
1.82077e-11
-8.88178e-13
-1.5099e-11
1.59872e-11
-8.88178e-13
0
1.33227e-12
-1.64313e-11
1.42109e-11
6.21725e-12
3.10862e-12
-3.9968e-12
0
3.9968e-12
-9.32587e-12
0
9.32587e-12
-3.55271e-12
0
-1.33227e-12
4.44089e-13
-4.44089e-13
-7.10543e-12
1.02141e-11
8.88178e-13
3.10862e-12
-3.55271e-12
0
6.66134e-12
-8.88178e-13
-6.21725e-12
-8.88178e-12
-1.77636e-12
1.11022e-11
3.9968e-12
-2.22045e-12
3.9968e-12
-6.21725e-12
1.33227e-12
9.32587e-12
-1.77636e-12
2.66454e-12
-4.88498e-12
-1.11022e-11
3.10862e-12
4.88498e-12
0
0
3.55271e-12
0
1.15463e-11
3.10862e-12
-6.66134e-12
-6.21725e-12
-6.21725e-12
-4.44089e-12
8.88178e-12
4.44089e-12
3.9968e-12
3.10862e-12
4.44089e-12
4.44089e-13
1.77636e-12
-1.15463e-11
-8.88178e-13
5.77316e-12
-8.88178e-13
3.55271e-12
-1.33227e-12
6.66134e-12
0
-3.10862e-12
-8.88178e-13
-6.21725e-12
9.76996e-12
9.32587e-12
-8.88178e-13
-4.44089e-13
4.44089e-13
1.11022e-11
4.44089e-13
-2.22045e-12
-1.33227e-12
-8.43769e-12
5.77316e-12
5.77316e-12
0
0
-1.77636e-12
1.77636e-12
1.68754e-11
-2.66454e-12
4.44089e-13
-1.33227e-12
-1.86517e-11
1.33227e-12
-8.88178e-13
-4.44089e-13
1.77636e-12
3.10862e-12
2.66454e-12
4.44089e-13
1.64313e-11
1.06581e-11
-1.73195e-11
-1.15463e-11
1.77636e-12
-1.33227e-12
1.55431e-11
9.32587e-12
-3.55271e-12
0
3.10862e-12
3.9968e-12
-9.32587e-12
-3.55271e-12
9.32587e-12
-4.44089e-13
-5.77316e-12
2.66454e-12
-4.88498e-12
-2.22045e-12
6.21725e-12
0
-4.44089e-13
2.22045e-12
-4.44089e-13
1.77636e-12
-1.11022e-11
-1.19904e-11
1.02141e-11
7.54952e-12
4.44089e-13
2.22045e-12
-2.66454e-12
-9.32587e-12
-7.99361e-12
8.88178e-13
9.32587e-12
-5.32907e-12
8.43769e-12
-4.44089e-13
-2.66454e-12
8.43769e-12
5.77316e-12
-3.55271e-12
-7.54952e-12
-3.10862e-12
-3.55271e-12
4.44089e-13
0
2.66454e-12
-3.9968e-12
-7.10543e-12
2.22045e-12
8.88178e-13
2.66454e-12
1.06581e-11
4.88498e-12
-3.55271e-12
4.44089e-13
2.22045e-12
5.32907e-12
-7.54952e-12
-8.88178e-13
4.44089e-13
-4.44089e-13
5.77316e-12
7.10543e-12
-3.10862e-12
8.88178e-13
0
-8.88178e-13
-3.9968e-12
9.32587e-12
8.88178e-12
-1.33227e-12
0
1.33227e-12
6.66134e-12
-6.21725e-12
-2.66454e-12
-8.88178e-13
3.10862e-12
2.22045e-12
-1.06581e-11
0
8.43769e-12
-8.43769e-12
8.88178e-13
2.22045e-12
-4.44089e-13
-3.10862e-12
-3.55271e-12
3.55271e-12
1.33227e-12
-8.88178e-13
1.77636e-11
-4.44089e-13
-1.77636e-11
5.77316e-12
-1.77636e-12
-3.9968e-12
1.46549e-11
-2.22045e-12
-1.06581e-11
0
-4.44089e-13
6.66134e-12
-8.88178e-13
2.22045e-12
-1.02141e-11
-8.88178e-13
1.15463e-11
-2.66454e-12
0
-3.9968e-12
1.77636e-12
8.88178e-13
0
0
8.43769e-12
0
4.44089e-12
2.22045e-12
-1.02141e-11
-4.44089e-13
7.99361e-12
0
4.44089e-12
2.22045e-12
0
0
-3.10862e-12
-1.28786e-11
0
0
7.99361e-12
7.99361e-12
3.10862e-12
4.44089e-13
-8.43769e-12
-1.33227e-12
9.76996e-12
5.32907e-12
2.66454e-12
-1.33227e-12
-1.33227e-12
5.32907e-12
6.21725e-12
-2.22045e-12
-4.44089e-13
2.22045e-12
-8.43769e-12
-9.76996e-12
0
7.99361e-12
-8.88178e-13
-1.19904e-11
4.44089e-13
0
8.88178e-13
-1.33227e-12
-2.66454e-12
6.66134e-12
9.76996e-12
3.10862e-12
-1.33227e-12
-1.33227e-12
5.32907e-12
8.88178e-12
-7.99361e-12
-2.22045e-12
1.02141e-11
-7.99361e-12
2.22045e-12
0
-5.32907e-12
2.22045e-12
8.88178e-12
-2.22045e-12
-3.9968e-12
2.22045e-12
6.21725e-12
-5.77316e-12
-7.99361e-12
-2.22045e-12
-1.33227e-12
3.10862e-12
-4.44089e-13
1.68754e-11
0
-1.46549e-11
1.86517e-11
-1.77636e-12
0
-4.44089e-13
-4.44089e-13
-1.77636e-12
1.64313e-11
1.77636e-12
-1.42109e-11
1.64313e-11
1.24345e-11
-1.86517e-11
-1.15463e-11
1.33227e-12
-1.33227e-12
1.33227e-12
1.19904e-11
-4.44089e-13
-7.99361e-12
1.77636e-12
8.88178e-12
-2.66454e-12
-3.10862e-12
-8.43769e-12
-2.66454e-12
1.19904e-11
-4.44089e-13
0
1.19904e-11
-8.88178e-13
-1.06581e-11
-2.66454e-12
9.32587e-12
-2.66454e-12
-4.44089e-12
8.88178e-13
-5.77316e-12
4.44089e-13
1.19904e-11
9.76996e-12
-1.77636e-12
1.33227e-12
-9.32587e-12
-2.66454e-12
-4.44089e-13
1.33227e-12
8.43769e-12
8.88178e-13
2.22045e-12
1.11022e-11
-3.10862e-12
-3.10862e-12
4.44089e-13
0
0
-8.43769e-12
3.10862e-12
1.33227e-12
-6.21725e-12
-4.44089e-13
6.21725e-12
2.22045e-12
-7.54952e-12
0
7.99361e-12
4.44089e-12
3.10862e-12
8.43769e-12
4.44089e-13
-8.43769e-12
0
1.06581e-11
-1.11022e-11
-4.44089e-13
5.32907e-12
-1.06581e-11
-1.24345e-11
1.33227e-12
0
-4.44089e-13
2.22045e-12
4.88498e-12
8.43769e-12
-2.22045e-12
-3.9968e-12
3.10862e-12
1.06581e-11
1.02141e-11
4.44089e-13
-1.02141e-11
-1.19904e-11
1.15463e-11
5.77316e-12
4.44089e-13
-5.77316e-12
-2.22045e-12
1.77636e-12
3.55271e-12
-3.10862e-12
1.33227e-12
1.5099e-11
-4.44089e-12
-1.64313e-11
0
2.66454e-12
8.88178e-13
0
1.73195e-11
0
0
1.46549e-11
-2.22045e-12
2.22045e-12
-1.46549e-11
-2.66454e-12
1.73195e-11
1.24345e-11
-1.64313e-11
-1.46549e-11
1.11022e-11
1.82077e-11
-1.06581e-11
-1.64313e-11
-3.55271e-12
0
4.44089e-13
5.77316e-12
0
-5.77316e-12
0
1.73195e-11
1.11022e-11
-1.59872e-11
-6.21725e-12
-4.44089e-13
-5.32907e-12
-4.44089e-13
0
-1.77636e-12
-2.66454e-12
2.22045e-12
4.44089e-13
-3.10862e-12
1.5099e-11
3.10862e-12
-1.59872e-11
5.77316e-12
3.10862e-12
7.10543e-12
-2.22045e-12
-9.76996e-12
4.44089e-12
-2.66454e-12
0
0
-1.77636e-12
0
1.68754e-11
0
0
1.42109e-11
-1.33227e-12
-1.37668e-11
-1.42109e-11
-2.22045e-12
-1.33227e-12
1.68754e-11
3.10862e-12
4.44089e-13
-2.66454e-12
0
1.33227e-12
-1.68754e-11
1.46549e-11
1.82077e-11
-1.46549e-11
0
1.73195e-11
0
0
3.10862e-12
-1.46549e-11
0
-4.44089e-13
-3.10862e-12
0
-3.10862e-12
2.22045e-12
0
-1.5099e-11
4.44089e-12
-3.9968e-12
0
0
-3.55271e-12
1.64313e-11
-1.77636e-12
-4.44089e-13
-1.77636e-12
1.55431e-11
-1.33227e-11
-1.46549e-11
0
1.46549e-11
1.55431e-11
8.88178e-13
-5.77316e-12
2.22045e-12
0
-2.22045e-12
1.77636e-12
0
4.44089e-13
0
-1.33227e-11
-1.15463e-11
-4.44089e-13
-1.33227e-12
0
1.33227e-12
-1.33227e-12
8.88178e-13
4.44089e-13
0
1.15463e-11
1.11022e-11
1.77636e-12
4.44089e-13
-4.44089e-13
-4.44089e-13
0
0
-2.66454e-12
0
1.37668e-11
1.15463e-11
1.77636e-12
-1.77636e-12
-3.10862e-12
-1.33227e-12
1.73195e-11
0
8.88178e-13
4.44089e-13
4.44089e-13
1.9984e-11
5.32907e-12
4.44089e-13
0
1.59872e-11
0
0
-1.86517e-11
0
1.95399e-11
1.33227e-12
-2.22045e-12
4.44089e-13
1.9984e-11
1.59872e-11
0
0
-1.59872e-11
0
1.68754e-11
1.33227e-12
-1.11022e-11
-8.88178e-13
0
1.33227e-12
1.64313e-11
-4.44089e-13
-8.88178e-13
-2.22045e-12
0
1.82077e-11
0
2.22045e-12
4.44089e-13
3.55271e-12
-2.22045e-12
-3.9968e-12
2.22045e-12
-1.77636e-12
1.55431e-11
1.73195e-11
-1.46549e-11
-1.77636e-12
1.9984e-11
1.82077e-11
0
0
-4.44089e-13
0
1.33227e-12
1.33227e-12
-3.9968e-12
-4.44089e-13
6.21725e-12
4.44089e-13
0
0
-1.77636e-11
0
0
-1.73195e-11
-4.44089e-13
-1.33227e-12
0
1.33227e-12
-1.33227e-12
8.88178e-13
4.44089e-13
0
1.15463e-11
1.11022e-11
-2.22045e-12
5.32907e-12
-4.44089e-13
3.10862e-12
-1.77636e-12
0
-8.88178e-13
-8.43769e-12
2.13163e-11
2.70894e-11
-1.28786e-11
-3.10862e-12
5.77316e-12
-2.66454e-12
6.66134e-12
0
-1.11022e-11
0
1.15463e-11
6.21725e-12
3.9968e-12
-2.66454e-12
0
2.66454e-12
-8.88178e-13
-8.88178e-13
-3.9968e-12
0
5.77316e-12
1.33227e-12
-3.9968e-12
2.22045e-12
-2.22045e-12
-2.66454e-12
6.66134e-12
0
-7.54952e-12
0
5.77316e-12
4.88498e-12
-3.55271e-12
2.22045e-12
0
-2.22045e-12
3.55271e-12
0
-1.33227e-12
3.10862e-12
1.82077e-11
1.64313e-11
2.22045e-12
-4.88498e-12
0
4.88498e-12
3.55271e-12
0
0
0
1.28786e-11
1.73195e-11
-2.66454e-12
-2.22045e-12
3.10862e-12
3.9968e-12
-9.76996e-12
0
5.77316e-12
4.44089e-13
1.46549e-11
1.15463e-11
-3.55271e-12
-9.32587e-12
0
5.77316e-12
3.55271e-12
0
4.44089e-13
0
-4.44089e-13
3.55271e-12
-1.19904e-11
-1.64313e-11
-1.33227e-12
-8.88178e-13
0
0
-1.33227e-12
0
1.95399e-11
1.86517e-11
-1.46549e-11
4.44089e-13
3.9968e-12
1.59872e-11
0
-1.64313e-11
-3.10862e-12
8.88178e-13
1.33227e-11
1.11022e-11
0
-3.55271e-12
-6.21725e-12
9.76996e-12
0
-6.66134e-12
5.32907e-12
0
1.77636e-11
2.26485e-11
0
8.88178e-13
5.77316e-12
-6.66134e-12
-9.32587e-12
0
1.02141e-11
0
-2.66454e-12
4.44089e-12
7.54952e-12
4.88498e-12
-7.54952e-12
2.22045e-12
6.21725e-12
-7.99361e-12
0
-1.33227e-12
9.76996e-12
1.64313e-11
0
1.24345e-11
0
-1.24345e-11
0
0
1.24345e-11
0
-3.55271e-12
8.88178e-12
0
6.66134e-12
0
-6.66134e-12
0
0
-2.66454e-12
6.21725e-12
9.76996e-12
0
4.44089e-13
2.22045e-12
9.76996e-12
-1.24345e-11
-3.55271e-12
9.32587e-12
6.66134e-12
0
-2.66454e-12
-8.88178e-13
-4.44089e-12
-1.19904e-11
6.66134e-12
6.21725e-12
-4.44089e-13
6.21725e-12
-8.88178e-13
-5.32907e-12
-4.44089e-13
3.9968e-12
-5.32907e-12
3.10862e-12
8.88178e-12
-1.24345e-11
-3.55271e-12
9.32587e-12
6.21725e-12
-4.44089e-12
-2.22045e-12
3.55271e-12
0
1.42109e-11
-3.55271e-12
-1.06581e-11
0
-3.55271e-12
1.42109e-11
0
5.77316e-12
1.9984e-11
-1.77636e-12
-1.33227e-12
3.10862e-12
-1.77636e-12
0
3.55271e-12
1.5099e-11
0
0
1.55431e-11
-1.77636e-12
-2.66454e-12
0
2.66454e-12
-8.88178e-13
-8.88178e-13
1.77636e-12
4.44089e-13
1.33227e-12
3.55271e-12
-1.33227e-12
4.44089e-12
0
-2.66454e-12
-2.66454e-12
0
4.88498e-12
0
1.46549e-11
1.77636e-11
-7.10543e-12
8.88178e-13
4.44089e-12
8.43769e-12
-1.77636e-12
0
8.88178e-13
0
1.77636e-11
1.68754e-11
-2.22045e-12
1.19904e-11
-8.88178e-12
-3.10862e-12
9.32587e-12
-9.32587e-12
1.33227e-12
4.44089e-13
1.33227e-12
1.11022e-11
0
-8.43769e-12
-1.06581e-11
4.88498e-12
6.21725e-12
-2.22045e-12
8.88178e-13
-7.10543e-12
6.21725e-12
1.28786e-11
0
5.77316e-12
3.10862e-12
1.77636e-12
-1.11022e-11
3.10862e-12
7.10543e-12
-8.88178e-13
5.32907e-12
0
-1.33227e-12
-9.76996e-12
1.19904e-11
4.44089e-12
-1.19904e-11
-3.10862e-12
1.19904e-11
7.99361e-12
0
0
4.44089e-12
-3.9968e-12
-1.06581e-11
4.88498e-12
1.33227e-12
-2.22045e-12
5.77316e-12
-7.10543e-12
6.21725e-12
1.28786e-11
-1.42109e-11
1.37668e-11
-8.88178e-13
-1.06581e-11
0
-4.44089e-13
1.37668e-11
0
2.22045e-12
1.55431e-11
-1.06581e-11
4.44089e-13
-4.44089e-13
-4.44089e-13
0
0
4.44089e-13
0
1.06581e-11
1.15463e-11
6.66134e-12
-3.55271e-12
-6.21725e-12
9.76996e-12
0
-6.66134e-12
-4.44089e-12
7.10543e-12
2.66454e-11
1.64313e-11
0
1.24345e-11
1.02141e-11
-1.19904e-11
-2.22045e-12
0
3.9968e-12
0
-3.55271e-12
8.88178e-12
1.02141e-11
5.77316e-12
-3.9968e-12
6.21725e-12
-4.44089e-13
-3.55271e-12
-1.77636e-12
-8.43769e-12
9.76996e-12
1.64313e-11
-8.43769e-12
-1.77636e-12
0
-6.66134e-12
8.43769e-12
0
-1.77636e-12
0
2.22045e-12
8.88178e-12
-2.66454e-12
-3.55271e-12
-3.55271e-12
3.10862e-12
0
0
2.66454e-12
0
1.77636e-12
4.44089e-12
9.32587e-12
4.88498e-12
-3.9968e-12
-4.88498e-12
0
0
4.88498e-12
0
1.77636e-12
7.54952e-12
2.22045e-12
-2.66454e-12
-5.77316e-12
3.55271e-12
4.88498e-12
-6.21725e-12
-4.88498e-12
4.44089e-13
3.9968e-12
3.55271e-12
-1.19904e-11
5.32907e-12
8.43769e-12
-1.24345e-11
2.66454e-12
9.32587e-12
-8.88178e-13
0
-2.66454e-12
0
1.77636e-11
1.06581e-11
-1.5099e-11
4.44089e-12
0
-1.5099e-11
1.11022e-11
0
4.44089e-12
1.68754e-11
-1.77636e-12
-1.46549e-11
3.9968e-12
1.59872e-11
-4.44089e-13
-1.59872e-11
-4.44089e-13
0
1.73195e-11
1.77636e-11
-9.32587e-12
-3.10862e-12
1.24345e-11
-2.66454e-12
-3.55271e-12
6.21725e-12
1.77636e-12
0
0
-1.77636e-12
0
7.10543e-12
0
-8.88178e-13
-6.21725e-12
0
7.10543e-12
0
1.46549e-11
1.5099e-11
-1.33227e-12
4.44089e-13
-4.44089e-13
1.33227e-12
1.02141e-11
-3.9968e-12
8.88178e-13
-8.43769e-12
1.64313e-11
2.70894e-11
4.44089e-13
-4.44089e-13
2.22045e-12
-6.21725e-12
2.66454e-12
0
-1.06581e-11
0
1.15463e-11
4.44089e-12
6.21725e-12
-8.88178e-12
0
8.88178e-12
-1.02141e-11
0
1.02141e-11
0
1.55431e-11
1.5099e-11
3.55271e-12
-8.88178e-13
-8.88178e-13
3.9968e-12
-3.10862e-12
4.44089e-13
0
0
1.82077e-11
1.5099e-11
-4.88498e-12
-3.9968e-12
4.44089e-12
-1.77636e-12
1.77636e-12
3.10862e-12
-1.15463e-11
2.22045e-12
1.15463e-11
2.66454e-12
6.66134e-12
-6.66134e-12
0
8.88178e-12
-3.10862e-12
4.44089e-13
-3.10862e-12
0
2.13163e-11
1.5099e-11
3.55271e-12
4.44089e-13
1.77636e-12
-1.33227e-12
-8.88178e-13
2.22045e-12
0
0
1.5099e-11
1.55431e-11
-1.77636e-12
-1.82077e-11
1.9984e-11
1.82077e-11
0
0
-4.44089e-13
0
1.33227e-12
1.33227e-12
3.55271e-12
5.32907e-12
-6.21725e-12
8.88178e-13
0
-6.66134e-12
7.10543e-12
6.21725e-12
3.55271e-12
4.44089e-12
0
7.99361e-12
-2.66454e-12
4.44089e-12
-9.76996e-12
-2.22045e-12
7.99361e-12
0
1.86517e-11
1.82077e-11
2.22045e-12
-8.88178e-13
4.88498e-12
0
1.33227e-12
-1.33227e-12
1.33227e-12
4.44089e-13
8.88178e-13
4.44089e-12
4.44089e-13
1.19904e-11
5.32907e-12
-7.10543e-12
2.22045e-12
-5.32907e-12
-1.19904e-11
0
9.76996e-12
1.06581e-11
-6.21725e-12
-3.10862e-12
6.21725e-12
2.66454e-12
-4.44089e-13
0
4.44089e-13
-8.88178e-13
1.5099e-11
1.73195e-11
6.21725e-12
-8.88178e-12
0
8.88178e-12
-1.02141e-11
0
-2.22045e-12
0
2.79776e-11
1.5099e-11
1.77636e-12
-2.66454e-12
-1.77636e-12
3.55271e-12
-3.9968e-12
-1.24345e-11
0
1.06581e-11
4.44089e-12
-4.44089e-13
-7.99361e-12
6.66134e-12
8.43769e-12
-6.66134e-12
3.55271e-12
0
-3.10862e-12
9.76996e-12
3.9968e-12
2.22045e-12
-1.46549e-11
4.44089e-13
-3.9968e-12
0
1.77636e-12
0
-1.33227e-12
0
1.15463e-11
8.43769e-12
1.5099e-11
-3.9968e-12
-1.46549e-11
-4.44089e-13
4.44089e-12
-4.44089e-13
-3.9968e-12
-1.77636e-12
0
2.22045e-12
0
1.33227e-12
8.88178e-13
3.55271e-12
-5.77316e-12
-1.06581e-11
8.88178e-13
1.19904e-11
1.5099e-11
1.06581e-11
-4.44089e-12
-1.19904e-11
6.66134e-12
1.24345e-11
-8.88178e-13
4.44089e-13
-8.88178e-13
0
6.21725e-12
3.9968e-12
-1.02141e-11
-3.9968e-12
1.15463e-11
8.88178e-12
-3.10862e-12
-1.77636e-12
4.44089e-12
4.44089e-13
1.5099e-11
1.5099e-11
-2.22045e-12
-2.22045e-12
3.55271e-12
0
0
2.66454e-12
-6.21725e-12
1.33227e-12
4.44089e-12
-4.44089e-13
4.88498e-12
9.32587e-12
4.44089e-12
-2.66454e-12
4.44089e-13
-7.10543e-12
-4.88498e-12
1.02141e-11
5.32907e-12
4.44089e-13
-8.88178e-12
-2.66454e-12
1.11022e-11
-7.99361e-12
0
1.06581e-11
-6.21725e-12
1.33227e-12
4.88498e-12
-8.88178e-13
3.10862e-12
5.77316e-12
-7.99361e-12
4.44089e-13
8.43769e-12
-8.88178e-12
-2.22045e-12
1.33227e-12
4.88498e-12
1.06581e-11
0
4.44089e-13
1.11022e-11
-7.99361e-12
-1.33227e-12
1.02141e-11
1.33227e-12
4.44089e-13
0
-8.88178e-13
-1.46549e-11
4.44089e-12
0
1.46549e-11
0
-1.46549e-11
-1.77636e-12
0
1.77636e-12
0
-2.22045e-12
-1.77636e-12
1.9984e-11
1.82077e-11
0
0
-4.44089e-13
0
1.33227e-12
1.33227e-12
0
-8.88178e-13
6.21725e-12
-5.32907e-12
-3.55271e-12
6.21725e-12
3.9968e-12
0
0
4.44089e-13
0
1.24345e-11
-4.44089e-13
-6.66134e-12
3.9968e-12
0
-7.10543e-12
0
7.54952e-12
4.44089e-12
2.22045e-12
-8.88178e-13
4.88498e-12
0
1.33227e-12
-1.33227e-12
-3.9968e-12
8.88178e-13
5.77316e-12
4.44089e-12
4.44089e-13
1.19904e-11
8.88178e-13
-2.22045e-12
1.77636e-12
0
-1.24345e-11
0
1.24345e-11
3.55271e-12
-1.02141e-11
0
1.15463e-11
-1.15463e-11
-8.88178e-13
1.24345e-11
-1.15463e-11
-8.88178e-13
8.88178e-12
-2.22045e-12
-4.88498e-12
7.54952e-12
1.19904e-11
-8.43769e-12
-2.66454e-12
1.24345e-11
0
0
2.66454e-12
8.88178e-13
5.77316e-12
-9.32587e-12
4.44089e-13
1.24345e-11
-2.66454e-12
-8.88178e-13
1.33227e-12
1.33227e-12
-4.44089e-13
-1.77636e-12
0
-6.66134e-12
1.19904e-11
-3.10862e-12
-2.66454e-12
1.24345e-11
-9.76996e-12
-8.88178e-13
8.88178e-12
-2.22045e-12
1.33227e-11
1.77636e-12
-1.06581e-11
1.42109e-11
-1.77636e-12
-1.55431e-11
-3.10862e-12
4.44089e-13
1.86517e-11
1.90958e-11
-1.55431e-11
-2.22045e-12
1.77636e-11
2.22045e-12
0
0
-4.44089e-13
0
-1.73195e-11
-1.73195e-11
1.73195e-11
1.77636e-11
-1.82077e-11
0
4.44089e-13
-1.86517e-11
2.66454e-12
-4.44089e-13
1.5099e-11
1.82077e-11
0
3.55271e-12
0
-3.55271e-12
3.55271e-12
0
0
0
0
3.55271e-12
1.28786e-11
5.32907e-12
-1.37668e-11
-2.22045e-12
8.88178e-13
-8.88178e-13
0
4.44089e-13
0
4.44089e-13
3.9968e-12
1.28786e-11
-4.44089e-13
-1.24345e-11
1.06581e-11
0
-1.42109e-11
0
1.42109e-11
1.06581e-11
1.95399e-11
2.22045e-12
-1.77636e-11
0
1.33227e-12
-2.22045e-12
1.11022e-11
2.22045e-12
4.88498e-12
1.5099e-11
-1.55431e-11
1.33227e-12
2.22045e-12
1.33227e-12
-2.22045e-12
4.44089e-13
-3.55271e-12
0
1.15463e-11
8.43769e-12
8.88178e-13
4.44089e-13
2.22045e-12
-2.22045e-12
1.42109e-11
2.66454e-12
-1.64313e-11
0
1.73195e-11
1.5099e-11
1.33227e-12
-1.46549e-11
-1.33227e-12
-8.88178e-13
1.86517e-11
-1.33227e-12
-1.46549e-11
1.9984e-11
0
-1.59872e-11
-4.44089e-12
-1.33227e-12
5.32907e-12
-3.9968e-12
-1.59872e-11
-1.06581e-11
0
0
-4.44089e-13
-8.88178e-13
)
;

boundaryField
{
    frontAndBack
    {
        type            calculated;
        value           nonuniform List<scalar> 
600
(
-499.401
-499.401
-499.401
-499.401
-499.401
-499.401
-499.401
-499.401
-499.401
-499.401
-0.598903
-0.598903
-0.598903
-0.598903
-0.598903
-0.598903
-0.598903
-0.598903
-0.598903
-0.598903
-0.000365244
-0.000365244
-0.000365244
-0.000365244
-0.000365244
-0.000365244
-0.000365244
-0.000365244
-0.000365244
-0.000365244
-1.50958e-07
-1.50965e-07
-1.50966e-07
-1.50946e-07
-1.5096e-07
-1.50966e-07
-1.50957e-07
-1.50963e-07
-1.50955e-07
-1.5096e-07
-5.68434e-11
-5.01821e-11
-5.59552e-11
-3.64153e-11
-5.06262e-11
-4.66294e-11
-3.73035e-11
-5.63993e-11
-3.95239e-11
-4.79616e-11
0
8.88178e-13
0
-1.73195e-11
3.10862e-12
0
1.77636e-12
-2.22045e-12
-1.42109e-11
1.5099e-11
1.5099e-11
2.66454e-12
0
4.44089e-13
1.82077e-11
-3.10862e-12
2.22045e-12
1.55431e-11
-1.24345e-11
-6.21725e-12
0
-4.44089e-13
1.73195e-11
-4.44089e-13
1.42109e-11
1.68754e-11
0
1.33227e-12
2.66454e-12
-1.55431e-11
0
0
-8.88178e-13
-1.5099e-11
-1.77636e-11
3.55271e-12
-1.82077e-11
-1.68754e-11
-3.9968e-12
-8.43769e-12
1.06581e-11
2.22045e-12
-1.24345e-11
2.22045e-12
-1.37668e-11
-1.68754e-11
1.42109e-11
-1.77636e-12
-3.9968e-12
1.77636e-11
-499.401
-499.401
-499.401
-499.401
-499.401
-499.401
-499.401
-499.401
-499.401
-499.401
-0.598903
-0.598903
-0.598903
-0.598903
-0.598903
-0.598903
-0.598903
-0.598903
-0.598903
-0.598903
-0.000365244
-0.000365244
-0.000365244
-0.000365244
-0.000365244
-0.000365244
-0.000365244
-0.000365244
-0.000365244
-0.000365245
-1.5096e-07
-1.50961e-07
-1.50962e-07
-1.50944e-07
-1.50962e-07
-1.50958e-07
-1.50958e-07
-1.50957e-07
-1.50958e-07
-1.50965e-07
-4.79616e-11
-5.24025e-11
-5.9508e-11
-5.06262e-11
-5.06262e-11
-5.4623e-11
-5.72875e-11
-5.4623e-11
-5.9952e-11
-4.08562e-11
0
0
4.44089e-13
0
0
-3.55271e-12
4.44089e-13
-2.66454e-12
-3.9968e-12
-8.88178e-13
8.88178e-13
0
0
1.77636e-12
0
1.33227e-12
1.33227e-12
0
1.42109e-11
-1.5099e-11
-8.88178e-13
-4.44089e-13
3.55271e-12
-1.42109e-11
3.9968e-12
8.88178e-13
-1.33227e-12
2.66454e-12
3.9968e-12
1.59872e-11
-1.5099e-11
0
0
8.88178e-13
0
1.33227e-12
-4.44089e-12
-1.33227e-12
-1.46549e-11
1.64313e-11
4.44089e-13
1.9984e-11
-3.55271e-12
4.44089e-13
-3.9968e-12
4.44089e-13
-2.22045e-12
-2.22045e-12
1.37668e-11
-1.59872e-11
1.77636e-12
-1.77636e-12
-4.44089e-13
8.88178e-13
5.32907e-12
-4.44089e-13
1.77636e-12
-1.77636e-12
1.64313e-11
1.55431e-11
2.22045e-12
0
0
1.06581e-11
0
1.82077e-11
-1.64313e-11
0
1.77636e-12
0
-2.66454e-12
2.22045e-12
4.44089e-13
0
-3.55271e-12
4.44089e-13
0
1.68754e-11
4.44089e-13
-8.88178e-13
3.9968e-12
0
-4.44089e-13
0
1.64313e-11
-1.46549e-11
0
2.22045e-12
1.59872e-11
0
-3.9968e-12
1.5099e-11
1.11022e-11
-3.55271e-12
1.77636e-12
1.02141e-11
1.77636e-12
1.33227e-12
-1.77636e-12
4.44089e-13
4.44089e-13
-1.77636e-12
-1.33227e-12
2.22045e-12
-1.77636e-11
-8.88178e-13
-1.33227e-12
-3.10862e-12
-1.02141e-11
-2.22045e-12
0
-1.55431e-11
-1.11022e-11
3.10862e-12
-4.44089e-13
3.9968e-12
-4.44089e-13
-1.46549e-11
-1.11022e-11
1.77636e-12
-2.22045e-12
2.22045e-12
1.33227e-12
-1.24345e-11
1.77636e-12
1.33227e-12
1.77636e-12
0
-7.54952e-12
-1.46549e-11
5.77316e-12
8.88178e-13
-1.33227e-12
-1.77636e-12
1.11022e-11
-1.64313e-11
1.11022e-11
0
1.15463e-11
-2.66454e-12
-3.9968e-12
-8.88178e-13
-4.44089e-13
0
-4.44089e-13
-4.44089e-13
-4.44089e-13
4.44089e-13
8.88178e-13
1.73195e-11
0
1.24345e-11
5.77316e-12
-4.44089e-13
5.77316e-12
0
1.68754e-11
0
-3.10862e-12
-1.77636e-12
1.73195e-11
-1.64313e-11
0
0
3.10862e-12
1.68754e-11
3.10862e-12
1.73195e-11
2.22045e-12
-4.44089e-13
0
-1.46549e-11
-5.77316e-12
-1.77636e-12
7.10543e-12
0
4.44089e-13
0
0
-1.77636e-12
0
1.11022e-11
0
-2.66454e-12
-2.22045e-12
0
-2.66454e-12
0
-1.5099e-11
1.55431e-11
1.46549e-11
1.82077e-11
1.73195e-11
2.22045e-12
-9.76996e-12
1.42109e-11
0
3.10862e-12
4.44089e-12
-1.33227e-11
-2.22045e-12
-1.06581e-11
1.11022e-11
4.44089e-13
4.44089e-12
-1.33227e-12
1.33227e-12
-1.46549e-11
-3.9968e-12
-1.46549e-11
2.22045e-12
-1.64313e-11
-1.59872e-11
-3.10862e-12
-2.66454e-12
-1.37668e-11
-1.68754e-11
0
0
0
-1.46549e-11
-3.55271e-12
-6.21725e-12
1.5099e-11
0
-1.42109e-11
1.46549e-11
-4.44089e-13
0
1.46549e-11
-2.66454e-12
0
-4.44089e-13
3.10862e-12
0
-2.22045e-12
1.82077e-11
-3.10862e-12
-3.55271e-12
1.55431e-11
1.73195e-11
4.44089e-13
-5.32907e-12
-1.59872e-11
-1.77636e-12
-1.33227e-12
-1.46549e-11
0
1.64313e-11
8.88178e-13
-5.77316e-12
-4.44089e-13
1.77636e-12
1.77636e-12
5.32907e-12
-2.22045e-12
-1.11022e-11
0
-1.46549e-11
-3.9968e-12
2.22045e-12
-1.33227e-12
4.44089e-13
-1.77636e-12
4.44089e-13
4.44089e-13
-8.88178e-13
2.22045e-12
-1.77636e-12
-4.44089e-13
0
0
-4.44089e-13
-3.10862e-12
0
1.9984e-11
0
4.44089e-13
1.9984e-11
6.21725e-12
-2.22045e-12
1.33227e-12
-4.44089e-13
-1.33227e-12
1.59872e-11
1.59872e-11
1.33227e-12
3.55271e-12
1.82077e-11
4.44089e-13
1.77636e-12
-1.33227e-12
0
1.73195e-11
0
0
1.64313e-11
-2.22045e-12
0
0
0
8.88178e-13
0
0
0
0
-4.44089e-13
-3.9968e-12
0
0
4.44089e-13
4.44089e-13
-2.66454e-12
8.88178e-13
-1.86517e-11
-1.59872e-11
-8.88178e-13
2.22045e-12
-4.44089e-13
-1.77636e-11
0
0
0
4.44089e-13
0
0
-2.22045e-12
-1.77636e-12
0
0
-1.33227e-11
1.15463e-11
1.37668e-11
4.44089e-13
1.95399e-11
1.68754e-11
0
1.55431e-11
1.33227e-12
0
-1.15463e-11
1.11022e-11
1.15463e-11
1.9984e-11
1.33227e-12
1.33227e-12
1.82077e-11
1.73195e-11
1.33227e-12
-1.73195e-11
-1.55431e-11
1.73195e-11
0
1.28786e-11
3.9968e-12
1.95399e-11
-1.55431e-11
8.88178e-13
1.33227e-12
-4.44089e-12
-2.22045e-12
1.77636e-11
3.55271e-12
5.32907e-12
1.28786e-11
2.22045e-12
1.33227e-12
4.44089e-13
-1.46549e-11
-1.33227e-12
1.77636e-11
-1.82077e-11
0
-1.37668e-11
-4.44089e-13
-1.77636e-11
2.22045e-12
2.22045e-12
-1.33227e-12
5.32907e-12
2.22045e-12
0
-3.55271e-12
-2.22045e-12
-1.24345e-11
0
1.33227e-12
-2.22045e-12
-8.88178e-13
-3.9968e-12
0
4.44089e-13
3.55271e-12
8.88178e-13
1.06581e-11
1.33227e-12
-2.22045e-12
1.42109e-11
1.86517e-11
-1.59872e-11
0
-1.86517e-11
0
-8.88178e-13
0
-2.22045e-12
4.44089e-13
2.66454e-12
-1.33227e-12
-1.06581e-11
-4.44089e-13
2.66454e-12
0
0
-1.42109e-11
1.11022e-11
-3.55271e-12
-1.64313e-11
-1.46549e-11
0
0
-4.44089e-13
0
4.44089e-13
0
2.22045e-12
0
0
1.9984e-11
0
-1.73195e-11
1.5099e-11
0
0
1.42109e-11
4.88498e-12
1.15463e-11
1.73195e-11
0
-4.44089e-13
-1.73195e-11
1.82077e-11
3.55271e-12
4.44089e-13
1.06581e-11
1.5099e-11
8.43769e-12
1.5099e-11
-1.59872e-11
-8.88178e-13
)
;
    }
    left
    {
        type            calculated;
        value           nonuniform List<scalar> 
100
(
-997.604
-997.604
-997.604
-997.604
-997.604
-997.604
-997.604
-997.604
-997.604
-997.604
-997.604
-997.604
-997.604
-997.604
-997.604
-997.604
-997.604
-997.604
-997.604
-997.604
-997.604
-997.604
-997.604
-997.604
-997.604
-997.604
-997.604
-997.604
-997.604
-997.604
-997.604
-997.604
-997.604
-997.604
-997.604
-997.604
-997.604
-997.604
-997.604
-997.604
-997.604
-997.604
-997.604
-997.604
-997.604
-997.604
-997.604
-997.604
-997.604
-997.604
-997.604
-997.604
-997.604
-997.604
-997.604
-997.604
-997.604
-997.604
-997.604
-997.604
-997.604
-997.604
-997.604
-997.604
-997.604
-997.604
-997.604
-997.604
-997.604
-997.604
-997.604
-997.604
-997.604
-997.604
-997.604
-997.604
-997.604
-997.604
-997.604
-997.604
-997.604
-997.604
-997.604
-997.604
-997.604
-997.604
-997.604
-997.604
-997.604
-997.604
-997.604
-997.604
-997.604
-997.604
-997.604
-997.604
-997.604
-997.604
-997.604
-997.604
)
;
    }
    right
    {
        type            calculated;
        value           uniform 0;
    }
    lowerWall
    {
        type            calculated;
        value           nonuniform List<scalar> 
300
(
-499.401
-499.401
-499.401
-499.401
-499.401
-499.401
-499.401
-499.401
-499.401
-499.401
-0.598903
-0.598903
-0.598903
-0.598903
-0.598903
-0.598903
-0.598903
-0.598903
-0.598903
-0.598903
-0.000365244
-0.000365244
-0.000365244
-0.000365244
-0.000365244
-0.000365244
-0.000365244
-0.000365244
-0.000365244
-0.000365244
-1.50958e-07
-1.50958e-07
-1.50966e-07
-1.50961e-07
-1.50961e-07
-1.50966e-07
-1.50961e-07
-1.50948e-07
-1.50969e-07
-1.5096e-07
-5.68434e-11
-5.9508e-11
-5.59552e-11
-5.19584e-11
-5.9952e-11
-5.59552e-11
-5.37348e-11
-5.90639e-11
-3.73035e-11
-4.79616e-11
0
-1.77636e-12
0
-2.22045e-12
3.55271e-12
1.64313e-11
2.66454e-12
-4.44089e-13
2.66454e-12
0
1.5099e-11
1.90958e-11
0
1.55431e-11
1.86517e-11
-1.77636e-12
3.9968e-12
1.82077e-11
-1.24345e-11
8.88178e-13
0
2.22045e-12
1.73195e-11
-4.44089e-13
1.33227e-11
0
-3.55271e-12
-1.5099e-11
0
-8.88178e-13
0
-1.64313e-11
-8.88178e-13
-1.5099e-11
-1.77636e-11
2.66454e-12
-3.10862e-12
0
-3.9968e-12
-1.5099e-11
1.06581e-11
-4.44089e-13
-1.24345e-11
2.22045e-12
-1.55431e-11
-1.68754e-11
-1.77636e-12
-1.33227e-12
-3.9968e-12
4.44089e-13
1.77636e-12
-1.77636e-12
-4.44089e-13
8.88178e-13
-8.88178e-13
-4.44089e-13
3.10862e-12
-1.77636e-11
1.64313e-11
0
2.22045e-12
0
0
-2.22045e-12
2.22045e-12
1.82077e-11
2.66454e-12
5.77316e-12
1.77636e-12
1.73195e-11
-2.66454e-12
1.55431e-11
4.44089e-13
4.44089e-13
3.9968e-12
-8.88178e-13
4.44089e-13
-1.77636e-12
-1.42109e-11
0
3.9968e-12
0
1.59872e-11
0
0
-1.5099e-11
1.64313e-11
-3.9968e-12
1.64313e-11
0
-3.9968e-12
1.77636e-12
-1.77636e-12
0
1.06581e-11
1.59872e-11
1.06581e-11
1.46549e-11
1.24345e-11
1.46549e-11
4.44089e-13
-3.10862e-12
-7.99361e-12
1.46549e-11
8.43769e-12
-8.88178e-13
-1.73195e-11
-2.22045e-12
-1.86517e-11
-2.22045e-12
0
-1.5099e-11
1.77636e-12
-4.44089e-13
-1.06581e-11
0
-1.15463e-11
-1.06581e-11
-1.15463e-11
2.22045e-12
-2.22045e-12
3.10862e-12
-7.99361e-12
-1.24345e-11
-8.43769e-12
1.33227e-12
1.77636e-12
0
1.33227e-12
-1.46549e-11
5.77316e-12
8.88178e-13
1.06581e-11
-1.77636e-12
1.11022e-11
-1.64313e-11
-1.33227e-12
-4.44089e-13
-1.33227e-12
-2.66454e-12
-3.9968e-12
-8.88178e-13
-4.44089e-13
0
-4.44089e-13
1.42109e-11
1.55431e-11
6.66134e-12
1.33227e-12
1.73195e-11
-5.77316e-12
-4.44089e-13
-1.46549e-11
-1.77636e-12
-1.06581e-11
-1.77636e-12
-1.77636e-12
1.5099e-11
-2.22045e-12
-1.55431e-11
2.22045e-12
-1.33227e-12
4.44089e-13
-1.33227e-12
4.44089e-13
-1.46549e-11
-1.82077e-11
-3.9968e-12
-1.77636e-12
-2.22045e-12
0
0
3.9968e-12
3.10862e-12
-4.44089e-13
3.9968e-12
1.9984e-11
-1.46549e-11
1.9984e-11
1.77636e-11
-2.22045e-12
1.33227e-12
1.59872e-11
-1.77636e-12
-4.44089e-13
1.59872e-11
1.82077e-11
-4.44089e-13
1.82077e-11
2.22045e-12
1.77636e-12
-1.33227e-12
0
0
0
-4.44089e-13
0
4.44089e-12
0
0
0
8.88178e-13
-1.64313e-11
3.55271e-12
0
-1.59872e-11
0
-4.44089e-13
0
0
4.44089e-13
4.44089e-13
-3.10862e-12
1.5099e-11
4.44089e-13
-4.44089e-13
-4.44089e-13
-3.9968e-12
-4.44089e-13
-4.44089e-13
0
0
8.88178e-13
0
0
0
0
-1.77636e-12
0
0
-1.33227e-11
1.15463e-11
1.33227e-11
0
1.06581e-11
1.73195e-11
1.33227e-12
0
1.33227e-12
-1.73195e-11
-1.15463e-11
1.11022e-11
1.11022e-11
1.55431e-11
1.15463e-11
1.77636e-11
1.33227e-12
2.22045e-12
1.33227e-12
-1.73195e-11
)
;
    }
    upperWall
    {
        type            calculated;
        value           nonuniform List<scalar> 
300
(
-499.401
-499.401
-499.401
-499.401
-499.401
-499.401
-499.401
-499.401
-499.401
-499.401
-0.598903
-0.598903
-0.598903
-0.598903
-0.598903
-0.598903
-0.598903
-0.598903
-0.598903
-0.598903
-0.000365244
-0.000365244
-0.000365244
-0.000365244
-0.000365244
-0.000365244
-0.000365244
-0.000365244
-0.000365244
-0.000365245
-1.5096e-07
-1.50961e-07
-1.50962e-07
-1.50965e-07
-1.50963e-07
-1.50968e-07
-1.50961e-07
-1.50962e-07
-1.50968e-07
-1.50965e-07
-4.79616e-11
-5.01821e-11
-5.41789e-11
-5.41789e-11
-5.9508e-11
-4.75175e-11
-5.9508e-11
-5.37348e-11
-5.10703e-11
-4.08562e-11
1.5099e-11
-4.44089e-13
0
1.55431e-11
0
1.68754e-11
0
0
1.68754e-11
-8.88178e-13
-6.21725e-12
1.46549e-11
4.44089e-13
-1.33227e-12
1.77636e-12
1.33227e-12
8.88178e-13
4.44089e-13
-4.44089e-13
-1.5099e-11
-1.55431e-11
0
3.9968e-12
-1.46549e-11
-8.88178e-13
0
4.88498e-12
1.68754e-11
-1.28786e-11
1.59872e-11
-8.43769e-12
-1.73195e-11
3.55271e-12
2.66454e-12
3.10862e-12
8.88178e-13
2.22045e-12
-8.88178e-13
-1.77636e-12
1.64313e-11
1.77636e-11
1.77636e-12
-3.55271e-12
-2.66454e-12
3.9968e-12
-1.5099e-11
-3.10862e-12
-1.55431e-11
-3.55271e-12
-1.59872e-11
1.55431e-11
1.33227e-12
-3.9968e-12
4.44089e-13
-1.77636e-12
1.77636e-12
8.88178e-13
-4.44089e-13
1.77636e-12
-1.77636e-12
0
1.90958e-11
0
-4.44089e-13
-2.66454e-12
1.68754e-11
2.22045e-12
1.68754e-11
3.55271e-12
-4.44089e-13
-8.88178e-13
-1.33227e-12
0
-2.22045e-12
4.44089e-13
-2.66454e-12
-4.44089e-13
0
-3.10862e-12
-1.77636e-12
0
-1.59872e-11
3.55271e-12
3.10862e-12
0
4.44089e-13
-3.10862e-12
-1.46549e-11
1.33227e-12
1.55431e-11
4.44089e-13
1.33227e-12
4.44089e-13
2.22045e-12
1.64313e-11
-1.33227e-12
-3.55271e-12
1.86517e-11
1.5099e-11
-1.33227e-11
-2.22045e-12
-1.33227e-12
-3.9968e-12
1.33227e-11
4.44089e-13
-1.86517e-11
3.55271e-12
-1.77636e-12
-4.44089e-12
-1.46549e-11
1.77636e-12
1.59872e-11
0
-4.44089e-13
-1.46549e-11
1.33227e-12
1.33227e-12
0
-1.64313e-11
0
-1.46549e-11
1.77636e-12
0
-1.28786e-11
0
-8.88178e-13
-8.88178e-13
-4.44089e-13
0
1.46549e-11
-2.66454e-12
-5.32907e-12
3.55271e-12
1.5099e-11
-2.66454e-12
-4.44089e-13
1.77636e-11
-4.44089e-13
2.66454e-12
1.55431e-11
1.73195e-11
1.5099e-11
4.44089e-13
-3.55271e-12
1.33227e-12
1.77636e-12
-4.44089e-13
-1.77636e-12
8.88178e-13
8.88178e-13
-3.9968e-12
-1.19904e-11
0
-1.42109e-11
1.77636e-11
3.55271e-12
-1.46549e-11
-1.46549e-11
1.33227e-11
-4.44089e-12
-4.44089e-13
-1.64313e-11
1.42109e-11
1.37668e-11
1.06581e-11
4.44089e-13
4.44089e-13
4.44089e-12
1.77636e-12
-1.33227e-12
6.21725e-12
-1.33227e-12
-3.55271e-12
-8.88178e-13
-1.5099e-11
1.77636e-12
-3.9968e-12
0
-1.06581e-11
5.32907e-12
4.44089e-13
-8.88178e-13
-1.06581e-11
-1.06581e-11
4.44089e-12
-1.33227e-12
0
1.46549e-11
1.42109e-11
-3.9968e-12
0
0
0
0
0
-8.88178e-13
1.77636e-12
0
-1.77636e-12
-1.59872e-11
0
0
-3.55271e-12
-4.44089e-13
-1.5099e-11
2.22045e-12
0
-1.46549e-11
-1.55431e-11
-1.06581e-11
-1.77636e-11
-1.33227e-12
1.42109e-11
1.37668e-11
1.11022e-11
0
-1.33227e-12
-1.77636e-12
-3.10862e-12
0
0
0
0
0
0
0
0
0
4.44089e-13
0
0
1.95399e-11
5.77316e-12
2.22045e-12
4.44089e-12
1.5099e-11
1.15463e-11
1.77636e-12
1.86517e-11
-4.44089e-13
-1.73195e-11
1.86517e-11
1.9984e-11
1.55431e-11
1.68754e-11
1.55431e-11
8.43769e-12
0
1.90958e-11
-8.88178e-13
)
;
    }
}


// ************************************************************************* //
