/*--------------------------------*- C++ -*----------------------------------*\
  =========                 |
  \\      /  F ield         | OpenFOAM: The Open Source CFD Toolbox
   \\    /   O peration     | Website:  https://openfoam.org
    \\  /    A nd           | Version:  10
     \\/     M anipulation  |
\*---------------------------------------------------------------------------*/
FoamFile
{
    format      ascii;
    class       volScalarField;
    location    "0.8";
    object      gradTx;
}
// * * * * * * * * * * * * * * * * * * * * * * * * * * * * * * * * * * * * * //

dimensions      [0 -1 0 1 0 0 0];

internalField   nonuniform List<scalar> 
3000
(
-498.405
-1.5923
-0.00256213
-2.76629e-06
-2.28484e-09
-7.54952e-12
4.35207e-11
0
0
3.90799e-11
-498.405
-1.5923
-0.00256213
-2.7663e-06
-2.27907e-09
-8.43769e-12
9.32587e-12
-5.32907e-12
-1.33227e-12
7.99361e-12
-498.405
-1.5923
-0.00256213
-2.76631e-06
-2.28573e-09
-8.43769e-12
0
5.19584e-11
-8.88178e-13
-4.08562e-11
-498.405
-1.5923
-0.00256213
-2.76626e-06
-2.23199e-09
-4.70735e-11
0
0
-4.4853e-11
3.9968e-12
-498.405
-1.5923
-0.00256213
-2.76629e-06
-2.27995e-09
-4.44089e-13
5.28466e-11
4.39648e-11
-5.19584e-11
-4.26326e-11
-498.405
-1.5923
-0.00256213
-2.76631e-06
-2.26974e-09
-8.43769e-12
-8.88178e-12
5.15143e-11
9.32587e-12
-5.06262e-11
-498.405
-1.5923
-0.00256213
-2.76628e-06
-2.22888e-09
2.22045e-11
2.22045e-12
0
-5.19584e-11
1.42109e-11
-498.405
-1.5923
-0.00256213
-2.7663e-06
-2.2875e-09
-1.46549e-11
4.30767e-11
6.66134e-12
-4.9738e-11
-3.55271e-12
-498.405
-1.5923
-0.00256213
-2.76627e-06
-2.24176e-09
-4.39648e-11
-4.08562e-11
3.24185e-11
-1.02141e-11
-3.41949e-11
-498.405
-1.5923
-0.00256213
-2.76629e-06
-2.25819e-09
3.4639e-11
-6.21725e-12
-4.4853e-11
-3.64153e-11
4.66294e-11
-498.405
-1.5923
-0.00256213
-2.76629e-06
-2.29461e-09
-1.15463e-11
5.32907e-11
3.10862e-12
-4.61853e-11
4.44089e-13
-498.405
-1.5923
-0.00256213
-2.7663e-06
-2.29372e-09
-3.55271e-12
2.57572e-11
-1.28786e-11
4.88498e-12
1.77636e-12
-498.405
-1.5923
-0.00256213
-2.76633e-06
-2.27107e-09
-6.21725e-12
2.66454e-12
3.24185e-11
-4.44089e-13
-1.77636e-11
-498.405
-1.5923
-0.00256213
-2.76629e-06
-2.26619e-09
-2.44249e-11
-7.54952e-12
0
-9.76996e-12
-1.33227e-11
-498.405
-1.5923
-0.00256213
-2.76631e-06
-2.29505e-09
7.54952e-12
2.84217e-11
0
-2.66454e-11
8.88178e-13
-498.405
-1.5923
-0.00256213
-2.76633e-06
-2.28706e-09
-6.21725e-12
2.66454e-12
3.24185e-11
-4.44089e-13
-7.99361e-12
-498.405
-1.5923
-0.00256213
-2.76629e-06
-2.29861e-09
-1.77636e-12
2.88658e-11
-4.44089e-13
-2.66454e-11
-1.55431e-11
-498.405
-1.5923
-0.00256213
-2.7663e-06
-2.27152e-09
-3.10862e-11
8.88178e-13
4.44089e-13
-2.26485e-11
2.26485e-11
-498.405
-1.5923
-0.00256213
-2.7663e-06
-2.26663e-09
-1.06581e-11
-4.88498e-12
-1.9984e-11
-2.66454e-11
1.33227e-11
-498.405
-1.5923
-0.00256213
-2.76629e-06
-2.26974e-09
-1.15463e-11
4.30767e-11
0
-4.70735e-11
6.21725e-12
-498.405
-1.5923
-0.00256213
-2.76631e-06
-2.28573e-09
-8.43769e-12
0
5.19584e-11
-8.88178e-13
-4.08562e-11
-498.405
-1.5923
-0.00256213
-2.76633e-06
-2.28706e-09
1.73195e-11
4.44089e-12
8.88178e-12
-2.22045e-12
1.33227e-12
-498.405
-1.5923
-0.00256213
-2.76631e-06
-2.2502e-09
-3.10862e-11
0
-8.88178e-13
-3.24185e-11
3.19744e-11
-498.405
-1.5923
-0.00256213
-2.7663e-06
-2.29461e-09
-3.55271e-12
2.66454e-11
-1.46549e-11
-1.19904e-11
3.55271e-12
-498.405
-1.5923
-0.00256213
-2.76633e-06
-2.28306e-09
-6.21725e-12
1.33227e-12
4.44089e-13
-1.77636e-12
2.62013e-11
-498.405
-1.5923
-0.00256213
-2.7663e-06
-2.28129e-09
-3.81917e-11
3.15303e-11
-8.88178e-13
-8.43769e-12
3.28626e-11
-498.405
-1.5923
-0.00256213
-2.76631e-06
-2.28306e-09
-4.44089e-12
1.42109e-11
4.44089e-13
-1.37668e-11
1.37668e-11
-498.405
-1.5923
-0.00256213
-2.76629e-06
-2.27329e-09
-3.4639e-11
-6.66134e-12
0
-2.62013e-11
2.4869e-11
-498.405
-1.5923
-0.00256213
-2.76631e-06
-2.29949e-09
-4.44089e-12
8.88178e-13
-8.88178e-13
2.22045e-11
1.46549e-11
-498.405
-1.5923
-0.00256213
-2.76629e-06
-2.2804e-09
-8.43769e-12
8.88178e-13
1.02141e-11
9.32587e-12
-9.32587e-12
-498.405
-1.5923
-0.00256213
-2.76629e-06
-2.27685e-09
-1.11022e-11
4.4853e-11
0
-4.4853e-11
3.9968e-12
-498.405
-1.5923
-0.00256213
-2.76631e-06
-2.28173e-09
3.9968e-12
7.54952e-12
0
-9.76996e-12
3.10862e-12
-498.405
-1.5923
-0.00256213
-2.76631e-06
-2.29461e-09
-5.32907e-12
6.21725e-12
2.26485e-11
8.88178e-12
4.44089e-13
-498.405
-1.5923
-0.00256213
-2.76631e-06
-2.2875e-09
-3.10862e-12
9.32587e-12
0
-1.68754e-11
4.44089e-13
-498.405
-1.5923
-0.00256213
-2.76628e-06
-2.28706e-09
-2.57572e-11
-2.08722e-11
1.77636e-11
2.84217e-11
-2.84217e-11
-498.405
-1.5923
-0.00256213
-2.76628e-06
-2.26619e-09
-7.10543e-12
-4.88498e-12
-3.55271e-12
-2.66454e-11
-8.43769e-12
-498.405
-1.5923
-0.00256213
-2.7663e-06
-2.26885e-09
-2.53131e-11
-2.30926e-11
1.77636e-11
2.84217e-11
-2.88658e-11
-498.405
-1.5923
-0.00256213
-2.76633e-06
-2.31015e-09
1.55431e-11
2.30926e-11
-4.44089e-13
8.88178e-13
1.33227e-12
-498.405
-1.5923
-0.00256213
-2.76628e-06
-2.28484e-09
-1.82077e-11
4.44089e-12
-1.37668e-11
-2.66454e-11
1.55431e-11
-498.405
-1.5923
-0.00256213
-2.7663e-06
-2.27907e-09
3.59712e-11
-5.32907e-12
-4.44089e-11
7.54952e-12
-7.54952e-12
-498.405
-1.5923
-0.00256213
-2.76629e-06
-2.29594e-09
8.88178e-13
5.32907e-11
4.21885e-11
-5.19584e-11
-4.52971e-11
-498.405
-1.5923
-0.00256213
-2.76631e-06
-2.31104e-09
1.73195e-11
2.66454e-11
-9.76996e-12
-2.4869e-11
1.06581e-11
-498.405
-1.5923
-0.00256213
-2.76631e-06
-2.25553e-09
-4.88498e-12
-3.06422e-11
-8.88178e-13
-1.77636e-12
1.33227e-12
-498.405
-1.5923
-0.00256213
-2.7663e-06
-2.29461e-09
1.33227e-11
6.21725e-12
-3.24185e-11
1.15463e-11
2.66454e-11
-498.405
-1.5923
-0.00256213
-2.76631e-06
-2.31015e-09
-6.66134e-12
2.39808e-11
0
-2.39808e-11
2.39808e-11
-498.405
-1.5923
-0.00256213
-2.76631e-06
-2.29949e-09
-4.44089e-12
2.62013e-11
-1.33227e-12
-2.66454e-12
1.46549e-11
-498.405
-1.5923
-0.00256213
-2.76631e-06
-2.2875e-09
-6.21725e-12
2.39808e-11
0
0
2.35367e-11
-498.405
-1.5923
-0.00256213
-2.76633e-06
-2.26841e-09
1.73195e-11
-8.88178e-12
0
-5.77316e-12
-1.82077e-11
-498.405
-1.5923
-0.00256213
-2.76631e-06
-2.29461e-09
-4.44089e-12
3.01981e-11
-1.33227e-12
-6.66134e-12
3.24185e-11
-498.405
-1.5923
-0.00256213
-2.76629e-06
-2.29594e-09
-8.43769e-12
6.21725e-12
0
3.9968e-12
1.02141e-11
-498.405
-1.5923
-0.00256213
-2.76631e-06
-2.28573e-09
4.26326e-11
-6.21725e-12
0
7.10543e-12
-5.06262e-11
-498.405
-1.5923
-0.00256213
-2.76633e-06
-2.28706e-09
-6.21725e-12
2.66454e-12
3.24185e-11
-1.15463e-11
-5.77316e-12
-498.405
-1.5923
-0.00256213
-2.76634e-06
-2.28173e-09
-6.21725e-12
2.44249e-11
0
-2.44249e-11
2.44249e-11
-498.405
-1.5923
-0.00256213
-2.76631e-06
-2.26619e-09
1.90958e-11
-4.88498e-12
-2.66454e-11
-4.44089e-13
2.4869e-11
-498.405
-1.5923
-0.00256213
-2.76634e-06
-2.29949e-09
1.64313e-11
3.24185e-11
-4.44089e-13
-3.19744e-11
9.32587e-12
-498.405
-1.5923
-0.00256213
-2.76631e-06
-2.31193e-09
-4.44089e-12
2.44249e-11
-1.77636e-12
-4.44089e-13
3.10862e-12
-498.405
-1.5923
-0.00256213
-2.76631e-06
-2.2613e-09
-6.66134e-12
-1.15463e-11
2.39808e-11
8.88178e-12
-8.88178e-12
-498.405
-1.5923
-0.00256213
-2.76631e-06
-2.28173e-09
-8.88178e-13
-1.90958e-11
0
9.32587e-12
-1.15463e-11
-498.405
-1.5923
-0.00256213
-2.76631e-06
-2.25775e-09
8.43769e-12
-8.88178e-12
1.15463e-11
-1.33227e-11
-9.32587e-12
-498.405
-1.5923
-0.00256213
-2.76631e-06
-2.26974e-09
4.30767e-11
5.77316e-12
4.44089e-13
1.33227e-12
-4.57412e-11
-498.405
-1.5923
-0.00256213
-2.76629e-06
-2.27995e-09
2.4869e-11
1.02141e-11
-3.28626e-11
-9.76996e-12
-1.77636e-12
-498.405
-1.5923
-0.00256213
-2.76632e-06
-2.30838e-09
1.24345e-11
2.75335e-11
0
-2.70894e-11
2.66454e-12
-498.405
-1.5923
-0.00256213
-2.76631e-06
-2.28573e-09
-5.32907e-12
0
0
2.30926e-11
2.4869e-11
-498.405
-1.5923
-0.00256213
-2.7663e-06
-2.26796e-09
-3.9968e-12
-2.04281e-11
1.73195e-11
2.62013e-11
-3.06422e-11
-498.405
-1.5923
-0.00256213
-2.76631e-06
-2.30882e-09
-6.21725e-12
2.22045e-11
1.77636e-12
0
-8.88178e-13
-498.405
-1.5923
-0.00256213
-2.76631e-06
-2.30349e-09
1.77636e-11
1.5099e-11
-8.88178e-12
-3.55271e-12
2.22045e-12
-498.405
-1.5923
-0.00256213
-2.76631e-06
-2.26352e-09
-6.21725e-12
-2.26485e-11
4.44089e-13
2.22045e-11
8.88178e-13
-498.405
-1.5923
-0.00256213
-2.76633e-06
-2.29106e-09
-5.77316e-12
-8.88178e-12
2.26485e-11
1.82077e-11
-1.82077e-11
-498.405
-1.5923
-0.00256213
-2.76631e-06
-2.26352e-09
1.77636e-11
-8.88178e-13
-2.22045e-11
-1.02141e-11
3.10862e-11
-498.405
-1.5923
-0.00256213
-2.76629e-06
-2.29594e-09
-8.43769e-12
6.21725e-12
1.02141e-11
3.9968e-12
-3.9968e-12
-498.405
-1.5923
-0.00256213
-2.76626e-06
-2.29639e-09
-4.44089e-13
5.24025e-11
-4.35207e-11
0
-3.10862e-12
-498.405
-1.5923
-0.00256213
-2.76629e-06
-2.27152e-09
-7.10543e-12
1.77636e-12
-8.88178e-13
-8.88178e-13
1.77636e-12
-498.405
-1.5923
-0.00256213
-2.76631e-06
-2.27374e-09
-2.17604e-11
-5.77316e-12
-1.33227e-11
-2.44249e-11
2.44249e-11
-498.405
-1.5923
-0.00256213
-2.76633e-06
-2.31015e-09
-5.77316e-12
2.22045e-12
3.10862e-12
-3.10862e-12
2.26485e-11
-498.405
-1.5923
-0.00256213
-2.76631e-06
-2.25997e-09
-3.19744e-11
-2.04281e-11
2.88658e-11
9.32587e-12
-2.53131e-11
-498.405
-1.5923
-0.00256213
-2.76631e-06
-2.25908e-09
-2.57572e-11
-1.86517e-11
0
9.32587e-12
1.90958e-11
-498.405
-1.5923
-0.00256213
-2.76631e-06
-2.28884e-09
-5.77316e-12
-1.06581e-11
2.13163e-11
9.32587e-12
-1.77636e-11
-498.405
-1.5923
-0.00256213
-2.76632e-06
-2.28217e-09
-4.88498e-12
2.4869e-11
0
-2.22045e-11
-4.44089e-13
-498.405
-1.5923
-0.00256213
-2.76631e-06
-2.28884e-09
1.68754e-11
-1.11022e-11
-2.26485e-11
-5.32907e-12
3.24185e-11
-498.405
-1.5923
-0.00256213
-2.76629e-06
-2.27285e-09
-8.43769e-12
-1.33227e-12
5.19584e-11
-3.9968e-12
-4.66294e-11
-498.405
-1.5923
-0.00256213
-2.76631e-06
-2.22888e-09
2.4869e-11
-4.08562e-11
0
-1.02141e-11
-3.41949e-11
-498.405
-1.5923
-0.00256213
-2.76633e-06
-2.2764e-09
1.28786e-11
-4.88498e-12
-1.9984e-11
-2.66454e-11
1.33227e-11
-498.405
-1.5923
-0.00256213
-2.76631e-06
-2.28173e-09
-4.88498e-12
1.33227e-12
-8.88178e-13
-1.77636e-12
1.46549e-11
-498.405
-1.5923
-0.00256213
-2.76629e-06
-2.29505e-09
-7.99361e-12
2.70894e-11
-3.10862e-11
-9.32587e-12
-8.88178e-13
-498.405
-1.5923
-0.00256213
-2.76631e-06
-2.29949e-09
1.64313e-11
2.39808e-11
0
-2.39808e-11
-2.13163e-11
-498.405
-1.5923
-0.00256213
-2.76631e-06
-2.25775e-09
1.77636e-11
-7.10543e-12
-2.26485e-11
-2.66454e-12
1.5099e-11
-498.405
-1.5923
-0.00256213
-2.76631e-06
-2.29594e-09
-7.10543e-12
9.32587e-12
8.88178e-13
8.88178e-13
-1.77636e-12
-498.405
-1.5923
-0.00256213
-2.7663e-06
-2.27152e-09
6.21725e-12
-9.32587e-12
3.55271e-12
2.62013e-11
-2.04281e-11
-498.405
-1.5923
-0.00256213
-2.76631e-06
-2.29816e-09
-4.88498e-12
2.4869e-11
1.5099e-11
-2.57572e-11
-1.55431e-11
-498.405
-1.5923
-0.00256213
-2.76631e-06
-2.27729e-09
4.30767e-11
-4.44089e-13
-4.26326e-11
-2.22045e-12
-8.43769e-12
-498.405
-1.5923
-0.00256213
-2.76629e-06
-2.25819e-09
-8.88178e-12
8.88178e-13
-1.33227e-12
-4.35207e-11
8.88178e-13
-498.405
-1.5923
-0.00256213
-2.76629e-06
-2.28217e-09
-1.02141e-11
0
-1.33227e-12
-8.88178e-13
5.41789e-11
-498.405
-1.5923
-0.00256213
-2.76629e-06
-2.29594e-09
-7.54952e-12
0
9.32587e-12
0
-9.32587e-12
-498.405
-1.5923
-0.00256213
-2.76625e-06
-2.27995e-09
0
3.10862e-12
-4.30767e-11
5.32907e-12
4.44089e-13
-498.405
-1.5923
-0.00256213
-2.76629e-06
-2.27995e-09
-8.43769e-12
0
1.02141e-11
0
-1.02141e-11
-498.405
-1.5923
-0.00256213
-2.76628e-06
-2.2804e-09
-1.77636e-11
6.21725e-12
1.33227e-12
1.33227e-12
5.32907e-12
-498.405
-1.5923
-0.00256213
-2.76628e-06
-2.28839e-09
-7.99361e-12
2.22045e-12
-2.22045e-12
-1.02141e-11
-7.99361e-12
-498.405
-1.5923
-0.00256213
-2.76628e-06
-2.28439e-09
-1.15463e-11
-8.88178e-13
3.9968e-12
-3.9968e-12
-5.32907e-12
-498.405
-1.5923
-0.00256213
-2.76628e-06
-2.29328e-09
-1.77636e-11
4.30767e-11
9.32587e-12
-4.39648e-11
4.26326e-11
-498.405
-1.5923
-0.00256213
-2.76631e-06
-2.24043e-09
-8.43769e-12
-4.44089e-11
4.57412e-11
4.4853e-11
-4.44089e-11
1.77636e-12
2.22045e-12
-2.66454e-12
3.9968e-12
-3.9968e-12
4.44089e-13
0
-2.22045e-12
5.77316e-12
-3.9968e-12
-3.10862e-12
0
4.44089e-12
0
4.30767e-11
-3.10862e-12
-4.44089e-11
4.44089e-12
7.54952e-12
-8.88178e-13
-8.88178e-13
-1.77636e-12
8.88178e-13
0
3.9968e-11
-4.44089e-12
-4.04121e-11
4.88498e-12
-1.77636e-12
-8.88178e-13
1.77636e-12
3.90799e-11
0
0
-8.88178e-12
2.22045e-12
8.43769e-12
-4.08562e-11
-3.55271e-12
0
3.90799e-11
0
-3.37508e-11
4.52971e-11
3.9968e-12
-4.88498e-11
-4.44089e-13
3.9968e-12
3.95239e-11
-4.44089e-13
-1.33227e-12
5.24025e-11
4.44089e-13
-4.44089e-11
3.95239e-11
-3.9968e-12
3.9968e-12
5.32907e-12
-4.66294e-11
-8.88178e-13
6.21725e-12
-4.52971e-11
-1.33227e-12
0
3.10862e-12
-2.66454e-12
-4.44089e-13
3.9968e-12
3.9968e-11
-8.88178e-13
-2.22045e-12
-1.77636e-12
5.06262e-11
4.44089e-12
2.22045e-12
-8.88178e-12
-4.39648e-11
0
0
2.66454e-12
5.19584e-11
2.22045e-12
4.44089e-13
4.4853e-11
-1.77636e-12
-1.02141e-11
-4.04121e-11
-3.77476e-11
4.04121e-11
2.66454e-12
4.39648e-11
0
-8.88178e-13
0
4.44089e-13
-2.22045e-12
1.77636e-12
-4.30767e-11
-2.66454e-12
4.57412e-11
-3.10862e-12
0
4.57412e-11
0
1.77636e-12
-7.99361e-12
-4.44089e-11
9.32587e-12
7.54952e-12
-8.88178e-13
-5.77316e-12
1.64313e-11
7.99361e-12
4.44089e-12
-5.32907e-12
1.77636e-12
-3.9968e-12
7.54952e-12
5.32907e-12
-3.10862e-11
-2.57572e-11
9.32587e-12
-4.44089e-13
0
3.37508e-11
6.21725e-12
-8.88178e-12
-3.06422e-11
8.88178e-12
3.28626e-11
-1.5099e-11
1.42109e-11
-4.44089e-13
0
2.66454e-11
1.37668e-11
-8.88178e-13
-7.99361e-12
-8.88178e-12
4.88498e-12
2.17604e-11
9.76996e-12
-1.42109e-11
-1.86517e-11
2.35367e-11
3.10862e-12
-8.43769e-12
1.33227e-11
8.43769e-12
-4.88498e-12
-1.24345e-11
0
1.24345e-11
8.43769e-12
7.10543e-12
-1.37668e-11
-8.43769e-12
-1.95399e-11
8.88178e-12
2.44249e-11
-1.33227e-12
9.32587e-12
1.95399e-11
1.77636e-12
1.33227e-11
-6.66134e-12
0
6.66134e-12
-1.5099e-11
-2.22045e-12
-4.88498e-12
-8.43769e-12
3.10862e-11
8.43769e-12
8.88178e-13
-2.70894e-11
-4.44089e-12
0
-4.44089e-13
2.93099e-11
1.37668e-11
0
1.24345e-11
8.43769e-12
7.54952e-12
-1.42109e-11
0
-1.90958e-11
0
3.28626e-11
2.22045e-12
4.88498e-11
-4.44089e-12
-4.44089e-11
3.9968e-12
-4.88498e-12
4.52971e-11
5.77316e-12
-5.77316e-12
4.39648e-11
-8.88178e-13
-1.77636e-12
8.88178e-13
4.57412e-11
-3.10862e-12
-7.10543e-12
1.77636e-12
-3.73035e-11
4.04121e-11
-8.88178e-13
-1.33227e-11
-8.43769e-12
-1.37668e-11
7.99361e-12
3.41949e-11
-1.42109e-11
-8.43769e-12
-1.95399e-11
8.88178e-12
1.68754e-11
1.95399e-11
-2.88658e-11
7.10543e-12
1.11022e-11
-1.11022e-11
-8.88178e-12
1.37668e-11
1.9984e-11
-1.37668e-11
5.77316e-12
1.55431e-11
1.68754e-11
-8.88178e-12
8.88178e-12
2.22045e-12
2.22045e-12
0
-8.43769e-12
-1.90958e-11
-1.86517e-11
2.66454e-11
-2.4869e-11
0
0
-2.53131e-11
2.44249e-11
8.88178e-13
0
0
-2.53131e-11
-2.44249e-11
-1.59872e-11
3.06422e-11
0
-1.5099e-11
-1.77636e-11
1.82077e-11
0
-1.59872e-11
1.77636e-11
8.43769e-12
8.88178e-13
-8.88178e-13
-1.28786e-11
3.9968e-12
2.4869e-11
0
-1.5099e-11
-1.37668e-11
1.59872e-11
2.39808e-11
-2.04281e-11
2.22045e-12
2.04281e-11
-2.04281e-11
-3.9968e-12
2.66454e-12
9.76996e-12
1.86517e-11
-8.88178e-13
6.21725e-12
0
-3.01981e-11
-1.33227e-11
4.44089e-13
1.19904e-11
1.46549e-11
1.68754e-11
-4.44089e-13
-3.55271e-12
-1.02141e-11
0
0
9.32587e-12
8.88178e-13
-1.02141e-11
0
0
9.32587e-12
8.88178e-13
1.77636e-12
-3.55271e-12
0
0
0
4.4853e-11
-4.44089e-13
-4.08562e-11
-3.55271e-12
0
-1.55431e-11
-9.32587e-12
-4.44089e-13
0
3.55271e-12
1.28786e-11
3.06422e-11
-3.06422e-11
-4.44089e-13
2.70894e-11
-4.44089e-12
-4.88498e-12
1.19904e-11
8.88178e-12
2.22045e-12
-2.22045e-12
0
7.54952e-12
5.32907e-12
-9.76996e-12
6.21725e-12
-8.88178e-12
6.66134e-12
9.32587e-12
-2.22045e-11
4.88498e-12
0
1.33227e-12
2.53131e-11
-1.73195e-11
-3.28626e-11
0
3.06422e-11
2.39808e-11
-2.75335e-11
-2.66454e-11
0
-4.44089e-13
3.06422e-11
3.9968e-12
0
-9.32587e-12
2.44249e-11
2.22045e-11
8.88178e-13
3.9968e-12
-8.88178e-13
-5.32907e-12
3.9968e-12
7.10543e-12
-1.33227e-12
-4.44089e-13
-6.66134e-12
2.35367e-11
3.55271e-12
-2.57572e-11
0
2.93099e-11
-1.33227e-12
-2.66454e-11
-9.76996e-12
5.77316e-12
0
-7.99361e-12
-9.32587e-12
-2.44249e-11
-2.66454e-12
4.44089e-13
2.22045e-12
3.33067e-11
1.24345e-11
0
1.86517e-11
0
-5.32907e-12
8.88178e-12
-2.35367e-11
7.99361e-12
1.42109e-11
-1.46549e-11
1.33227e-12
0
-4.44089e-12
8.88178e-12
4.44089e-12
4.17444e-11
-4.44089e-13
-4.17444e-11
4.30767e-11
-8.43769e-12
-1.33227e-12
3.10862e-12
1.02141e-11
0
3.90799e-11
3.73035e-11
-3.95239e-11
-3.68594e-11
3.95239e-11
-4.44089e-13
3.06422e-11
7.99361e-12
-2.08722e-11
-4.44089e-13
2.26485e-11
-1.11022e-11
0
-2.04281e-11
-1.64313e-11
1.59872e-11
3.4639e-11
1.5099e-11
-7.99361e-12
-1.5099e-11
-2.53131e-11
7.54952e-12
2.22045e-12
1.73195e-11
-1.77636e-12
-2.53131e-11
-1.68754e-11
6.66134e-12
3.15303e-11
-2.79776e-11
-2.75335e-11
-6.66134e-12
0
1.9984e-11
2.22045e-12
-1.59872e-11
2.62013e-11
0
0
0
-2.66454e-12
2.66454e-12
-2.39808e-11
0
2.39808e-11
-2.66454e-12
-1.28786e-11
1.68754e-11
2.17604e-11
0
-8.88178e-12
-1.33227e-12
-9.32587e-12
-1.90958e-11
1.68754e-11
4.44089e-12
7.10543e-12
-4.44089e-13
4.44089e-13
-2.26485e-11
-2.93099e-11
2.93099e-11
2.22045e-11
0
-2.22045e-11
-1.55431e-11
1.33227e-12
4.44089e-13
2.88658e-11
2.04281e-11
-2.4869e-11
-3.9968e-12
2.4869e-11
1.33227e-12
-3.55271e-12
7.54952e-12
-1.11022e-11
8.88178e-13
-1.42109e-11
0
2.62013e-11
-1.82077e-11
6.21725e-12
0
-8.88178e-13
9.76996e-12
-3.9968e-12
-3.9968e-12
0
0
4.70735e-11
0
-4.30767e-11
0
-3.9968e-12
2.66454e-12
-1.33227e-12
5.24025e-11
-4.44089e-12
-4.44089e-11
4.84057e-11
-3.9968e-12
0
4.88498e-12
-4.61853e-11
4.35207e-11
1.68754e-11
6.66134e-12
-1.02141e-11
0
1.11022e-11
-2.44249e-11
0
2.35367e-11
-8.88178e-12
1.33227e-12
-4.44089e-13
4.44089e-13
-4.44089e-13
-2.13163e-11
2.75335e-11
2.22045e-12
6.66134e-12
-6.21725e-12
-8.88178e-13
1.73195e-11
-4.44089e-13
-1.82077e-11
-2.62013e-11
-3.10862e-12
2.84217e-11
1.02141e-11
-3.9968e-12
1.28786e-11
-1.59872e-11
4.44089e-13
2.62013e-11
-3.9968e-12
3.9968e-12
-1.15463e-11
-2.88658e-11
9.76996e-12
1.28786e-11
0
0
6.21725e-12
-1.33227e-12
3.06422e-11
8.43769e-12
-1.73195e-11
-1.55431e-11
-1.77636e-11
-1.06581e-11
2.22045e-11
1.33227e-11
1.02141e-11
6.66134e-12
1.19904e-11
8.88178e-13
4.44089e-12
-2.93099e-11
-1.33227e-12
1.33227e-11
-4.44089e-13
9.76996e-12
-3.9968e-12
1.77636e-11
0
-9.32587e-12
0
-1.73195e-11
2.4869e-11
2.4869e-11
-4.44089e-13
-2.22045e-12
1.33227e-12
2.88658e-11
0
-7.54952e-12
-3.10862e-12
-2.08722e-11
1.59872e-11
1.55431e-11
-4.44089e-13
-1.77636e-12
-3.9968e-12
3.10862e-12
4.70735e-11
-6.66134e-12
0
-2.22045e-12
-5.37348e-11
5.32907e-12
0
-5.32907e-12
6.21725e-12
8.43769e-12
3.55271e-12
1.33227e-12
4.4853e-11
3.95239e-11
-4.9738e-11
-4.04121e-11
5.77316e-12
-2.66454e-12
4.44089e-11
2.57572e-11
-8.43769e-12
-3.9968e-12
8.43769e-12
1.11022e-11
-2.44249e-11
-8.43769e-12
2.30926e-11
0
-1.46549e-11
6.21725e-12
-1.19904e-11
-6.66134e-12
1.73195e-11
-4.44089e-13
-8.88178e-13
3.9968e-12
-8.88178e-13
5.32907e-12
-2.93099e-11
-3.06422e-11
2.53131e-11
2.17604e-11
1.77636e-12
3.55271e-12
-5.32907e-12
-2.30926e-11
-2.22045e-11
4.44089e-13
2.57572e-11
-1.28786e-11
2.26485e-11
-1.77636e-12
-7.10543e-12
2.30926e-11
1.37668e-11
-8.43769e-12
-1.95399e-11
-9.76996e-12
-8.88178e-12
0
0
6.21725e-12
-1.11022e-11
-1.95399e-11
7.54952e-12
3.55271e-12
5.32907e-12
2.9754e-11
1.28786e-11
-9.32587e-12
1.33227e-12
5.77316e-12
1.37668e-11
-1.95399e-11
-3.10862e-12
1.77636e-12
-8.88178e-13
1.37668e-11
1.86517e-11
-7.10543e-12
0
8.88178e-13
-8.88178e-13
-1.11022e-11
2.4869e-11
2.44249e-11
-3.9968e-12
-1.77636e-12
4.88498e-12
1.86517e-11
-1.5099e-11
-1.02141e-11
-2.22045e-12
8.88178e-12
8.43769e-12
-2.93099e-11
-1.33227e-12
2.26485e-11
-2.22045e-11
0
3.55271e-12
0
-8.88178e-12
-8.88178e-12
8.88178e-12
5.32907e-12
-4.44089e-13
4.70735e-11
-1.33227e-12
-4.70735e-11
3.55271e-11
-6.66134e-12
-3.28626e-11
4.9738e-11
-3.10862e-12
-3.9968e-11
0
-4.44089e-13
3.64153e-11
-2.22045e-12
6.21725e-12
-2.66454e-11
-8.88178e-13
2.88658e-11
-7.10543e-12
-4.44089e-13
-1.11022e-11
4.88498e-12
4.44089e-12
-1.33227e-12
0
2.22045e-11
0
1.19904e-11
4.44089e-12
-2.57572e-11
-4.44089e-13
1.86517e-11
8.88178e-13
1.37668e-11
5.77316e-12
0
0
-8.43769e-12
-3.33067e-11
0
0
2.13163e-11
1.86517e-11
9.32587e-12
0
-2.35367e-11
-4.44089e-13
2.62013e-11
1.37668e-11
6.66134e-12
-3.9968e-12
-5.32907e-12
1.68754e-11
1.73195e-11
-7.10543e-12
-1.77636e-12
7.10543e-12
-2.22045e-11
-2.4869e-11
0
2.13163e-11
-4.44089e-12
-3.06422e-11
0
0
8.88178e-13
-8.88178e-13
-6.21725e-12
2.04281e-11
2.44249e-11
7.54952e-12
-6.21725e-12
-2.22045e-12
1.5099e-11
2.39808e-11
-2.22045e-11
-7.99361e-12
2.79776e-11
-1.9984e-11
5.32907e-12
0
-1.33227e-11
7.10543e-12
2.39808e-11
-7.10543e-12
-1.06581e-11
7.54952e-12
1.68754e-11
-1.46549e-11
-2.22045e-11
-5.77316e-12
-4.88498e-12
1.33227e-11
-1.33227e-12
4.84057e-11
0
-3.64153e-11
5.37348e-11
-1.11022e-11
0
0
0
-7.10543e-12
5.19584e-11
2.22045e-12
-4.4853e-11
4.52971e-11
4.30767e-11
-5.10703e-11
-4.04121e-11
3.10862e-12
-2.22045e-12
2.66454e-12
3.24185e-11
-4.44089e-13
-2.17604e-11
3.9968e-12
2.30926e-11
-6.66134e-12
-8.43769e-12
-2.08722e-11
-6.66134e-12
3.10862e-11
-4.44089e-13
4.44089e-13
3.06422e-11
-4.44089e-13
-3.01981e-11
-8.43769e-12
2.66454e-11
-6.21725e-12
-1.24345e-11
2.22045e-12
-1.64313e-11
1.77636e-12
3.24185e-11
2.44249e-11
-4.88498e-12
3.9968e-12
-2.39808e-11
-7.99361e-12
0
3.55271e-12
2.62013e-11
1.77636e-12
3.55271e-12
2.84217e-11
-6.66134e-12
-5.77316e-12
8.88178e-13
0
0
-2.44249e-11
8.43769e-12
8.88178e-13
-1.64313e-11
0
1.73195e-11
5.32907e-12
-2.04281e-11
3.10862e-12
2.30926e-11
6.66134e-12
6.66134e-12
2.44249e-11
0
-2.44249e-11
1.77636e-12
3.01981e-11
-3.19744e-11
-4.44089e-13
1.42109e-11
-2.88658e-11
-3.24185e-11
4.44089e-13
0
1.77636e-12
5.77316e-12
1.11022e-11
2.53131e-11
-5.77316e-12
-1.28786e-11
7.54952e-12
3.01981e-11
2.53131e-11
8.88178e-13
-2.57572e-11
-3.10862e-11
2.93099e-11
1.64313e-11
8.88178e-13
-1.73195e-11
-4.44089e-12
2.22045e-12
8.43769e-12
-6.21725e-12
1.77636e-12
4.75175e-11
-1.06581e-11
-5.10703e-11
0
7.99361e-12
8.88178e-13
0
4.57412e-11
0
0
4.30767e-11
-2.22045e-12
2.22045e-12
-4.30767e-11
-2.66454e-12
4.57412e-11
4.21885e-11
-4.52971e-11
-4.57412e-11
4.04121e-11
4.88498e-11
-3.95239e-11
-4.4853e-11
-9.32587e-12
0
5.32907e-12
4.04121e-11
0
-4.04121e-11
0
5.19584e-11
4.52971e-11
-4.9738e-11
-6.66134e-12
-4.44089e-13
-3.90799e-11
-4.44089e-13
4.44089e-13
-3.55271e-12
-8.43769e-12
4.44089e-12
3.9968e-12
-8.88178e-12
4.57412e-11
7.54952e-12
-5.01821e-11
4.04121e-11
8.43769e-12
6.66134e-12
-2.22045e-12
-3.90799e-11
3.41949e-11
-7.99361e-12
0
0
-3.01981e-11
-4.44089e-13
4.70735e-11
-1.33227e-12
0
4.4853e-11
-1.33227e-12
-4.26326e-11
-4.52971e-11
-7.10543e-12
0
5.15143e-11
8.43769e-12
8.88178e-13
-7.99361e-12
0
6.21725e-12
-5.10703e-11
4.35207e-11
5.28466e-11
-4.4853e-11
0
4.84057e-11
0
0
1.59872e-11
-4.39648e-11
-6.66134e-12
-1.33227e-12
-8.43769e-12
1.33227e-12
-7.99361e-12
2.22045e-12
0
-4.4853e-11
1.06581e-11
-8.88178e-12
0
0
-9.32587e-12
5.15143e-11
-1.77636e-12
-8.88178e-13
-1.77636e-12
4.44089e-11
-4.21885e-11
-4.39648e-11
1.33227e-12
4.30767e-11
4.39648e-11
8.88178e-13
-5.77316e-12
2.22045e-12
0
-2.22045e-12
1.77636e-12
0
4.44089e-13
0
-4.17444e-11
-4.04121e-11
-7.99361e-12
-2.66454e-12
0
2.66454e-12
-2.22045e-12
8.88178e-13
8.88178e-13
0
4.08562e-11
4.04121e-11
3.55271e-12
8.88178e-13
-1.77636e-12
-4.44089e-13
0
0
-5.77316e-12
0
4.61853e-11
4.04121e-11
3.55271e-12
-3.9968e-12
-8.43769e-12
-5.32907e-12
5.15143e-11
0
8.88178e-13
4.44089e-13
4.44089e-13
5.41789e-11
4.88498e-12
1.33227e-12
0
4.44089e-11
0
0
-4.9738e-11
0
5.06262e-11
1.33227e-12
-6.66134e-12
8.88178e-13
5.4623e-11
4.44089e-11
0
0
-1.95399e-11
0
2.04281e-11
1.33227e-12
-4.04121e-11
-4.44089e-12
0
3.9968e-12
4.57412e-11
-4.44089e-13
-4.44089e-13
-3.10862e-12
8.88178e-13
4.75175e-11
-8.88178e-13
7.10543e-12
-8.88178e-13
3.24185e-11
-5.32907e-12
-3.33067e-11
6.21725e-12
-1.33227e-12
4.35207e-11
4.70735e-11
-4.92939e-11
-3.55271e-12
5.4623e-11
4.88498e-11
0
0
-4.44089e-13
0
1.33227e-12
1.33227e-12
-3.9968e-12
-4.44089e-13
6.21725e-12
4.44089e-13
0
0
-4.70735e-11
0
4.44089e-13
-4.66294e-11
-7.99361e-12
-2.66454e-12
0
2.66454e-12
-2.22045e-12
8.88178e-13
8.88178e-13
0
4.08562e-11
4.04121e-11
-4.88498e-12
1.37668e-11
0
7.54952e-12
-5.32907e-12
0
-2.22045e-12
-2.26485e-11
6.03961e-11
7.59393e-11
-3.28626e-11
-1.11022e-11
1.73195e-11
-5.32907e-12
1.59872e-11
0
-2.79776e-11
0
2.79776e-11
1.59872e-11
9.32587e-12
-7.99361e-12
0
7.99361e-12
-4.44089e-13
-4.44089e-13
-1.24345e-11
0
1.33227e-11
1.33227e-12
-9.76996e-12
5.32907e-12
-6.21725e-12
-5.32907e-12
1.59872e-11
0
-1.95399e-11
0
1.68754e-11
1.28786e-11
-8.88178e-12
5.77316e-12
-4.44089e-13
-5.32907e-12
8.88178e-12
0
-3.55271e-12
8.43769e-12
4.88498e-11
4.61853e-11
6.66134e-12
-1.37668e-11
0
1.42109e-11
8.88178e-12
0
0
0
4.26326e-11
5.10703e-11
-3.9968e-12
-8.43769e-12
8.43769e-12
1.15463e-11
-2.4869e-11
0
1.33227e-11
8.88178e-13
5.10703e-11
4.04121e-11
-8.43769e-12
-2.44249e-11
4.44089e-13
1.5099e-11
8.88178e-12
0
4.44089e-13
0
-4.44089e-13
8.88178e-12
-4.17444e-11
-4.88498e-11
-8.88178e-13
8.88178e-13
0
0
-6.66134e-12
0
5.50671e-11
4.84057e-11
-4.9738e-11
1.33227e-12
8.88178e-12
4.4853e-11
0
-4.57412e-11
-5.32907e-12
0
4.61853e-11
4.04121e-11
0
-1.06581e-11
-1.59872e-11
2.66454e-11
0
-1.59872e-11
1.24345e-11
0
4.88498e-11
6.21725e-11
4.44089e-13
1.33227e-12
1.68754e-11
-1.82077e-11
-2.62013e-11
0
2.75335e-11
0
-3.55271e-12
1.59872e-11
1.86517e-11
1.37668e-11
-2.08722e-11
7.10543e-12
1.59872e-11
-2.08722e-11
-1.77636e-12
-2.22045e-12
4.88498e-11
6.52811e-11
0
3.19744e-11
0
-3.19744e-11
0
0
3.19744e-11
0
-7.99361e-12
2.39808e-11
0
1.64313e-11
0
-1.64313e-11
0
0
-7.99361e-12
1.59872e-11
2.35367e-11
0
0
7.10543e-12
2.57572e-11
-3.28626e-11
-1.15463e-11
2.4869e-11
1.95399e-11
-4.44089e-13
-8.88178e-12
-8.88178e-13
-1.02141e-11
-3.15303e-11
1.64313e-11
1.73195e-11
-1.77636e-12
1.59872e-11
-1.77636e-12
-1.55431e-11
-4.44089e-13
1.19904e-11
-1.33227e-11
7.10543e-12
2.44249e-11
-3.15303e-11
-1.15463e-11
2.4869e-11
1.59872e-11
-1.19904e-11
-5.32907e-12
1.06581e-11
0
4.84057e-11
-8.88178e-12
-3.95239e-11
0
-8.88178e-12
4.84057e-11
0
5.32907e-12
5.41789e-11
-5.77316e-12
-3.10862e-12
8.43769e-12
-5.32907e-12
0
9.32587e-12
4.35207e-11
0
0
4.39648e-11
-6.21725e-12
-7.99361e-12
0
7.99361e-12
-4.44089e-13
-4.44089e-13
3.9968e-12
0
3.9968e-12
7.99361e-12
-2.22045e-12
9.32587e-12
0
-7.10543e-12
-7.10543e-12
0
1.33227e-11
0
4.44089e-11
5.06262e-11
-1.73195e-11
8.88178e-13
1.11022e-11
2.22045e-11
-4.44089e-13
0
-4.44089e-13
0
5.06262e-11
4.88498e-11
-6.66134e-12
2.9754e-11
-2.35367e-11
-6.21725e-12
2.30926e-11
-2.39808e-11
3.9968e-12
0
3.9968e-12
3.06422e-11
1.77636e-12
-2.26485e-11
-2.88658e-11
1.5099e-11
1.59872e-11
-6.66134e-12
0
-1.77636e-11
1.64313e-11
3.28626e-11
-1.77636e-12
1.55431e-11
8.43769e-12
5.77316e-12
-2.9754e-11
8.43769e-12
1.59872e-11
0
1.42109e-11
0
-5.32907e-12
-2.39808e-11
3.10862e-11
1.11022e-11
-3.10862e-11
-8.43769e-12
3.06422e-11
2.08722e-11
4.44089e-13
0
1.37668e-11
-9.76996e-12
-2.88658e-11
1.5099e-11
2.22045e-12
-6.66134e-12
1.37668e-11
-1.77636e-11
1.64313e-11
3.28626e-11
-4.26326e-11
4.79616e-11
-1.33227e-12
-3.90799e-11
0
-1.33227e-12
4.26326e-11
-4.44089e-13
2.66454e-12
4.4853e-11
-3.90799e-11
8.88178e-13
-8.88178e-13
-1.33227e-12
0
0
1.33227e-12
0
3.90799e-11
4.04121e-11
1.59872e-11
-1.06581e-11
-1.59872e-11
2.66454e-11
0
-1.59872e-11
-1.19904e-11
1.55431e-11
7.32747e-11
4.66294e-11
0
3.33067e-11
2.84217e-11
-3.24185e-11
-5.77316e-12
-4.44089e-13
1.02141e-11
0
-9.32587e-12
2.39808e-11
2.75335e-11
1.33227e-11
-8.43769e-12
1.59872e-11
-2.66454e-12
-8.88178e-12
-4.44089e-12
-2.26485e-11
4.88498e-11
6.52811e-11
-2.17604e-11
-5.32907e-12
0
-1.77636e-11
2.30926e-11
-8.88178e-13
-4.44089e-12
0
6.21725e-12
2.39808e-11
-5.77316e-12
-8.88178e-12
-1.15463e-11
8.88178e-12
0
0
7.10543e-12
0
7.99361e-12
1.59872e-11
2.4869e-11
1.42109e-11
-1.11022e-11
-1.46549e-11
0
0
1.46549e-11
0
4.44089e-12
1.9984e-11
4.88498e-12
-4.88498e-12
-1.5099e-11
6.66134e-12
1.33227e-11
-1.46549e-11
-1.42109e-11
4.44089e-13
1.02141e-11
1.02141e-11
-3.19744e-11
1.02141e-11
2.39808e-11
-3.33067e-11
7.99361e-12
2.44249e-11
-1.77636e-12
0
-7.10543e-12
8.88178e-13
4.75175e-11
3.9968e-11
-4.4853e-11
4.88498e-12
0
-4.52971e-11
4.13003e-11
0
4.44089e-12
4.61853e-11
-7.10543e-12
-4.30767e-11
9.32587e-12
4.39648e-11
-4.44089e-13
-4.52971e-11
0
0
4.66294e-11
4.70735e-11
-2.44249e-11
-7.10543e-12
3.28626e-11
-8.88178e-12
-8.43769e-12
1.59872e-11
4.88498e-12
0
0
-3.9968e-12
0
1.64313e-11
8.88178e-13
-1.77636e-12
-1.59872e-11
1.33227e-12
1.64313e-11
0
4.44089e-11
4.39648e-11
-5.32907e-12
3.10862e-12
-1.77636e-12
3.9968e-12
2.57572e-11
-9.32587e-12
2.22045e-12
-2.26485e-11
4.79616e-11
7.59393e-11
0
-1.77636e-12
8.88178e-12
-1.59872e-11
5.77316e-12
2.22045e-12
-2.84217e-11
0
2.70894e-11
1.02141e-11
1.5099e-11
-2.35367e-11
0
2.35367e-11
-2.62013e-11
0
2.70894e-11
0
4.44089e-11
4.52971e-11
7.99361e-12
-4.44089e-12
4.44089e-13
9.76996e-12
-5.77316e-12
0
0
0
5.10703e-11
4.52971e-11
-1.42109e-11
-1.15463e-11
1.19904e-11
-3.9968e-12
5.77316e-12
6.66134e-12
-3.01981e-11
5.77316e-12
3.06422e-11
7.54952e-12
1.73195e-11
-1.77636e-11
0
2.35367e-11
-5.77316e-12
0
-9.32587e-12
0
6.03961e-11
4.52971e-11
9.32587e-12
0
3.01981e-11
0
-3.01981e-11
3.9968e-12
0
0
4.35207e-11
4.39648e-11
-6.66134e-12
-4.88498e-11
5.4623e-11
4.88498e-11
0
0
-4.44089e-13
0
1.33227e-12
1.33227e-12
8.43769e-12
1.37668e-11
-1.59872e-11
2.22045e-12
0
-1.59872e-11
1.64313e-11
1.46549e-11
3.33067e-11
3.4639e-11
0
2.39808e-11
-5.77316e-12
7.10543e-12
-2.53131e-11
-5.32907e-12
2.04281e-11
0
5.55112e-11
5.10703e-11
6.66134e-12
-4.44089e-13
1.33227e-11
-1.33227e-12
2.22045e-12
-4.88498e-12
5.32907e-12
4.44089e-13
8.88178e-13
1.33227e-11
4.44089e-13
3.24185e-11
1.55431e-11
-1.95399e-11
3.9968e-12
-1.37668e-11
-3.06422e-11
0
2.44249e-11
2.62013e-11
-1.59872e-11
-6.21725e-12
1.55431e-11
5.77316e-12
-3.10862e-12
0
3.10862e-12
-3.55271e-12
4.4853e-11
4.9738e-11
1.73195e-11
-2.35367e-11
0
2.35367e-11
-2.62013e-11
0
-5.77316e-12
0
7.72715e-11
4.52971e-11
3.10862e-12
-4.44089e-12
-3.9968e-12
5.77316e-12
-1.06581e-11
-3.19744e-11
-4.44089e-13
2.84217e-11
1.15463e-11
1.33227e-12
-2.22045e-11
1.86517e-11
2.53131e-11
-1.77636e-11
6.66134e-12
0
-8.43769e-12
2.57572e-11
9.32587e-12
7.54952e-12
-4.44089e-11
1.33227e-12
-8.88178e-12
-8.88178e-13
5.32907e-12
0
0
0
4.13003e-11
3.81917e-11
4.39648e-11
-3.24185e-11
-4.4853e-11
7.10543e-12
3.41949e-11
-8.88178e-12
-3.24185e-11
-1.33227e-12
-8.88178e-13
3.55271e-12
-4.44089e-13
2.66454e-12
1.33227e-12
1.15463e-11
-1.5099e-11
-2.9754e-11
2.66454e-12
3.06422e-11
5.10703e-11
3.9968e-11
-1.02141e-11
-3.15303e-11
1.64313e-11
3.33067e-11
-2.22045e-12
4.44089e-13
-1.77636e-12
0
3.68594e-11
3.37508e-11
-2.62013e-11
-9.76996e-12
3.01981e-11
2.39808e-11
-8.88178e-12
-3.55271e-12
9.76996e-12
2.22045e-12
4.35207e-11
4.44089e-11
-4.88498e-12
-4.44089e-12
9.32587e-12
-2.66454e-12
0
7.10543e-12
-1.64313e-11
2.66454e-12
1.37668e-11
-1.77636e-12
1.37668e-11
2.17604e-11
1.15463e-11
-4.88498e-12
0
-1.73195e-11
-1.46549e-11
2.66454e-11
1.59872e-11
2.22045e-12
-2.39808e-11
-4.44089e-12
3.01981e-11
-2.35367e-11
4.44089e-13
2.75335e-11
-1.64313e-11
2.66454e-12
1.42109e-11
-2.22045e-12
7.99361e-12
1.46549e-11
-2.35367e-11
4.88498e-12
2.26485e-11
-2.79776e-11
-2.66454e-12
5.77316e-12
8.88178e-12
2.84217e-11
0
-8.88178e-13
3.01981e-11
-2.35367e-11
-4.44089e-12
2.70894e-11
3.9968e-12
2.22045e-12
-4.44089e-13
-2.22045e-12
-4.4853e-11
1.15463e-11
1.33227e-12
4.30767e-11
0
-4.30767e-11
-4.44089e-12
4.44089e-13
2.66454e-11
2.35367e-11
-6.66134e-12
-3.55271e-12
5.4623e-11
4.88498e-11
0
0
-4.44089e-13
0
1.33227e-12
1.33227e-12
0
-2.22045e-12
1.59872e-11
-1.37668e-11
-8.43769e-12
1.59872e-11
8.88178e-12
0
7.54952e-12
8.43769e-12
0
3.19744e-11
0
-1.86517e-11
1.15463e-11
-4.44089e-13
-1.77636e-11
0
2.22045e-11
1.55431e-11
6.66134e-12
-4.44089e-13
1.33227e-11
-1.33227e-12
2.22045e-12
-4.88498e-12
-1.02141e-11
8.88178e-13
1.59872e-11
1.33227e-11
2.22045e-12
2.93099e-11
3.55271e-12
-3.9968e-12
3.9968e-12
-4.44089e-13
-3.37508e-11
0
3.41949e-11
7.99361e-12
-2.62013e-11
-1.77636e-12
3.24185e-11
-3.06422e-11
-3.55271e-12
3.24185e-11
-2.88658e-11
-3.55271e-12
2.39808e-11
-4.44089e-12
-1.37668e-11
2.04281e-11
3.24185e-11
-2.22045e-11
-6.21725e-12
3.24185e-11
0
0
6.21725e-12
8.88178e-13
1.5099e-11
-2.22045e-11
8.88178e-13
3.24185e-11
-6.66134e-12
-1.77636e-12
3.55271e-12
2.66454e-12
-4.44089e-13
-3.9968e-12
4.44089e-13
-1.82077e-11
3.24185e-11
-8.43769e-12
-6.21725e-12
3.24185e-11
-2.62013e-11
-3.55271e-12
2.39808e-11
-4.44089e-12
4.35207e-11
4.88498e-12
-1.06581e-11
4.4853e-11
-3.01981e-11
-4.52971e-11
-8.88178e-12
8.88178e-13
5.28466e-11
4.84057e-11
-4.44089e-11
-2.22045e-12
4.66294e-11
2.22045e-12
0
0
-4.44089e-13
0
-4.61853e-11
-4.66294e-11
4.52971e-11
4.79616e-11
-4.84057e-11
4.44089e-13
0
-4.84057e-11
3.55271e-12
-4.44089e-13
4.4853e-11
4.75175e-11
0
8.88178e-12
0
-8.88178e-12
8.88178e-12
0
0
0
0
9.32587e-12
4.26326e-11
3.95239e-11
-4.26326e-11
-3.15303e-11
1.33227e-12
-1.77636e-12
-1.33227e-12
2.66454e-12
4.44089e-13
8.88178e-13
1.02141e-11
4.13003e-11
-4.44089e-13
-4.08562e-11
3.90799e-11
0
-4.84057e-11
0
4.84057e-11
3.90799e-11
5.28466e-11
3.9968e-12
-4.70735e-11
-1.33227e-12
2.22045e-12
-2.66454e-12
3.95239e-11
3.9968e-12
4.88498e-12
4.35207e-11
-4.4853e-11
-1.33227e-12
3.19744e-11
3.9968e-12
-3.06422e-11
1.77636e-12
-1.06581e-11
0
4.70735e-11
3.68594e-11
4.88498e-12
0
3.9968e-12
-3.9968e-12
4.30767e-11
3.9968e-12
-4.75175e-11
4.44089e-13
4.79616e-11
4.35207e-11
5.32907e-12
-4.52971e-11
-6.21725e-12
0
5.32907e-11
-6.21725e-12
-4.30767e-11
5.4623e-11
0
-4.44089e-11
-4.44089e-12
-1.33227e-12
5.32907e-12
-3.9968e-12
-4.44089e-11
-3.90799e-11
0
0
-4.44089e-13
-1.33227e-12
)
;

boundaryField
{
    frontAndBack
    {
        type            calculated;
        value           nonuniform List<scalar> 
600
(
-498.405
-498.405
-498.405
-498.405
-498.405
-498.405
-498.405
-498.405
-498.405
-498.405
-1.5923
-1.5923
-1.5923
-1.5923
-1.5923
-1.5923
-1.5923
-1.5923
-1.5923
-1.5923
-0.00256213
-0.00256213
-0.00256213
-0.00256213
-0.00256213
-0.00256213
-0.00256213
-0.00256213
-0.00256213
-0.00256213
-2.76629e-06
-2.7663e-06
-2.76631e-06
-2.76626e-06
-2.76629e-06
-2.76631e-06
-2.76628e-06
-2.7663e-06
-2.76627e-06
-2.76629e-06
-2.28484e-09
-2.27907e-09
-2.28573e-09
-2.23199e-09
-2.27995e-09
-2.26974e-09
-2.22888e-09
-2.2875e-09
-2.24176e-09
-2.25819e-09
-7.54952e-12
-8.43769e-12
-8.43769e-12
-4.70735e-11
-4.44089e-13
-8.43769e-12
2.22045e-11
-1.46549e-11
-4.39648e-11
3.4639e-11
4.35207e-11
9.32587e-12
0
0
5.28466e-11
-8.88178e-12
2.22045e-12
4.30767e-11
-4.08562e-11
-6.21725e-12
0
-5.32907e-12
5.19584e-11
0
4.39648e-11
5.15143e-11
0
6.66134e-12
3.24185e-11
-4.4853e-11
0
-1.33227e-12
-8.88178e-13
-4.4853e-11
-5.19584e-11
9.32587e-12
-5.19584e-11
-4.9738e-11
-1.02141e-11
-3.64153e-11
3.90799e-11
7.99361e-12
-4.08562e-11
3.9968e-12
-4.26326e-11
-5.06262e-11
1.42109e-11
-3.55271e-12
-3.41949e-11
4.66294e-11
-498.405
-498.405
-498.405
-498.405
-498.405
-498.405
-498.405
-498.405
-498.405
-498.405
-1.5923
-1.5923
-1.5923
-1.5923
-1.5923
-1.5923
-1.5923
-1.5923
-1.5923
-1.5923
-0.00256213
-0.00256213
-0.00256213
-0.00256213
-0.00256213
-0.00256213
-0.00256213
-0.00256213
-0.00256213
-0.00256213
-2.76629e-06
-2.76629e-06
-2.76629e-06
-2.76625e-06
-2.76629e-06
-2.76628e-06
-2.76628e-06
-2.76628e-06
-2.76628e-06
-2.76631e-06
-2.25819e-09
-2.28217e-09
-2.29594e-09
-2.27995e-09
-2.27995e-09
-2.2804e-09
-2.28839e-09
-2.28439e-09
-2.29328e-09
-2.24043e-09
-8.88178e-12
-1.02141e-11
-7.54952e-12
0
-8.43769e-12
-1.77636e-11
-7.99361e-12
-1.15463e-11
-1.77636e-11
-8.43769e-12
8.88178e-13
0
0
3.10862e-12
0
6.21725e-12
2.22045e-12
-8.88178e-13
4.30767e-11
-4.44089e-11
-1.33227e-12
-1.33227e-12
9.32587e-12
-4.30767e-11
1.02141e-11
1.33227e-12
-2.22045e-12
3.9968e-12
9.32587e-12
4.57412e-11
-4.35207e-11
-8.88178e-13
0
5.32907e-12
0
1.33227e-12
-1.02141e-11
-3.9968e-12
-4.39648e-11
4.4853e-11
8.88178e-13
5.41789e-11
-9.32587e-12
4.44089e-13
-1.02141e-11
5.32907e-12
-7.99361e-12
-5.32907e-12
4.26326e-11
-4.44089e-11
1.77636e-12
-3.10862e-12
-8.88178e-13
1.77636e-12
3.90799e-11
-1.33227e-12
6.21725e-12
-2.22045e-12
5.19584e-11
4.39648e-11
2.22045e-12
0
-1.77636e-12
3.90799e-11
0
5.24025e-11
-4.52971e-11
-1.77636e-12
2.22045e-12
0
-2.66454e-12
4.44089e-12
8.88178e-13
0
-3.37508e-11
4.44089e-13
-1.33227e-12
5.06262e-11
4.44089e-13
-8.88178e-13
3.9968e-12
0
0
0
4.52971e-11
-4.44089e-11
0
4.44089e-12
4.4853e-11
0
-3.9968e-12
4.30767e-11
3.9968e-11
-8.88178e-12
3.9968e-12
3.95239e-11
3.10862e-12
2.22045e-12
-1.77636e-12
4.44089e-13
4.44089e-13
-3.10862e-12
-4.44089e-12
2.22045e-12
-4.88498e-11
-3.9968e-12
-2.66454e-12
-8.88178e-12
-1.02141e-11
-2.22045e-12
0
-4.44089e-11
-4.04121e-11
8.43769e-12
-4.44089e-13
3.9968e-12
-4.44089e-13
-4.39648e-11
-4.04121e-11
1.77636e-12
-2.22045e-12
4.44089e-12
4.88498e-12
-4.08562e-11
3.9968e-12
5.32907e-12
3.9968e-12
0
-3.77476e-11
-4.30767e-11
5.77316e-12
7.54952e-12
-1.77636e-12
-3.55271e-12
3.95239e-11
-4.66294e-11
3.9968e-11
0
4.04121e-11
-2.66454e-12
-3.9968e-12
-8.88178e-13
-8.88178e-13
0
-4.44089e-13
-8.88178e-13
-8.88178e-13
2.66454e-12
2.66454e-12
4.57412e-11
0
4.21885e-11
4.04121e-11
-4.44089e-13
4.04121e-11
-4.44089e-13
5.15143e-11
0
-7.99361e-12
-1.77636e-12
4.57412e-11
-4.52971e-11
0
4.44089e-13
8.43769e-12
4.70735e-11
8.43769e-12
4.84057e-11
2.22045e-12
-8.88178e-13
0
-4.57412e-11
-4.04121e-11
-3.55271e-12
6.66134e-12
-1.33227e-12
8.88178e-13
0
0
-1.77636e-12
0
4.04121e-11
0
-8.43769e-12
-2.22045e-12
0
-7.99361e-12
0
-4.4853e-11
4.44089e-11
4.30767e-11
4.88498e-11
5.19584e-11
4.44089e-12
-3.90799e-11
4.4853e-11
0
1.59872e-11
1.06581e-11
-4.21885e-11
-2.22045e-12
-3.95239e-11
4.52971e-11
3.9968e-12
3.41949e-11
-1.33227e-12
6.21725e-12
-4.39648e-11
-8.88178e-12
-4.39648e-11
2.22045e-12
-4.4853e-11
-4.9738e-11
-8.88178e-12
-7.99361e-12
-4.26326e-11
-5.10703e-11
-6.66134e-12
0
1.33227e-12
-4.30767e-11
-9.32587e-12
-6.66134e-12
4.57412e-11
0
-4.52971e-11
4.35207e-11
-1.33227e-12
0
4.30767e-11
-2.66454e-12
0
-4.44089e-13
7.54952e-12
0
-7.10543e-12
5.28466e-11
-8.43769e-12
-9.32587e-12
4.39648e-11
4.57412e-11
5.32907e-12
-3.90799e-11
-5.01821e-11
-3.01981e-11
0
-4.4853e-11
1.33227e-12
5.15143e-11
8.88178e-13
-5.77316e-12
-7.99361e-12
3.55271e-12
3.55271e-12
4.88498e-12
-6.66134e-12
-4.04121e-11
-8.88178e-13
-4.92939e-11
-3.9968e-12
2.22045e-12
-2.66454e-12
8.88178e-13
-3.9968e-12
1.33227e-12
8.88178e-13
-4.44089e-12
7.10543e-12
-3.55271e-12
-4.44089e-13
0
0
-1.77636e-12
-8.43769e-12
0
5.4623e-11
0
-8.88178e-13
5.4623e-11
6.21725e-12
-2.22045e-12
2.66454e-12
-4.44089e-13
-5.32907e-12
4.44089e-11
4.44089e-11
3.9968e-12
3.24185e-11
4.88498e-11
4.44089e-13
1.77636e-12
-2.22045e-12
0
5.15143e-11
0
0
4.57412e-11
-5.32907e-12
0
0
0
8.88178e-13
0
0
0
0
-4.44089e-13
-3.33067e-11
0
0
4.44089e-13
8.88178e-13
-5.77316e-12
8.88178e-13
-4.9738e-11
-1.95399e-11
-4.44089e-13
6.21725e-12
-4.44089e-13
-4.70735e-11
0
0
0
4.44089e-13
0
0
-3.10862e-12
-1.33227e-12
0
0
-4.17444e-11
4.08562e-11
4.61853e-11
4.44089e-13
5.06262e-11
2.04281e-11
8.88178e-13
4.35207e-11
1.33227e-12
4.44089e-13
-4.04121e-11
4.04121e-11
4.04121e-11
5.41789e-11
1.33227e-12
1.33227e-12
4.75175e-11
4.70735e-11
1.33227e-12
-4.66294e-11
-4.44089e-11
4.52971e-11
0
4.26326e-11
1.02141e-11
5.28466e-11
-4.4853e-11
4.88498e-12
5.32907e-12
-4.44089e-12
-2.22045e-12
4.79616e-11
8.88178e-12
3.95239e-11
4.13003e-11
3.9968e-12
-1.33227e-12
0
-4.52971e-11
-1.33227e-12
4.66294e-11
-4.84057e-11
0
-4.26326e-11
-4.44089e-13
-4.70735e-11
3.19744e-11
3.9968e-12
-6.21725e-12
5.32907e-12
2.22045e-12
4.44089e-13
-8.88178e-12
-3.15303e-11
-4.08562e-11
-1.33227e-12
3.9968e-12
-3.9968e-12
0
-3.9968e-12
0
0
8.88178e-12
1.33227e-12
3.90799e-11
2.22045e-12
-3.06422e-11
4.30767e-11
5.32907e-11
-4.44089e-11
0
-4.84057e-11
0
-1.77636e-12
0
-2.66454e-12
1.77636e-12
3.9968e-12
-6.21725e-12
-3.90799e-11
-4.44089e-13
3.55271e-12
0
-1.33227e-12
-4.84057e-11
3.95239e-11
-1.06581e-11
-4.75175e-11
-4.30767e-11
0
0
-4.44089e-13
0
2.66454e-12
0
3.9968e-12
0
4.44089e-13
5.4623e-11
0
-4.61853e-11
4.4853e-11
0
4.44089e-13
4.84057e-11
4.88498e-12
4.70735e-11
4.79616e-11
0
-4.44089e-13
-4.66294e-11
4.75175e-11
9.32587e-12
8.88178e-13
3.90799e-11
4.35207e-11
3.68594e-11
4.35207e-11
-4.44089e-11
-1.33227e-12
)
;
    }
    left
    {
        type            calculated;
        value           nonuniform List<scalar> 
100
(
-993.631
-993.631
-993.631
-993.631
-993.631
-993.631
-993.631
-993.631
-993.631
-993.631
-993.631
-993.631
-993.631
-993.631
-993.631
-993.631
-993.631
-993.631
-993.631
-993.631
-993.631
-993.631
-993.631
-993.631
-993.631
-993.631
-993.631
-993.631
-993.631
-993.631
-993.631
-993.631
-993.631
-993.631
-993.631
-993.631
-993.631
-993.631
-993.631
-993.631
-993.631
-993.631
-993.631
-993.631
-993.631
-993.631
-993.631
-993.631
-993.631
-993.631
-993.631
-993.631
-993.631
-993.631
-993.631
-993.631
-993.631
-993.631
-993.631
-993.631
-993.631
-993.631
-993.631
-993.631
-993.631
-993.631
-993.631
-993.631
-993.631
-993.631
-993.631
-993.631
-993.631
-993.631
-993.631
-993.631
-993.631
-993.631
-993.631
-993.631
-993.631
-993.631
-993.631
-993.631
-993.631
-993.631
-993.631
-993.631
-993.631
-993.631
-993.631
-993.631
-993.631
-993.631
-993.631
-993.631
-993.631
-993.631
-993.631
-993.631
)
;
    }
    right
    {
        type            calculated;
        value           uniform 0;
    }
    lowerWall
    {
        type            calculated;
        value           nonuniform List<scalar> 
300
(
-498.405
-498.405
-498.405
-498.405
-498.405
-498.405
-498.405
-498.405
-498.405
-498.405
-1.5923
-1.5923
-1.5923
-1.5923
-1.5923
-1.5923
-1.5923
-1.5923
-1.5923
-1.5923
-0.00256213
-0.00256213
-0.00256213
-0.00256213
-0.00256213
-0.00256213
-0.00256213
-0.00256213
-0.00256213
-0.00256213
-2.76629e-06
-2.76629e-06
-2.76631e-06
-2.76629e-06
-2.76629e-06
-2.76631e-06
-2.76629e-06
-2.76626e-06
-2.76631e-06
-2.76629e-06
-2.28484e-09
-2.29461e-09
-2.28573e-09
-2.27685e-09
-2.29594e-09
-2.28573e-09
-2.27995e-09
-2.29639e-09
-2.22888e-09
-2.25819e-09
-7.54952e-12
-1.15463e-11
-8.43769e-12
-1.11022e-11
8.88178e-13
4.26326e-11
2.4869e-11
-4.44089e-13
2.4869e-11
-8.88178e-12
4.35207e-11
5.32907e-11
0
4.4853e-11
5.32907e-11
-6.21725e-12
1.02141e-11
5.24025e-11
-4.08562e-11
8.88178e-13
0
3.10862e-12
5.19584e-11
0
4.21885e-11
0
-3.28626e-11
-4.35207e-11
0
-1.33227e-12
0
-4.61853e-11
-8.88178e-13
-4.4853e-11
-5.19584e-11
7.10543e-12
-9.76996e-12
0
-1.02141e-11
-4.35207e-11
3.90799e-11
4.44089e-13
-4.08562e-11
3.9968e-12
-4.52971e-11
-5.06262e-11
-1.77636e-12
-3.10862e-12
-3.41949e-11
8.88178e-13
1.77636e-12
-3.10862e-12
-8.88178e-13
1.77636e-12
-1.33227e-12
-1.33227e-12
8.43769e-12
-4.70735e-11
5.19584e-11
0
2.22045e-12
0
-1.77636e-12
-3.55271e-12
3.10862e-12
5.24025e-11
3.55271e-12
3.55271e-11
2.22045e-12
4.57412e-11
-2.66454e-12
4.57412e-11
8.88178e-13
0
1.02141e-11
-4.44089e-12
1.33227e-12
-6.66134e-12
-4.4853e-11
0
3.9968e-12
0
4.57412e-11
0
0
-4.44089e-11
4.4853e-11
-3.28626e-11
4.52971e-11
0
-3.9968e-12
1.77636e-12
-3.10862e-12
0
3.90799e-11
4.84057e-11
3.95239e-11
4.9738e-11
4.30767e-11
4.30767e-11
4.44089e-13
-7.99361e-12
-7.10543e-12
4.4853e-11
3.73035e-11
-3.9968e-12
-4.9738e-11
-3.10862e-12
-5.10703e-11
-2.22045e-12
0
-4.44089e-11
1.77636e-12
-4.44089e-13
-3.95239e-11
0
-4.04121e-11
-3.9968e-11
-4.04121e-11
2.22045e-12
-2.22045e-12
9.32587e-12
-3.73035e-11
-4.08562e-11
-3.68594e-11
4.88498e-12
5.77316e-12
0
3.10862e-12
-4.30767e-11
5.77316e-12
7.54952e-12
4.04121e-11
-3.55271e-12
3.95239e-11
-4.61853e-11
-2.66454e-12
-4.44089e-13
-2.22045e-12
-2.66454e-12
-3.9968e-12
-8.88178e-13
-8.88178e-13
0
-4.44089e-13
4.35207e-11
4.44089e-11
3.64153e-11
2.66454e-12
4.57412e-11
-5.77316e-12
-7.99361e-12
-4.9738e-11
-5.77316e-12
-3.90799e-11
-7.10543e-12
-6.66134e-12
4.39648e-11
-6.66134e-12
-4.44089e-11
2.22045e-12
-2.66454e-12
1.33227e-12
-3.10862e-12
8.88178e-13
-4.30767e-11
-4.88498e-11
-3.24185e-11
-3.55271e-12
-2.22045e-12
0
0
8.88178e-12
8.43769e-12
-8.88178e-13
9.32587e-12
5.4623e-11
-4.4853e-11
5.4623e-11
4.66294e-11
-2.22045e-12
2.66454e-12
4.4853e-11
-5.32907e-12
-1.33227e-12
4.39648e-11
4.88498e-11
7.10543e-12
4.88498e-11
2.22045e-12
1.77636e-12
-2.22045e-12
0
0
0
-4.44089e-13
0
3.41949e-11
0
0
0
8.88178e-13
-4.57412e-11
9.32587e-12
0
-4.52971e-11
0
-8.88178e-12
0
0
4.44089e-13
8.88178e-13
-5.32907e-12
4.35207e-11
1.33227e-12
0
-4.44089e-13
-3.24185e-11
-4.44089e-13
-4.44089e-13
0
0
0
0
0
0
0
-1.33227e-12
0
0
-4.17444e-11
4.08562e-11
4.61853e-11
0
3.90799e-11
4.66294e-11
1.33227e-12
-8.88178e-13
1.33227e-12
-4.61853e-11
-4.04121e-11
4.04121e-11
4.04121e-11
4.39648e-11
4.04121e-11
4.70735e-11
1.33227e-12
3.55271e-12
1.33227e-12
-4.66294e-11
)
;
    }
    upperWall
    {
        type            calculated;
        value           nonuniform List<scalar> 
300
(
-498.405
-498.405
-498.405
-498.405
-498.405
-498.405
-498.405
-498.405
-498.405
-498.405
-1.5923
-1.5923
-1.5923
-1.5923
-1.5923
-1.5923
-1.5923
-1.5923
-1.5923
-1.5923
-0.00256213
-0.00256213
-0.00256213
-0.00256213
-0.00256213
-0.00256213
-0.00256213
-0.00256213
-0.00256213
-0.00256213
-2.76629e-06
-2.76629e-06
-2.76629e-06
-2.7663e-06
-2.76629e-06
-2.76631e-06
-2.76629e-06
-2.76629e-06
-2.76631e-06
-2.76631e-06
-2.25819e-09
-2.26974e-09
-2.2804e-09
-2.27907e-09
-2.29594e-09
-2.26974e-09
-2.29594e-09
-2.27285e-09
-2.27729e-09
-2.24043e-09
3.4639e-11
-1.15463e-11
-8.43769e-12
3.59712e-11
-8.43769e-12
4.30767e-11
-8.43769e-12
-8.43769e-12
4.30767e-11
-8.43769e-12
-6.21725e-12
4.30767e-11
8.88178e-13
-5.32907e-12
6.21725e-12
5.77316e-12
6.21725e-12
-1.33227e-12
-4.44089e-13
-4.44089e-11
-4.4853e-11
0
1.02141e-11
-4.44089e-11
0
4.44089e-13
1.02141e-11
5.19584e-11
-4.26326e-11
4.57412e-11
-3.64153e-11
-4.70735e-11
9.32587e-12
7.54952e-12
3.9968e-12
1.33227e-12
3.9968e-12
-3.9968e-12
-2.22045e-12
4.4853e-11
4.66294e-11
6.21725e-12
-9.32587e-12
-7.54952e-12
1.02141e-11
-4.57412e-11
-3.9968e-12
-4.66294e-11
-8.43769e-12
-4.44089e-11
4.39648e-11
2.22045e-12
-1.02141e-11
1.33227e-12
-3.9968e-12
3.10862e-12
0
-1.33227e-12
2.22045e-12
-1.77636e-12
0
4.88498e-11
0
0
-3.9968e-12
4.70735e-11
3.55271e-12
4.84057e-11
8.43769e-12
-8.88178e-13
-8.88178e-13
-4.44089e-12
0
-4.44089e-12
0
-6.66134e-12
0
0
-6.21725e-12
-1.77636e-12
0
-4.44089e-11
9.32587e-12
8.88178e-12
0
0
-8.88178e-12
-3.64153e-11
1.77636e-12
4.44089e-11
4.44089e-13
3.9968e-12
8.88178e-13
4.44089e-12
4.70735e-11
-2.22045e-12
-8.88178e-12
5.37348e-11
4.75175e-11
-4.21885e-11
-2.22045e-12
-4.88498e-12
-1.02141e-11
4.17444e-11
0
-5.37348e-11
8.88178e-12
-1.11022e-11
-1.06581e-11
-4.39648e-11
1.77636e-12
4.52971e-11
0
-4.44089e-13
-4.30767e-11
5.32907e-12
5.32907e-12
0
-5.10703e-11
1.33227e-12
-4.30767e-11
5.77316e-12
0
-4.17444e-11
0
0
-4.44089e-13
0
0
4.30767e-11
-2.66454e-12
-5.77316e-12
9.32587e-12
4.30767e-11
-3.9968e-12
-5.32907e-12
4.70735e-11
0
7.99361e-12
4.39648e-11
4.57412e-11
4.39648e-11
8.88178e-13
-8.43769e-12
2.66454e-12
6.21725e-12
-1.33227e-12
-7.10543e-12
8.88178e-13
8.88178e-13
-3.9968e-12
-4.17444e-11
0
-4.26326e-11
4.75175e-11
9.32587e-12
-4.44089e-11
-4.4853e-11
4.35207e-11
-4.44089e-12
-4.44089e-13
-4.88498e-11
4.84057e-11
4.79616e-11
3.9968e-11
0
1.33227e-12
1.15463e-11
4.88498e-12
-1.33227e-12
6.21725e-12
-8.88178e-13
-8.88178e-12
-1.33227e-12
-4.4853e-11
3.01981e-11
-8.88178e-12
1.33227e-12
-1.06581e-11
5.32907e-12
4.44089e-13
8.88178e-13
-3.95239e-11
-3.90799e-11
4.88498e-12
0
-8.88178e-13
4.30767e-11
4.4853e-11
-3.9968e-12
0
0
0
0
0
-3.01981e-11
5.32907e-12
0
-3.01981e-11
-4.44089e-11
0
0
-8.88178e-12
-1.33227e-12
-4.52971e-11
3.9968e-12
0
-4.30767e-11
-4.52971e-11
-3.90799e-11
-4.70735e-11
-6.66134e-12
4.84057e-11
4.26326e-11
4.13003e-11
0
0
-4.44089e-12
-8.88178e-12
0
0
0
0
-4.44089e-13
0
0
0
4.44089e-13
8.88178e-13
0
4.44089e-13
5.50671e-11
5.32907e-12
2.66454e-12
4.44089e-12
4.35207e-11
4.13003e-11
2.66454e-11
5.28466e-11
-4.44089e-13
-4.66294e-11
4.84057e-11
5.41789e-11
4.4853e-11
4.61853e-11
4.39648e-11
3.81917e-11
2.35367e-11
4.84057e-11
-1.33227e-12
)
;
    }
}


// ************************************************************************* //
