/*--------------------------------*- C++ -*----------------------------------*\
  =========                 |
  \\      /  F ield         | OpenFOAM: The Open Source CFD Toolbox
   \\    /   O peration     | Website:  https://openfoam.org
    \\  /    A nd           | Version:  10
     \\/     M anipulation  |
\*---------------------------------------------------------------------------*/
FoamFile
{
    format      ascii;
    class       volScalarField;
    location    "0.6";
    object      gradTx;
}
// * * * * * * * * * * * * * * * * * * * * * * * * * * * * * * * * * * * * * //

dimensions      [0 -1 0 1 0 0 0];

internalField   nonuniform List<scalar> 
3000
(
-498.803
-1.19565
-0.00144611
-1.17591e-06
-7.40741e-10
0
3.24185e-11
0
0
2.75335e-11
-498.803
-1.19565
-0.00144611
-1.17592e-06
-7.31859e-10
8.88178e-13
6.66134e-12
-3.9968e-12
-4.44089e-13
6.21725e-12
-498.803
-1.19565
-0.00144611
-1.17593e-06
-7.37632e-10
0
0
3.73035e-11
-4.44089e-13
-2.9754e-11
-498.803
-1.19565
-0.00144611
-1.17588e-06
-6.9722e-10
-3.5083e-11
0
0
-3.28626e-11
3.10862e-12
-498.803
-1.19565
-0.00144611
-1.17591e-06
-7.31415e-10
5.77316e-12
3.86358e-11
3.19744e-11
-3.86358e-11
-3.10862e-11
-498.803
-1.19565
-0.00144611
-1.17593e-06
-7.23865e-10
0
-7.10543e-12
3.77476e-11
6.66134e-12
-3.73035e-11
-498.803
-1.19565
-0.00144611
-1.17591e-06
-6.95e-10
1.90958e-11
2.22045e-12
0
-3.86358e-11
1.42109e-11
-498.803
-1.19565
-0.00144611
-1.17592e-06
-7.40297e-10
-4.88498e-12
3.24185e-11
4.44089e-12
-3.64153e-11
-3.55271e-12
-498.803
-1.19565
-0.00144611
-1.1759e-06
-7.0477e-10
-3.19744e-11
-3.01981e-11
2.13163e-11
-7.54952e-12
-2.22045e-11
-498.803
-1.19565
-0.00144611
-1.17591e-06
-7.21201e-10
3.19744e-11
-6.21725e-12
-3.37508e-11
-2.4869e-11
3.5083e-11
-498.803
-1.19565
-0.00144611
-1.17591e-06
-7.45626e-10
-1.77636e-12
3.95239e-11
2.22045e-12
-3.37508e-11
4.44089e-13
-498.803
-1.19565
-0.00144611
-1.17592e-06
-7.39409e-10
0
1.9984e-11
-1.02141e-11
3.9968e-12
1.33227e-12
-498.803
-1.19565
-0.00144611
-1.17594e-06
-7.22089e-10
0
2.66454e-12
2.44249e-11
-1.33227e-12
-1.42109e-11
-498.803
-1.19565
-0.00144611
-1.17591e-06
-7.18536e-10
-1.11022e-11
-5.77316e-12
0
-7.54952e-12
-1.02141e-11
-498.803
-1.19565
-0.00144611
-1.17593e-06
-7.39409e-10
9.76996e-12
2.17604e-11
0
-2.13163e-11
1.33227e-12
-498.803
-1.19565
-0.00144611
-1.17594e-06
-7.35856e-10
0
2.66454e-12
2.44249e-11
-1.33227e-12
-6.66134e-12
-498.803
-1.19565
-0.00144611
-1.17591e-06
-7.42517e-10
4.88498e-12
2.17604e-11
0
-2.08722e-11
-1.19904e-11
-498.803
-1.19565
-0.00144611
-1.17592e-06
-7.22089e-10
-1.59872e-11
1.33227e-12
4.44089e-13
-1.77636e-11
1.77636e-11
-498.803
-1.19565
-0.00144611
-1.17593e-06
-7.18092e-10
-1.77636e-12
-3.9968e-12
-1.46549e-11
-1.9984e-11
9.76996e-12
-498.803
-1.19565
-0.00144611
-1.17592e-06
-7.25642e-10
0
3.15303e-11
0
-3.5083e-11
3.9968e-12
-498.803
-1.19565
-0.00144611
-1.17593e-06
-7.37632e-10
0
0
3.73035e-11
-4.44089e-13
-2.9754e-11
-498.803
-1.19565
-0.00144611
-1.17594e-06
-7.35856e-10
1.82077e-11
3.55271e-12
7.10543e-12
-3.10862e-12
0
-498.803
-1.19565
-0.00144611
-1.17593e-06
-7.05658e-10
-1.64313e-11
-4.44089e-13
-4.44089e-13
-2.39808e-11
2.39808e-11
-498.803
-1.19565
-0.00144611
-1.17592e-06
-7.39853e-10
0
2.04281e-11
-1.11022e-11
-9.32587e-12
2.66454e-12
-498.803
-1.19565
-0.00144611
-1.17594e-06
-7.29194e-10
0
4.44089e-13
0
-4.44089e-13
1.86517e-11
-498.803
-1.19565
-0.00144611
-1.17593e-06
-7.30527e-10
-2.39808e-11
2.39808e-11
-4.44089e-13
-6.21725e-12
2.44249e-11
-498.803
-1.19565
-0.00144611
-1.17593e-06
-7.29194e-10
0
1.02141e-11
4.44089e-13
-1.02141e-11
1.02141e-11
-498.803
-1.19565
-0.00144611
-1.17592e-06
-7.26086e-10
-1.82077e-11
-4.88498e-12
0
-1.95399e-11
1.90958e-11
-498.803
-1.19565
-0.00144611
-1.17593e-06
-7.43405e-10
4.44089e-13
4.44089e-13
-4.44089e-13
1.73195e-11
1.02141e-11
-498.803
-1.19565
-0.00144611
-1.17592e-06
-7.32747e-10
0
0
7.99361e-12
6.66134e-12
-6.66134e-12
-498.803
-1.19565
-0.00144611
-1.17592e-06
-7.29639e-10
-2.22045e-12
3.28626e-11
0
-3.28626e-11
3.10862e-12
-498.803
-1.19565
-0.00144611
-1.17592e-06
-7.29639e-10
5.32907e-12
4.44089e-12
0
-7.54952e-12
3.10862e-12
-498.803
-1.19565
-0.00144611
-1.17593e-06
-7.39409e-10
0
3.9968e-12
1.68754e-11
6.21725e-12
0
-498.803
-1.19565
-0.00144611
-1.17592e-06
-7.363e-10
0
7.54952e-12
0
-1.24345e-11
4.44089e-13
-498.803
-1.19565
-0.00144611
-1.17591e-06
-7.35856e-10
-1.33227e-11
-1.5099e-11
1.33227e-11
2.17604e-11
-2.17604e-11
-498.803
-1.19565
-0.00144611
-1.17591e-06
-7.18092e-10
1.77636e-12
-4.44089e-12
-1.33227e-12
-1.9984e-11
-7.10543e-12
-498.803
-1.19565
-0.00144611
-1.17592e-06
-7.20757e-10
-1.33227e-11
-1.64313e-11
1.33227e-11
2.17604e-11
-2.17604e-11
-498.803
-1.19565
-0.00144611
-1.17594e-06
-7.53175e-10
1.64313e-11
1.68754e-11
0
4.44089e-13
1.33227e-12
-498.803
-1.19565
-0.00144611
-1.17591e-06
-7.34079e-10
-7.10543e-12
3.9968e-12
-9.76996e-12
-2.08722e-11
1.19904e-11
-498.803
-1.19565
-0.00144611
-1.17593e-06
-7.32303e-10
3.33067e-11
-3.55271e-12
-3.28626e-11
5.32907e-12
-5.32907e-12
-498.803
-1.19565
-0.00144611
-1.17591e-06
-7.45182e-10
6.21725e-12
3.90799e-11
3.10862e-11
-3.86358e-11
-3.33067e-11
-498.803
-1.19565
-0.00144611
-1.17593e-06
-7.53175e-10
1.77636e-11
1.9984e-11
-7.99361e-12
-1.95399e-11
7.99361e-12
-498.803
-1.19565
-0.00144611
-1.17593e-06
-7.10987e-10
8.88178e-13
-2.39808e-11
-4.44089e-13
-4.44089e-13
4.44089e-13
-498.803
-1.19565
-0.00144611
-1.17592e-06
-7.39853e-10
1.33227e-11
4.88498e-12
-2.4869e-11
8.88178e-12
2.04281e-11
-498.803
-1.19565
-0.00144611
-1.17593e-06
-7.53175e-10
0
1.68754e-11
8.88178e-13
-1.77636e-11
1.68754e-11
-498.803
-1.19565
-0.00144611
-1.17593e-06
-7.43405e-10
4.44089e-13
1.86517e-11
-4.44089e-13
-1.77636e-12
1.11022e-11
-498.803
-1.19565
-0.00144611
-1.17593e-06
-7.34968e-10
0
1.68754e-11
8.88178e-13
-8.88178e-13
1.77636e-11
-498.803
-1.19565
-0.00144611
-1.17595e-06
-7.20757e-10
1.77636e-11
-5.77316e-12
0
-5.32907e-12
-1.24345e-11
-498.803
-1.19565
-0.00144611
-1.17593e-06
-7.39409e-10
4.44089e-13
2.26485e-11
-4.44089e-13
-5.77316e-12
2.44249e-11
-498.803
-1.19565
-0.00144611
-1.17592e-06
-7.45182e-10
0
3.9968e-12
0
3.10862e-12
7.54952e-12
-498.803
-1.19565
-0.00144611
-1.17593e-06
-7.37632e-10
3.68594e-11
-4.44089e-12
0
4.88498e-12
-3.73035e-11
-498.803
-1.19565
-0.00144611
-1.17594e-06
-7.35856e-10
0
2.66454e-12
2.44249e-11
-9.76996e-12
-4.88498e-12
-498.803
-1.19565
-0.00144611
-1.17595e-06
-7.30971e-10
0
1.77636e-11
0
-1.77636e-11
1.77636e-11
-498.803
-1.19565
-0.00144611
-1.17593e-06
-7.17648e-10
1.82077e-11
-4.44089e-12
-1.90958e-11
-8.88178e-13
1.73195e-11
-498.803
-1.19565
-0.00144611
-1.17595e-06
-7.43405e-10
1.77636e-11
2.35367e-11
0
-2.35367e-11
6.21725e-12
-498.803
-1.19565
-0.00144611
-1.17593e-06
-7.54063e-10
4.44089e-13
1.77636e-11
-4.44089e-13
-8.88178e-13
2.22045e-12
-498.803
-1.19565
-0.00144611
-1.17593e-06
-7.16316e-10
-4.44089e-13
-7.99361e-12
1.73195e-11
6.66134e-12
-6.66134e-12
-498.803
-1.19565
-0.00144611
-1.17592e-06
-7.32747e-10
1.77636e-12
-1.24345e-11
0
5.77316e-12
-7.99361e-12
-498.803
-1.19565
-0.00144611
-1.17593e-06
-7.13207e-10
1.02141e-11
-7.10543e-12
8.43769e-12
-1.02141e-11
-5.32907e-12
-498.803
-1.19565
-0.00144611
-1.17593e-06
-7.23865e-10
3.73035e-11
3.55271e-12
4.44089e-13
1.33227e-12
-3.37508e-11
-498.803
-1.19565
-0.00144611
-1.17592e-06
-7.32747e-10
2.04281e-11
7.54952e-12
-2.13163e-11
-6.66134e-12
-1.77636e-12
-498.803
-1.19565
-0.00144611
-1.17593e-06
-7.51843e-10
1.24345e-11
2.04281e-11
0
-1.9984e-11
1.77636e-12
-498.803
-1.19565
-0.00144611
-1.17593e-06
-7.34524e-10
4.44089e-13
0
0
1.73195e-11
1.82077e-11
-498.803
-1.19565
-0.00144611
-1.17592e-06
-7.20757e-10
-4.44089e-13
-1.42109e-11
1.33227e-11
1.95399e-11
-2.35367e-11
-498.803
-1.19565
-0.00144611
-1.17593e-06
-7.52731e-10
0
1.64313e-11
1.33227e-12
0
-4.44089e-13
-498.803
-1.19565
-0.00144611
-1.17593e-06
-7.4829e-10
1.77636e-11
1.19904e-11
-7.10543e-12
-2.66454e-12
1.77636e-12
-498.803
-1.19565
-0.00144611
-1.17593e-06
-7.17204e-10
-8.88178e-13
-1.64313e-11
0
1.64313e-11
8.88178e-13
-498.803
-1.19565
-0.00144611
-1.17595e-06
-7.40297e-10
0
-5.32907e-12
1.68754e-11
1.24345e-11
-1.24345e-11
-498.803
-1.19565
-0.00144611
-1.17593e-06
-7.17204e-10
1.68754e-11
0
-1.64313e-11
-7.99361e-12
2.35367e-11
-498.803
-1.19565
-0.00144611
-1.17592e-06
-7.45182e-10
0
3.9968e-12
7.10543e-12
3.55271e-12
-3.55271e-12
-498.803
-1.19565
-0.00144611
-1.17589e-06
-7.46958e-10
0
3.86358e-11
-3.19744e-11
0
-2.66454e-12
-498.803
-1.19565
-0.00144611
-1.17591e-06
-7.22089e-10
0
8.88178e-13
-8.88178e-13
-4.44089e-13
1.33227e-12
-498.803
-1.19565
-0.00144611
-1.17593e-06
-7.2653e-10
-8.43769e-12
-3.9968e-12
-1.02141e-11
-1.86517e-11
1.86517e-11
-498.803
-1.19565
-0.00144611
-1.17594e-06
-7.53175e-10
0
2.22045e-12
2.22045e-12
-2.66454e-12
1.73195e-11
-498.803
-1.19565
-0.00144611
-1.17593e-06
-7.14984e-10
-1.64313e-11
-1.37668e-11
2.13163e-11
5.77316e-12
-1.73195e-11
-498.803
-1.19565
-0.00144611
-1.17593e-06
-7.13651e-10
-1.33227e-11
-1.24345e-11
0
5.32907e-12
1.5099e-11
-498.803
-1.19565
-0.00144611
-1.17593e-06
-7.38076e-10
0
-7.10543e-12
1.68754e-11
5.77316e-12
-1.28786e-11
-498.803
-1.19565
-0.00144611
-1.17594e-06
-7.29194e-10
0
1.82077e-11
0
-1.77636e-11
0
-498.803
-1.19565
-0.00144611
-1.17593e-06
-7.38076e-10
1.73195e-11
-7.99361e-12
-1.68754e-11
-4.88498e-12
2.53131e-11
-498.803
-1.19565
-0.00144611
-1.17592e-06
-7.2875e-10
0
-1.33227e-12
3.77476e-11
-3.10862e-12
-3.37508e-11
-498.803
-1.19565
-0.00144611
-1.17593e-06
-6.95888e-10
2.04281e-11
-2.93099e-11
0
-7.54952e-12
-2.22045e-11
-498.803
-1.19565
-0.00144611
-1.17594e-06
-7.27862e-10
1.28786e-11
-3.9968e-12
-1.46549e-11
-1.9984e-11
9.76996e-12
-498.803
-1.19565
-0.00144611
-1.17593e-06
-7.30971e-10
4.44089e-13
4.44089e-13
-4.44089e-13
-4.44089e-13
1.06581e-11
-498.803
-1.19565
-0.00144611
-1.17592e-06
-7.39409e-10
0
2.04281e-11
-2.39808e-11
-6.66134e-12
-4.44089e-13
-498.803
-1.19565
-0.00144611
-1.17593e-06
-7.43405e-10
1.77636e-11
1.68754e-11
4.44089e-13
-1.73195e-11
-1.73195e-11
-498.803
-1.19565
-0.00144611
-1.17593e-06
-7.13207e-10
1.68754e-11
-4.44089e-12
-1.73195e-11
-2.66454e-12
1.19904e-11
-498.803
-1.19565
-0.00144611
-1.17593e-06
-7.42517e-10
-8.88178e-13
7.54952e-12
0
4.44089e-13
-1.33227e-12
-498.803
-1.19565
-0.00144611
-1.17592e-06
-7.22533e-10
7.99361e-12
-5.77316e-12
1.33227e-12
1.90958e-11
-1.42109e-11
-498.803
-1.19565
-0.00144611
-1.17593e-06
-7.42961e-10
8.88178e-13
1.82077e-11
1.15463e-11
-1.86517e-11
-1.19904e-11
-498.803
-1.19565
-0.00144611
-1.17593e-06
-7.30083e-10
3.77476e-11
-4.44089e-13
-3.10862e-11
-2.22045e-12
-5.32907e-12
-498.803
-1.19565
-0.00144611
-1.17591e-06
-7.21201e-10
0
4.44089e-13
-8.88178e-13
-3.24185e-11
8.88178e-13
-498.803
-1.19565
-0.00144611
-1.17592e-06
-7.34968e-10
4.44089e-13
-4.44089e-13
0
-1.33227e-12
4.04121e-11
-498.803
-1.19565
-0.00144611
-1.17592e-06
-7.45182e-10
4.44089e-13
-4.44089e-13
7.10543e-12
0
-6.66134e-12
-498.803
-1.19565
-0.00144611
-1.17588e-06
-7.31415e-10
0
2.22045e-12
-3.15303e-11
3.55271e-12
0
-498.803
-1.19565
-0.00144611
-1.17592e-06
-7.31859e-10
0
0
7.10543e-12
0
-7.10543e-12
-498.803
-1.19565
-0.00144611
-1.17591e-06
-7.32747e-10
-6.21725e-12
3.9968e-12
4.44089e-13
1.33227e-12
3.9968e-12
-498.803
-1.19565
-0.00144611
-1.17591e-06
-7.39853e-10
4.44089e-13
1.77636e-12
-1.77636e-12
-7.10543e-12
-5.77316e-12
-498.803
-1.19565
-0.00144611
-1.17591e-06
-7.35412e-10
-3.55271e-12
-4.44089e-13
3.10862e-12
-3.10862e-12
-3.9968e-12
-498.803
-1.19565
-0.00144611
-1.17591e-06
-7.43405e-10
-6.21725e-12
3.10862e-11
6.66134e-12
-3.19744e-11
3.10862e-11
-498.803
-1.19565
-0.00144611
-1.17593e-06
-7.07434e-10
0
-3.33067e-11
3.41949e-11
3.37508e-11
-3.28626e-11
1.77636e-12
2.22045e-12
-2.66454e-12
3.9968e-12
-3.9968e-12
4.44089e-13
0
-2.22045e-12
5.77316e-12
-3.9968e-12
-3.10862e-12
0
3.9968e-12
0
3.15303e-11
-3.10862e-12
-3.24185e-11
3.55271e-12
1.33227e-12
-1.33227e-12
-8.88178e-13
-1.33227e-12
1.33227e-12
0
2.79776e-11
-3.10862e-12
-2.88658e-11
3.9968e-12
-1.77636e-12
-1.33227e-12
1.33227e-12
2.79776e-11
0
0
-7.10543e-12
2.22045e-12
6.21725e-12
-2.93099e-11
-3.10862e-12
0
2.62013e-11
0
-2.22045e-11
3.37508e-11
3.55271e-12
-3.64153e-11
-8.88178e-13
3.55271e-12
2.84217e-11
-8.88178e-13
-8.88178e-13
3.86358e-11
1.33227e-12
-3.28626e-11
2.79776e-11
-3.10862e-12
3.9968e-12
3.9968e-12
-3.4639e-11
-1.33227e-12
4.44089e-12
-3.33067e-11
-1.33227e-12
0
3.10862e-12
-2.22045e-12
-8.88178e-13
3.55271e-12
2.84217e-11
-8.88178e-13
-2.22045e-12
-8.88178e-13
3.68594e-11
4.44089e-12
1.77636e-12
-7.54952e-12
-3.15303e-11
0
0
2.22045e-12
3.68594e-11
3.10862e-12
0
3.33067e-11
-1.77636e-12
-1.02141e-11
-2.88658e-11
-2.57572e-11
2.84217e-11
2.66454e-12
3.28626e-11
0
-8.88178e-13
0
4.44089e-13
-2.22045e-12
1.77636e-12
-3.19744e-11
-2.22045e-12
3.41949e-11
-3.10862e-12
0
3.41949e-11
-4.44089e-13
1.77636e-12
-5.77316e-12
-3.28626e-11
7.10543e-12
8.88178e-13
-1.33227e-12
-4.44089e-12
1.19904e-11
6.21725e-12
3.55271e-12
-3.9968e-12
1.77636e-12
-3.9968e-12
5.77316e-12
4.44089e-12
-2.35367e-11
-1.86517e-11
7.54952e-12
-1.33227e-12
0
2.57572e-11
4.88498e-12
-6.66134e-12
-2.30926e-11
6.66134e-12
2.4869e-11
-1.06581e-11
1.06581e-11
0
0
1.9984e-11
9.76996e-12
-8.88178e-13
-5.32907e-12
-6.21725e-12
2.66454e-12
1.64313e-11
7.54952e-12
-1.15463e-11
-1.24345e-11
1.82077e-11
8.88178e-13
-6.66134e-12
1.06581e-11
7.10543e-12
-3.9968e-12
-8.88178e-12
0
9.32587e-12
6.21725e-12
5.77316e-12
-1.02141e-11
-6.66134e-12
-1.42109e-11
6.66134e-12
1.77636e-11
-8.88178e-13
7.10543e-12
1.42109e-11
1.77636e-12
1.06581e-11
-5.77316e-12
0
5.32907e-12
-1.15463e-11
-1.77636e-12
-3.9968e-12
-7.54952e-12
2.39808e-11
7.54952e-12
0
-2.08722e-11
-3.10862e-12
0
0
2.22045e-11
9.76996e-12
0
9.32587e-12
6.21725e-12
5.77316e-12
-1.02141e-11
0
-1.42109e-11
0
2.44249e-11
2.22045e-12
3.64153e-11
-2.66454e-12
-3.33067e-11
3.10862e-12
-3.9968e-12
3.41949e-11
3.9968e-12
-5.32907e-12
3.19744e-11
-8.88178e-13
-1.33227e-12
1.33227e-12
3.41949e-11
-3.10862e-12
-7.99361e-12
2.22045e-12
-2.53131e-11
2.88658e-11
-8.88178e-13
-8.88178e-12
-6.66134e-12
-1.02141e-11
6.21725e-12
2.53131e-11
-1.02141e-11
-6.66134e-12
-1.42109e-11
6.66134e-12
1.24345e-11
1.42109e-11
-2.17604e-11
4.88498e-12
7.99361e-12
-8.43769e-12
-6.66134e-12
1.06581e-11
1.55431e-11
-1.11022e-11
4.88498e-12
1.19904e-11
1.19904e-11
-5.77316e-12
6.66134e-12
1.33227e-12
8.88178e-13
-4.44089e-13
-5.77316e-12
-1.24345e-11
-1.46549e-11
1.86517e-11
-1.73195e-11
-8.88178e-13
0
-1.82077e-11
1.82077e-11
8.88178e-13
-8.88178e-13
8.88178e-13
-1.90958e-11
-1.90958e-11
-1.11022e-11
2.30926e-11
0
-1.19904e-11
-1.33227e-11
1.42109e-11
0
-1.19904e-11
1.33227e-11
7.10543e-12
0
0
-9.76996e-12
2.22045e-12
1.86517e-11
0
-1.11022e-11
-9.76996e-12
1.06581e-11
1.73195e-11
-1.46549e-11
1.77636e-12
1.46549e-11
-1.42109e-11
-2.66454e-12
8.88178e-13
7.54952e-12
1.42109e-11
-1.33227e-12
4.88498e-12
0
-2.26485e-11
-9.76996e-12
0
9.32587e-12
1.06581e-11
1.24345e-11
0
-3.55271e-12
-7.99361e-12
4.44089e-13
-4.44089e-13
7.10543e-12
8.88178e-13
-7.99361e-12
4.44089e-13
-4.44089e-13
7.10543e-12
0
1.33227e-12
-3.55271e-12
4.44089e-13
0
0
3.33067e-11
-8.88178e-13
-2.93099e-11
-3.10862e-12
0
-1.11022e-11
-6.66134e-12
0
-4.44089e-13
2.66454e-12
9.76996e-12
2.26485e-11
-2.30926e-11
-8.88178e-13
2.13163e-11
-2.66454e-12
-3.55271e-12
9.76996e-12
6.66134e-12
1.33227e-12
-3.10862e-12
8.88178e-13
6.21725e-12
3.9968e-12
-7.54952e-12
4.44089e-12
-7.10543e-12
4.88498e-12
7.54952e-12
-1.73195e-11
3.9968e-12
0
8.88178e-13
1.95399e-11
-1.24345e-11
-2.4869e-11
0
2.39808e-11
1.73195e-11
-2.04281e-11
-1.9984e-11
0
-8.88178e-13
2.30926e-11
3.55271e-12
4.44089e-13
-7.10543e-12
1.77636e-11
1.73195e-11
4.44089e-13
2.66454e-12
0
-4.88498e-12
3.10862e-12
6.21725e-12
-8.88178e-13
0
-5.32907e-12
1.82077e-11
2.22045e-12
-1.9984e-11
8.88178e-13
2.13163e-11
-4.44089e-13
-2.04281e-11
-7.54952e-12
3.9968e-12
8.88178e-13
-6.21725e-12
-7.54952e-12
-1.86517e-11
-1.33227e-12
4.44089e-13
8.88178e-13
2.4869e-11
9.76996e-12
0
1.46549e-11
0
-3.9968e-12
5.77316e-12
-1.77636e-11
6.21725e-12
1.11022e-11
-1.15463e-11
8.88178e-13
0
-3.10862e-12
6.66134e-12
3.55271e-12
2.9754e-11
-4.44089e-13
-2.93099e-11
3.15303e-11
-6.66134e-12
-4.44089e-13
2.66454e-12
7.10543e-12
4.44089e-13
2.79776e-11
2.53131e-11
-2.84217e-11
-2.53131e-11
2.88658e-11
-8.88178e-13
2.39808e-11
6.21725e-12
-1.64313e-11
0
1.68754e-11
-7.10543e-12
-8.88178e-13
-1.59872e-11
-1.15463e-11
1.24345e-11
2.57572e-11
1.19904e-11
-6.21725e-12
-1.19904e-11
-1.90958e-11
5.77316e-12
1.77636e-12
1.28786e-11
-1.33227e-12
-1.90958e-11
-1.37668e-11
5.32907e-12
2.35367e-11
-2.08722e-11
-2.04281e-11
-5.77316e-12
0
1.55431e-11
2.66454e-12
-1.24345e-11
1.95399e-11
0
0
0
-1.77636e-12
1.77636e-12
-1.73195e-11
-4.44089e-13
1.77636e-11
-1.77636e-12
-9.76996e-12
1.37668e-11
1.64313e-11
0
-7.10543e-12
-8.88178e-13
-7.54952e-12
-1.46549e-11
1.28786e-11
3.55271e-12
4.88498e-12
0
0
-1.68754e-11
-2.17604e-11
2.22045e-11
1.64313e-11
0
-1.64313e-11
-1.19904e-11
8.88178e-13
4.44089e-13
2.13163e-11
1.5099e-11
-1.77636e-11
-2.66454e-12
1.82077e-11
4.44089e-13
-2.66454e-12
5.32907e-12
-7.99361e-12
8.88178e-13
-1.02141e-11
0
1.90958e-11
-1.46549e-11
5.77316e-12
0
-8.88178e-13
8.88178e-12
-3.55271e-12
-3.10862e-12
4.44089e-13
0
3.4639e-11
0
-3.19744e-11
0
-3.10862e-12
2.22045e-12
-8.88178e-13
3.86358e-11
-2.66454e-12
-3.28626e-11
3.55271e-11
-2.66454e-12
0
3.9968e-12
-3.4639e-11
3.10862e-11
1.28786e-11
6.21725e-12
-7.99361e-12
8.88178e-13
7.10543e-12
-1.82077e-11
0
1.82077e-11
-6.66134e-12
0
-1.33227e-12
4.44089e-13
-4.44089e-13
-1.55431e-11
1.9984e-11
1.33227e-12
6.21725e-12
-4.44089e-12
-1.33227e-12
1.42109e-11
8.88178e-13
-1.37668e-11
-1.86517e-11
-2.22045e-12
2.13163e-11
7.54952e-12
-3.9968e-12
9.76996e-12
-1.19904e-11
8.88178e-13
1.90958e-11
-2.66454e-12
3.10862e-12
-8.88178e-12
-2.17604e-11
7.10543e-12
9.32587e-12
0
0
4.88498e-12
0
2.30926e-11
6.21725e-12
-1.28786e-11
-1.24345e-11
-1.33227e-11
-7.99361e-12
1.73195e-11
1.02141e-11
7.54952e-12
4.88498e-12
9.76996e-12
4.44089e-13
3.55271e-12
-2.22045e-11
-1.77636e-12
1.02141e-11
0
6.66134e-12
-3.10862e-12
1.33227e-11
-4.44089e-13
-6.66134e-12
8.88178e-13
-1.28786e-11
1.82077e-11
1.73195e-11
0
-1.33227e-12
8.88178e-13
2.13163e-11
0
-4.88498e-12
-3.10862e-12
-1.64313e-11
1.24345e-11
1.19904e-11
0
-2.22045e-12
-3.55271e-12
2.22045e-12
3.55271e-11
-5.32907e-12
0
-2.22045e-12
-3.90799e-11
3.9968e-12
0
-3.55271e-12
3.9968e-12
6.21725e-12
3.10862e-12
8.88178e-13
3.37508e-11
2.75335e-11
-3.68594e-11
-2.84217e-11
3.9968e-12
-2.22045e-12
3.24185e-11
1.86517e-11
-6.66134e-12
-2.22045e-12
7.54952e-12
7.10543e-12
-1.82077e-11
-6.66134e-12
1.82077e-11
-4.44089e-13
-1.15463e-11
4.44089e-12
-7.99361e-12
-4.44089e-12
1.28786e-11
0
-8.88178e-13
2.66454e-12
-4.44089e-13
3.55271e-12
-2.17604e-11
-2.30926e-11
1.90958e-11
1.73195e-11
1.77636e-12
2.22045e-12
-3.9968e-12
-1.77636e-11
-1.68754e-11
0
1.9984e-11
-9.76996e-12
1.68754e-11
-8.88178e-13
-5.32907e-12
1.82077e-11
9.76996e-12
-7.10543e-12
-1.46549e-11
-6.66134e-12
-7.54952e-12
4.44089e-13
0
4.44089e-12
-8.43769e-12
-1.42109e-11
5.32907e-12
2.22045e-12
4.44089e-12
2.22045e-11
9.76996e-12
-7.54952e-12
1.77636e-12
4.44089e-12
1.06581e-11
-1.46549e-11
-2.66454e-12
4.44089e-13
0
9.76996e-12
1.46549e-11
-4.44089e-12
-8.88178e-13
0
8.88178e-13
-7.99361e-12
1.73195e-11
1.82077e-11
-3.9968e-12
-8.88178e-13
3.9968e-12
1.46549e-11
-1.15463e-11
-7.10543e-12
-2.66454e-12
5.77316e-12
7.10543e-12
-2.17604e-11
-1.33227e-12
1.73195e-11
-1.73195e-11
0
3.55271e-12
-4.44089e-13
-6.21725e-12
-7.54952e-12
7.54952e-12
3.10862e-12
0
3.55271e-11
-1.33227e-12
-3.59712e-11
2.39808e-11
-3.9968e-12
-2.13163e-11
3.55271e-11
-3.10862e-12
-2.75335e-11
0
-8.88178e-13
2.44249e-11
-2.66454e-12
3.9968e-12
-1.86517e-11
-1.33227e-12
2.22045e-11
-6.21725e-12
0
-8.43769e-12
3.55271e-12
3.10862e-12
-4.44089e-13
4.44089e-13
1.64313e-11
0
8.88178e-12
3.10862e-12
-1.9984e-11
0
1.42109e-11
4.44089e-13
1.02141e-11
4.88498e-12
0
0
-7.54952e-12
-2.4869e-11
0
0
1.55431e-11
1.42109e-11
6.66134e-12
-4.44089e-13
-1.73195e-11
0
1.9984e-11
9.32587e-12
4.88498e-12
-3.55271e-12
-3.10862e-12
1.24345e-11
1.33227e-11
-4.88498e-12
-1.77636e-12
5.32907e-12
-1.68754e-11
-1.90958e-11
0
1.64313e-11
-3.55271e-12
-2.44249e-11
0
-8.88178e-13
0
8.88178e-13
-4.88498e-12
1.42109e-11
1.90958e-11
5.32907e-12
-4.44089e-12
-1.77636e-12
1.24345e-11
1.73195e-11
-1.77636e-11
-5.77316e-12
2.17604e-11
-1.59872e-11
3.9968e-12
0
-9.76996e-12
5.32907e-12
1.68754e-11
-4.88498e-12
-7.99361e-12
5.32907e-12
1.33227e-11
-1.15463e-11
-1.68754e-11
-4.44089e-12
-3.55271e-12
9.76996e-12
-8.88178e-13
3.64153e-11
0
-3.15303e-11
3.90799e-11
-3.55271e-12
0
0
0
-5.77316e-12
3.77476e-11
2.22045e-12
-3.33067e-11
3.37508e-11
3.10862e-11
-3.77476e-11
-2.93099e-11
2.22045e-12
-2.22045e-12
2.22045e-12
2.44249e-11
-4.44089e-13
-1.68754e-11
3.9968e-12
1.73195e-11
-5.32907e-12
-6.66134e-12
-1.59872e-11
-4.44089e-12
2.39808e-11
-8.88178e-13
0
2.30926e-11
0
-2.26485e-11
-6.21725e-12
1.9984e-11
-4.88498e-12
-9.32587e-12
1.33227e-12
-1.24345e-11
1.33227e-12
2.4869e-11
1.86517e-11
-3.9968e-12
2.66454e-12
-1.82077e-11
-6.21725e-12
-4.44089e-13
3.55271e-12
1.86517e-11
2.22045e-12
3.10862e-12
2.08722e-11
-3.9968e-12
-4.44089e-12
-4.44089e-13
0
0
-1.82077e-11
7.54952e-12
4.44089e-13
-1.37668e-11
0
1.37668e-11
3.9968e-12
-1.46549e-11
8.88178e-13
1.64313e-11
5.77316e-12
5.77316e-12
1.68754e-11
8.88178e-13
-1.77636e-11
1.77636e-12
2.22045e-11
-2.39808e-11
0
9.76996e-12
-2.22045e-11
-2.44249e-11
0
0
1.33227e-12
4.44089e-12
9.32587e-12
1.73195e-11
-4.44089e-12
-9.76996e-12
6.21725e-12
2.26485e-11
1.95399e-11
4.44089e-13
-1.9984e-11
-2.26485e-11
2.22045e-11
1.24345e-11
8.88178e-13
-1.33227e-11
-3.9968e-12
1.33227e-12
6.21725e-12
-4.88498e-12
1.33227e-12
3.5083e-11
-7.99361e-12
-3.68594e-11
0
5.77316e-12
0
0
3.41949e-11
0
0
3.19744e-11
-2.22045e-12
2.22045e-12
-3.19744e-11
-2.22045e-12
3.41949e-11
3.06422e-11
-3.33067e-11
-3.37508e-11
2.84217e-11
3.68594e-11
-2.75335e-11
-3.41949e-11
-7.10543e-12
0
3.55271e-12
2.62013e-11
-4.44089e-13
-2.62013e-11
0
3.73035e-11
3.24185e-11
-3.64153e-11
-6.66134e-12
0
-2.62013e-11
0
0
-2.66454e-12
-6.21725e-12
3.10862e-12
3.10862e-12
-7.10543e-12
3.41949e-11
5.32907e-12
-3.64153e-11
2.62013e-11
6.21725e-12
6.66134e-12
-2.22045e-12
-2.70894e-11
2.17604e-11
-5.32907e-12
0
0
-1.90958e-11
-8.88178e-13
3.55271e-11
-1.33227e-12
0
3.28626e-11
-1.33227e-12
-3.10862e-11
-3.28626e-11
-5.77316e-12
-4.44089e-13
3.73035e-11
6.21725e-12
0
-6.21725e-12
8.88178e-13
4.44089e-12
-3.68594e-11
3.15303e-11
3.86358e-11
-3.28626e-11
0
3.64153e-11
0
-8.88178e-13
7.54952e-12
-3.19744e-11
0
-1.77636e-12
-6.21725e-12
1.33227e-12
-5.77316e-12
2.22045e-12
0
-3.28626e-11
7.54952e-12
-6.21725e-12
0
0
-7.54952e-12
3.73035e-11
-1.77636e-12
-8.88178e-13
-1.33227e-12
3.24185e-11
-3.10862e-11
-3.24185e-11
1.33227e-12
3.19744e-11
3.24185e-11
8.88178e-13
-5.77316e-12
2.22045e-12
0
-2.22045e-12
1.77636e-12
0
4.44089e-13
0
-3.06422e-11
-2.84217e-11
-4.44089e-13
-3.10862e-12
0
3.10862e-12
-1.77636e-12
0
1.77636e-12
0
2.84217e-11
2.88658e-11
3.55271e-12
4.44089e-13
-8.88178e-13
-4.44089e-13
0
0
-5.32907e-12
0
3.41949e-11
2.84217e-11
3.10862e-12
-3.55271e-12
-6.66134e-12
-3.55271e-12
3.86358e-11
-4.44089e-13
4.44089e-13
4.44089e-13
1.33227e-12
4.04121e-11
4.88498e-12
1.33227e-12
0
3.28626e-11
0
0
-3.77476e-11
0
3.86358e-11
1.33227e-12
-4.44089e-12
1.33227e-12
4.04121e-11
3.28626e-11
0
0
-1.95399e-11
0
2.04281e-11
1.33227e-12
-2.93099e-11
-2.22045e-12
0
2.22045e-12
3.41949e-11
0
-1.33227e-12
-2.22045e-12
8.88178e-13
3.55271e-11
-4.44089e-13
4.44089e-12
0
2.04281e-11
-3.55271e-12
-2.13163e-11
4.44089e-12
-2.22045e-12
3.24185e-11
3.55271e-11
-3.55271e-11
-2.66454e-12
4.08562e-11
3.64153e-11
0
0
-4.44089e-13
0
1.33227e-12
1.33227e-12
-3.9968e-12
-4.44089e-13
6.21725e-12
4.44089e-13
0
0
-3.5083e-11
0
4.44089e-13
-3.5083e-11
-4.44089e-13
-3.10862e-12
0
3.10862e-12
-1.77636e-12
0
1.77636e-12
0
2.84217e-11
2.88658e-11
-3.9968e-12
1.02141e-11
0
5.32907e-12
-3.55271e-12
0
-2.22045e-12
-1.64313e-11
4.4853e-11
5.68434e-11
-2.44249e-11
-7.99361e-12
1.33227e-11
-3.9968e-12
1.19904e-11
-8.88178e-13
-2.04281e-11
0
2.13163e-11
1.11022e-11
7.54952e-12
-6.66134e-12
0
6.66134e-12
-8.88178e-13
-8.88178e-13
-1.02141e-11
0
1.11022e-11
1.77636e-12
-7.10543e-12
3.9968e-12
-4.88498e-12
-3.9968e-12
1.19904e-11
-8.88178e-13
-1.42109e-11
0
1.19904e-11
9.32587e-12
-6.66134e-12
4.44089e-12
-8.88178e-13
-3.55271e-12
6.66134e-12
0
-3.10862e-12
7.10543e-12
3.68594e-11
3.41949e-11
3.9968e-12
-9.76996e-12
0
1.06581e-11
6.66134e-12
0
0
0
3.06422e-11
3.81917e-11
-3.9968e-12
-6.21725e-12
7.54952e-12
7.99361e-12
-1.90958e-11
-4.44089e-13
1.06581e-11
8.88178e-13
3.68594e-11
2.84217e-11
-6.66134e-12
-1.82077e-11
0
1.15463e-11
6.66134e-12
0
4.44089e-13
0
-4.44089e-13
7.54952e-12
-3.01981e-11
-3.5083e-11
-1.33227e-12
0
0
0
-4.44089e-12
0
4.08562e-11
3.64153e-11
-3.55271e-11
1.33227e-12
6.21725e-12
3.28626e-11
0
-3.41949e-11
-4.44089e-12
0
3.37508e-11
2.88658e-11
8.88178e-13
-9.76996e-12
-1.15463e-11
2.13163e-11
0
-1.19904e-11
8.88178e-12
0
3.64153e-11
4.61853e-11
0
8.88178e-13
1.37668e-11
-1.42109e-11
-1.9984e-11
0
2.04281e-11
4.44089e-13
-3.10862e-12
1.19904e-11
1.28786e-11
1.02141e-11
-1.5099e-11
4.88498e-12
1.19904e-11
-1.5099e-11
-1.77636e-12
-1.77636e-12
3.33067e-11
4.61853e-11
0
2.44249e-11
0
-2.44249e-11
0
0
2.44249e-11
0
-6.21725e-12
1.77636e-11
0
1.19904e-11
0
-1.19904e-11
0
0
-6.21725e-12
1.15463e-11
1.82077e-11
0
0
6.21725e-12
1.90958e-11
-2.53131e-11
-7.99361e-12
1.82077e-11
1.5099e-11
-8.88178e-13
-6.21725e-12
-4.44089e-13
-7.10543e-12
-2.39808e-11
1.19904e-11
1.37668e-11
-1.77636e-12
1.19904e-11
-1.77636e-12
-1.15463e-11
-4.44089e-13
8.43769e-12
-1.02141e-11
6.21725e-12
1.82077e-11
-2.44249e-11
-7.99361e-12
1.82077e-11
1.19904e-11
-8.43769e-12
-3.9968e-12
7.99361e-12
8.88178e-13
3.4639e-11
-7.54952e-12
-2.70894e-11
-8.88178e-13
-6.66134e-12
3.5083e-11
0
5.32907e-12
4.08562e-11
-3.55271e-12
-3.10862e-12
6.21725e-12
-3.10862e-12
0
6.66134e-12
3.24185e-11
0
0
3.24185e-11
-4.44089e-12
-6.66134e-12
0
6.66134e-12
-8.88178e-13
-1.77636e-12
3.10862e-12
0
3.55271e-12
6.66134e-12
-2.22045e-12
7.99361e-12
0
-5.32907e-12
-5.32907e-12
0
1.02141e-11
0
3.24185e-11
3.73035e-11
-1.28786e-11
-1.33227e-12
8.43769e-12
1.82077e-11
-2.22045e-12
0
1.33227e-12
0
3.68594e-11
3.59712e-11
-4.88498e-12
2.26485e-11
-1.82077e-11
-4.44089e-12
1.73195e-11
-1.82077e-11
3.10862e-12
0
2.66454e-12
2.35367e-11
8.88178e-13
-1.73195e-11
-2.22045e-11
1.19904e-11
1.24345e-11
-5.32907e-12
-8.88178e-13
-1.28786e-11
1.24345e-11
2.4869e-11
-1.77636e-12
1.19904e-11
6.66134e-12
3.55271e-12
-2.22045e-11
7.10543e-12
1.15463e-11
0
1.02141e-11
8.88178e-13
-3.55271e-12
-1.82077e-11
2.35367e-11
8.43769e-12
-2.30926e-11
-6.66134e-12
2.30926e-11
1.55431e-11
8.88178e-13
0
9.76996e-12
-7.10543e-12
-2.22045e-11
1.19904e-11
1.77636e-12
-4.88498e-12
9.32587e-12
-1.28786e-11
1.24345e-11
2.4869e-11
-3.19744e-11
3.4639e-11
-4.44089e-13
-2.84217e-11
0
-4.44089e-13
3.06422e-11
0
2.22045e-12
3.33067e-11
-2.75335e-11
4.44089e-13
-8.88178e-13
-4.44089e-13
0
0
8.88178e-13
-4.44089e-13
2.84217e-11
2.84217e-11
1.19904e-11
-9.76996e-12
-1.15463e-11
2.13163e-11
-8.88178e-13
-1.11022e-11
-9.32587e-12
1.11022e-11
5.50671e-11
3.4639e-11
0
2.53131e-11
2.13163e-11
-2.4869e-11
-4.44089e-12
0
7.99361e-12
0
-7.10543e-12
1.77636e-11
1.9984e-11
1.02141e-11
-7.10543e-12
1.19904e-11
-1.77636e-12
-6.66134e-12
-3.9968e-12
-1.64313e-11
3.33067e-11
4.61853e-11
-1.64313e-11
-3.55271e-12
0
-1.37668e-11
1.73195e-11
-4.44089e-13
-3.10862e-12
0
3.9968e-12
1.82077e-11
-5.32907e-12
-7.10543e-12
-7.99361e-12
6.66134e-12
0
0
6.21725e-12
0
5.77316e-12
1.15463e-11
1.82077e-11
1.11022e-11
-7.99361e-12
-1.15463e-11
0
0
1.11022e-11
4.44089e-13
3.10862e-12
1.55431e-11
3.9968e-12
-4.44089e-12
-1.06581e-11
4.88498e-12
1.02141e-11
-1.11022e-11
-1.02141e-11
0
8.43769e-12
7.10543e-12
-2.44249e-11
7.10543e-12
1.73195e-11
-2.44249e-11
6.21725e-12
1.73195e-11
-8.88178e-13
-8.88178e-13
-4.44089e-12
1.33227e-12
3.5083e-11
2.88658e-11
-3.28626e-11
3.9968e-12
0
-3.28626e-11
2.88658e-11
0
5.32907e-12
3.41949e-11
-3.9968e-12
-3.15303e-11
6.21725e-12
3.28626e-11
0
-3.41949e-11
8.88178e-13
0
3.4639e-11
3.5083e-11
-1.77636e-11
-5.77316e-12
2.44249e-11
-5.32907e-12
-7.10543e-12
1.15463e-11
3.9968e-12
0
0
-3.55271e-12
-4.44089e-13
1.24345e-11
4.44089e-13
-8.88178e-13
-1.19904e-11
8.88178e-13
1.19904e-11
0
3.24185e-11
3.28626e-11
-3.9968e-12
1.77636e-12
-1.77636e-12
3.9968e-12
1.95399e-11
-7.54952e-12
1.33227e-12
-1.64313e-11
3.5083e-11
5.68434e-11
4.44089e-13
-1.77636e-12
7.54952e-12
-1.24345e-11
4.44089e-12
2.22045e-12
-2.17604e-11
0
2.04281e-11
7.99361e-12
1.06581e-11
-1.73195e-11
4.44089e-13
1.68754e-11
-1.86517e-11
0
1.95399e-11
0
3.28626e-11
3.33067e-11
6.21725e-12
-1.77636e-12
0
6.66134e-12
-4.44089e-12
4.44089e-13
0
0
3.77476e-11
3.33067e-11
-1.11022e-11
-8.88178e-12
9.32587e-12
-3.55271e-12
4.44089e-12
5.77316e-12
-2.26485e-11
4.44089e-12
2.26485e-11
5.77316e-12
1.33227e-11
-1.24345e-11
4.44089e-13
1.68754e-11
-4.44089e-12
4.44089e-13
-7.99361e-12
8.88178e-13
4.4853e-11
3.33067e-11
6.66134e-12
0
1.95399e-11
-4.44089e-13
-1.90958e-11
3.55271e-12
0
0
3.24185e-11
3.24185e-11
-3.9968e-12
-3.68594e-11
4.04121e-11
3.68594e-11
0
0
-4.44089e-13
0
1.33227e-12
1.33227e-12
7.54952e-12
9.32587e-12
-1.15463e-11
2.22045e-12
0
-1.19904e-11
1.24345e-11
1.06581e-11
2.13163e-11
2.26485e-11
0
1.77636e-11
-5.32907e-12
5.77316e-12
-1.82077e-11
-5.32907e-12
1.59872e-11
0
4.08562e-11
3.86358e-11
4.88498e-12
-8.88178e-13
1.02141e-11
-1.77636e-12
2.22045e-12
-3.10862e-12
3.55271e-12
0
4.44089e-13
1.11022e-11
4.44089e-13
2.44249e-11
1.19904e-11
-1.46549e-11
3.55271e-12
-1.02141e-11
-2.26485e-11
0
1.77636e-11
1.9984e-11
-1.15463e-11
-4.88498e-12
1.11022e-11
5.32907e-12
-2.22045e-12
0
1.77636e-12
-2.66454e-12
3.37508e-11
3.59712e-11
1.28786e-11
-1.73195e-11
4.44089e-13
1.68754e-11
-1.86517e-11
0
-4.44089e-12
0
5.68434e-11
3.33067e-11
2.66454e-12
-3.9968e-12
-2.66454e-12
4.88498e-12
-8.43769e-12
-2.4869e-11
-4.44089e-13
2.26485e-11
8.88178e-12
-4.44089e-13
-1.64313e-11
1.42109e-11
1.82077e-11
-1.28786e-11
4.88498e-12
0
-5.32907e-12
1.90958e-11
6.66134e-12
5.77316e-12
-3.28626e-11
8.88178e-13
-6.21725e-12
-8.88178e-13
3.55271e-12
0
-8.88178e-13
0
2.9754e-11
2.66454e-11
3.24185e-11
-2.08722e-11
-3.28626e-11
0
2.22045e-11
-1.77636e-12
-2.04281e-11
-2.22045e-12
0
2.66454e-12
0
2.22045e-12
1.77636e-12
7.54952e-12
-1.06581e-11
-2.30926e-11
3.10862e-12
2.30926e-11
3.64153e-11
2.79776e-11
-7.10543e-12
-2.39808e-11
1.19904e-11
2.4869e-11
-1.77636e-12
8.88178e-13
-1.77636e-12
0
2.4869e-11
2.17604e-11
-1.95399e-11
-7.10543e-12
2.30926e-11
1.73195e-11
-6.66134e-12
-3.10862e-12
7.99361e-12
1.77636e-12
3.19744e-11
3.28626e-11
-3.9968e-12
-3.55271e-12
7.10543e-12
-1.77636e-12
0
5.77316e-12
-1.28786e-11
2.66454e-12
1.02141e-11
-1.77636e-12
1.11022e-11
1.82077e-11
8.88178e-12
-4.44089e-12
4.44089e-13
-1.46549e-11
-1.06581e-11
2.08722e-11
1.11022e-11
1.33227e-12
-1.82077e-11
-3.10862e-12
2.22045e-11
-1.73195e-11
4.44089e-13
2.08722e-11
-1.28786e-11
2.66454e-12
1.02141e-11
-1.77636e-12
5.32907e-12
1.19904e-11
-1.73195e-11
1.77636e-12
1.73195e-11
-1.90958e-11
-3.55271e-12
4.44089e-12
7.99361e-12
2.04281e-11
0
0
2.22045e-11
-1.73195e-11
-2.66454e-12
2.04281e-11
2.66454e-12
1.33227e-12
-4.44089e-13
-1.77636e-12
-3.24185e-11
8.88178e-12
8.88178e-13
3.19744e-11
0
-3.19744e-11
-3.9968e-12
0
1.55431e-11
1.19904e-11
-4.44089e-12
-2.66454e-12
4.04121e-11
3.68594e-11
0
0
-4.44089e-13
0
1.33227e-12
1.33227e-12
-8.88178e-13
-8.88178e-13
1.11022e-11
-9.32587e-12
-7.10543e-12
1.15463e-11
7.54952e-12
0
4.44089e-13
8.88178e-13
0
2.44249e-11
-4.44089e-13
-1.42109e-11
8.43769e-12
-4.44089e-13
-1.19904e-11
0
1.59872e-11
1.15463e-11
4.88498e-12
-8.88178e-13
1.02141e-11
-1.77636e-12
2.22045e-12
-3.10862e-12
-8.43769e-12
0
1.24345e-11
1.11022e-11
8.88178e-13
2.22045e-11
3.55271e-12
-3.9968e-12
3.55271e-12
0
-2.53131e-11
0
2.53131e-11
6.66134e-12
-1.86517e-11
-1.33227e-12
2.39808e-11
-2.22045e-11
-2.66454e-12
2.44249e-11
-2.17604e-11
-2.22045e-12
1.77636e-11
-3.55271e-12
-9.76996e-12
1.64313e-11
2.39808e-11
-1.68754e-11
-4.88498e-12
2.44249e-11
0
0
4.88498e-12
4.44089e-13
1.11022e-11
-1.73195e-11
1.33227e-12
2.4869e-11
-4.88498e-12
-1.33227e-12
1.77636e-12
2.22045e-12
-4.44089e-13
-3.55271e-12
0
-1.24345e-11
2.39808e-11
-5.77316e-12
-4.88498e-12
2.44249e-11
-1.95399e-11
-2.22045e-12
1.77636e-11
-3.55271e-12
3.15303e-11
3.9968e-12
-1.06581e-11
3.24185e-11
-1.86517e-11
-3.33067e-11
-6.21725e-12
8.88178e-13
3.86358e-11
3.64153e-11
-3.28626e-11
-2.66454e-12
3.55271e-11
2.22045e-12
0
0
-4.44089e-13
0
-3.41949e-11
-3.5083e-11
3.41949e-11
3.59712e-11
-3.64153e-11
4.44089e-13
0
-3.64153e-11
2.66454e-12
0
3.33067e-11
3.55271e-11
0
6.66134e-12
0
-6.66134e-12
7.54952e-12
-8.88178e-13
8.88178e-13
0
0
6.66134e-12
3.10862e-11
2.57572e-11
-3.06422e-11
-2.08722e-11
1.33227e-12
-1.33227e-12
-4.44089e-13
1.77636e-12
4.44089e-13
8.88178e-13
7.54952e-12
3.01981e-11
-4.44089e-13
-2.9754e-11
2.79776e-11
0
-3.41949e-11
4.44089e-13
3.37508e-11
2.75335e-11
3.9968e-11
3.10862e-12
-3.5083e-11
-8.88178e-13
2.22045e-12
-2.22045e-12
2.75335e-11
3.55271e-12
4.44089e-12
3.24185e-11
-3.28626e-11
0
1.9984e-11
2.22045e-12
-1.90958e-11
1.33227e-12
-7.99361e-12
0
3.28626e-11
2.57572e-11
3.55271e-12
0
3.10862e-12
-3.10862e-12
3.15303e-11
3.55271e-12
-3.59712e-11
0
3.64153e-11
3.24185e-11
3.55271e-12
-3.28626e-11
-3.55271e-12
-4.44089e-13
3.90799e-11
-3.9968e-12
-3.15303e-11
3.9968e-11
0
-3.28626e-11
-4.44089e-12
-1.33227e-12
5.32907e-12
-3.9968e-12
-3.28626e-11
-2.79776e-11
0
0
-4.44089e-13
-8.88178e-13
)
;

boundaryField
{
    frontAndBack
    {
        type            calculated;
        value           nonuniform List<scalar> 
600
(
-498.803
-498.803
-498.803
-498.803
-498.803
-498.803
-498.803
-498.803
-498.803
-498.803
-1.19565
-1.19565
-1.19565
-1.19565
-1.19565
-1.19565
-1.19565
-1.19565
-1.19565
-1.19565
-0.00144611
-0.00144611
-0.00144611
-0.00144611
-0.00144611
-0.00144611
-0.00144611
-0.00144611
-0.00144611
-0.00144611
-1.17591e-06
-1.17592e-06
-1.17593e-06
-1.17588e-06
-1.17591e-06
-1.17593e-06
-1.17591e-06
-1.17592e-06
-1.1759e-06
-1.17591e-06
-7.40741e-10
-7.31859e-10
-7.37632e-10
-6.9722e-10
-7.31415e-10
-7.23865e-10
-6.95e-10
-7.40297e-10
-7.0477e-10
-7.21201e-10
0
8.88178e-13
0
-3.5083e-11
5.77316e-12
0
1.90958e-11
-4.88498e-12
-3.19744e-11
3.19744e-11
3.24185e-11
6.66134e-12
0
0
3.86358e-11
-7.10543e-12
2.22045e-12
3.24185e-11
-3.01981e-11
-6.21725e-12
0
-3.9968e-12
3.73035e-11
0
3.19744e-11
3.77476e-11
0
4.44089e-12
2.13163e-11
-3.37508e-11
0
-4.44089e-13
-4.44089e-13
-3.28626e-11
-3.86358e-11
6.66134e-12
-3.86358e-11
-3.64153e-11
-7.54952e-12
-2.4869e-11
2.75335e-11
6.21725e-12
-2.9754e-11
3.10862e-12
-3.10862e-11
-3.73035e-11
1.42109e-11
-3.55271e-12
-2.22045e-11
3.5083e-11
-498.803
-498.803
-498.803
-498.803
-498.803
-498.803
-498.803
-498.803
-498.803
-498.803
-1.19565
-1.19565
-1.19565
-1.19565
-1.19565
-1.19565
-1.19565
-1.19565
-1.19565
-1.19565
-0.00144611
-0.00144611
-0.00144611
-0.00144611
-0.00144611
-0.00144611
-0.00144611
-0.00144611
-0.00144611
-0.00144611
-1.17591e-06
-1.17592e-06
-1.17592e-06
-1.17588e-06
-1.17592e-06
-1.17591e-06
-1.17591e-06
-1.17591e-06
-1.17591e-06
-1.17593e-06
-7.21201e-10
-7.34968e-10
-7.45182e-10
-7.31415e-10
-7.31859e-10
-7.32747e-10
-7.39853e-10
-7.35412e-10
-7.43405e-10
-7.07434e-10
0
4.44089e-13
4.44089e-13
0
0
-6.21725e-12
4.44089e-13
-3.55271e-12
-6.21725e-12
0
4.44089e-13
-4.44089e-13
-4.44089e-13
2.22045e-12
0
3.9968e-12
1.77636e-12
-4.44089e-13
3.10862e-11
-3.33067e-11
-8.88178e-13
0
7.10543e-12
-3.15303e-11
7.10543e-12
4.44089e-13
-1.77636e-12
3.10862e-12
6.66134e-12
3.41949e-11
-3.24185e-11
-1.33227e-12
0
3.55271e-12
0
1.33227e-12
-7.10543e-12
-3.10862e-12
-3.19744e-11
3.37508e-11
8.88178e-13
4.04121e-11
-6.66134e-12
0
-7.10543e-12
3.9968e-12
-5.77316e-12
-3.9968e-12
3.10862e-11
-3.28626e-11
1.77636e-12
-3.10862e-12
-8.88178e-13
1.33227e-12
2.62013e-11
-8.88178e-13
4.44089e-12
-2.22045e-12
3.68594e-11
3.28626e-11
2.22045e-12
0
-1.33227e-12
2.79776e-11
0
3.86358e-11
-3.33067e-11
-8.88178e-13
3.10862e-12
0
-2.66454e-12
3.9968e-12
1.33227e-12
0
-2.22045e-11
1.33227e-12
-1.33227e-12
3.68594e-11
0
-8.88178e-13
3.9968e-12
0
0
0
3.37508e-11
-3.28626e-11
0
4.44089e-12
3.33067e-11
0
-3.9968e-12
3.15303e-11
2.79776e-11
-7.10543e-12
3.55271e-12
2.79776e-11
3.10862e-12
1.77636e-12
-1.77636e-12
4.44089e-13
4.44089e-13
-3.10862e-12
-3.10862e-12
2.22045e-12
-3.64153e-11
-3.10862e-12
-2.22045e-12
-7.54952e-12
-1.02141e-11
-2.22045e-12
0
-3.24185e-11
-2.88658e-11
6.21725e-12
-8.88178e-13
3.9968e-12
-8.88178e-13
-3.15303e-11
-2.88658e-11
1.77636e-12
-2.22045e-12
3.55271e-12
3.9968e-12
-2.93099e-11
3.55271e-12
3.9968e-12
3.55271e-12
0
-2.57572e-11
-3.19744e-11
5.77316e-12
1.33227e-12
-1.77636e-12
-3.10862e-12
2.84217e-11
-3.4639e-11
2.84217e-11
0
2.84217e-11
-2.22045e-12
-3.9968e-12
-1.33227e-12
-1.33227e-12
0
-8.88178e-13
-1.33227e-12
-8.88178e-13
2.22045e-12
2.66454e-12
3.41949e-11
0
3.06422e-11
2.62013e-11
0
2.62013e-11
-8.88178e-13
3.73035e-11
0
-5.77316e-12
-1.77636e-12
3.41949e-11
-3.33067e-11
-4.44089e-13
0
6.21725e-12
3.55271e-11
6.21725e-12
3.64153e-11
2.22045e-12
-8.88178e-13
0
-3.37508e-11
-2.62013e-11
-2.66454e-12
6.66134e-12
-1.33227e-12
0
0
0
-1.33227e-12
0
2.84217e-11
0
-6.21725e-12
-2.22045e-12
0
-6.21725e-12
-8.88178e-13
-3.28626e-11
3.24185e-11
3.19744e-11
3.68594e-11
3.73035e-11
3.10862e-12
-2.70894e-11
3.28626e-11
8.88178e-13
7.54952e-12
7.54952e-12
-3.10862e-11
-2.22045e-12
-2.75335e-11
3.24185e-11
3.10862e-12
2.17604e-11
-1.33227e-12
4.44089e-12
-3.19744e-11
-6.21725e-12
-3.24185e-11
2.22045e-12
-3.41949e-11
-3.64153e-11
-7.10543e-12
-5.32907e-12
-3.10862e-11
-3.68594e-11
0
0
1.33227e-12
-3.19744e-11
-7.10543e-12
-6.66134e-12
3.41949e-11
0
-3.28626e-11
3.15303e-11
-1.77636e-12
0
3.19744e-11
-2.22045e-12
0
0
5.32907e-12
0
-5.77316e-12
3.86358e-11
-6.21725e-12
-7.54952e-12
3.24185e-11
3.41949e-11
3.55271e-12
-2.62013e-11
-3.64153e-11
-1.90958e-11
-4.44089e-13
-3.28626e-11
1.33227e-12
3.73035e-11
8.88178e-13
-5.77316e-12
-4.44089e-13
3.55271e-12
3.10862e-12
4.88498e-12
-4.44089e-12
-2.93099e-11
-4.44089e-13
-3.55271e-11
-3.9968e-12
2.22045e-12
-3.10862e-12
4.44089e-13
-3.55271e-12
1.33227e-12
1.33227e-12
-2.22045e-12
4.44089e-12
-2.66454e-12
-4.44089e-13
0
0
-8.88178e-13
-6.66134e-12
0
4.04121e-11
0
0
4.08562e-11
6.21725e-12
-2.22045e-12
3.10862e-12
-4.44089e-13
-3.55271e-12
3.28626e-11
3.28626e-11
2.22045e-12
2.04281e-11
3.64153e-11
4.44089e-13
1.77636e-12
-1.77636e-12
0
3.86358e-11
0
0
3.41949e-11
-3.55271e-12
0
0
0
0
0
-4.44089e-13
0
0
0
-2.13163e-11
0
0
4.44089e-13
1.77636e-12
-5.32907e-12
4.44089e-13
-3.77476e-11
-1.95399e-11
-1.33227e-12
4.44089e-12
-4.44089e-13
-3.5083e-11
0
0
0
4.44089e-13
0
0
-2.22045e-12
-2.22045e-12
0
0
-3.06422e-11
2.84217e-11
3.41949e-11
1.33227e-12
3.86358e-11
2.04281e-11
8.88178e-13
3.24185e-11
1.33227e-12
4.44089e-13
-2.84217e-11
2.88658e-11
2.84217e-11
4.04121e-11
1.33227e-12
1.33227e-12
3.55271e-11
3.55271e-11
1.33227e-12
-3.5083e-11
-3.28626e-11
3.41949e-11
0
3.10862e-11
7.54952e-12
3.9968e-11
-3.28626e-11
3.55271e-12
3.55271e-12
-4.44089e-12
-2.66454e-12
3.59712e-11
6.66134e-12
2.57572e-11
3.01981e-11
3.10862e-12
0
0
-3.28626e-11
-1.33227e-12
3.55271e-11
-3.64153e-11
0
-3.06422e-11
-4.44089e-13
-3.5083e-11
1.9984e-11
3.10862e-12
-3.55271e-12
5.32907e-12
2.22045e-12
4.44089e-13
-6.66134e-12
-2.08722e-11
-2.9754e-11
-8.88178e-13
2.22045e-12
-3.10862e-12
-4.44089e-13
-3.9968e-12
0
0
7.54952e-12
1.33227e-12
2.79776e-11
2.22045e-12
-1.90958e-11
3.15303e-11
3.90799e-11
-3.28626e-11
0
-3.64153e-11
-8.88178e-13
-1.33227e-12
0
-2.22045e-12
1.33227e-12
3.55271e-12
-3.9968e-12
-2.79776e-11
-4.44089e-13
2.66454e-12
8.88178e-13
-4.44089e-13
-3.41949e-11
2.75335e-11
-7.99361e-12
-3.59712e-11
-3.15303e-11
0
0
0
0
1.77636e-12
4.44089e-13
3.55271e-12
0
0
3.9968e-11
0
-3.41949e-11
3.33067e-11
0
4.44089e-13
3.37508e-11
4.44089e-12
3.28626e-11
3.64153e-11
0
-4.44089e-13
-3.5083e-11
3.55271e-11
6.66134e-12
8.88178e-13
2.75335e-11
3.24185e-11
2.57572e-11
3.24185e-11
-3.28626e-11
-8.88178e-13
)
;
    }
    left
    {
        type            calculated;
        value           nonuniform List<scalar> 
100
(
-995.217
-995.217
-995.217
-995.217
-995.217
-995.217
-995.217
-995.217
-995.217
-995.217
-995.217
-995.217
-995.217
-995.217
-995.217
-995.217
-995.217
-995.217
-995.217
-995.217
-995.217
-995.217
-995.217
-995.217
-995.217
-995.217
-995.217
-995.217
-995.217
-995.217
-995.217
-995.217
-995.217
-995.217
-995.217
-995.217
-995.217
-995.217
-995.217
-995.217
-995.217
-995.217
-995.217
-995.217
-995.217
-995.217
-995.217
-995.217
-995.217
-995.217
-995.217
-995.217
-995.217
-995.217
-995.217
-995.217
-995.217
-995.217
-995.217
-995.217
-995.217
-995.217
-995.217
-995.217
-995.217
-995.217
-995.217
-995.217
-995.217
-995.217
-995.217
-995.217
-995.217
-995.217
-995.217
-995.217
-995.217
-995.217
-995.217
-995.217
-995.217
-995.217
-995.217
-995.217
-995.217
-995.217
-995.217
-995.217
-995.217
-995.217
-995.217
-995.217
-995.217
-995.217
-995.217
-995.217
-995.217
-995.217
-995.217
-995.217
)
;
    }
    right
    {
        type            calculated;
        value           uniform 0;
    }
    lowerWall
    {
        type            calculated;
        value           nonuniform List<scalar> 
300
(
-498.803
-498.803
-498.803
-498.803
-498.803
-498.803
-498.803
-498.803
-498.803
-498.803
-1.19565
-1.19565
-1.19565
-1.19565
-1.19565
-1.19565
-1.19565
-1.19565
-1.19565
-1.19565
-0.00144611
-0.00144611
-0.00144611
-0.00144611
-0.00144611
-0.00144611
-0.00144611
-0.00144611
-0.00144611
-0.00144611
-1.17591e-06
-1.17591e-06
-1.17593e-06
-1.17592e-06
-1.17591e-06
-1.17593e-06
-1.17592e-06
-1.17589e-06
-1.17593e-06
-1.17591e-06
-7.40741e-10
-7.45626e-10
-7.37632e-10
-7.29639e-10
-7.45182e-10
-7.37632e-10
-7.32747e-10
-7.46958e-10
-6.95888e-10
-7.21201e-10
0
-1.77636e-12
0
-2.22045e-12
6.21725e-12
3.68594e-11
2.04281e-11
0
2.04281e-11
0
3.24185e-11
3.95239e-11
0
3.28626e-11
3.90799e-11
-4.44089e-12
7.54952e-12
3.86358e-11
-2.93099e-11
4.44089e-13
0
2.22045e-12
3.73035e-11
0
3.10862e-11
0
-2.13163e-11
-3.19744e-11
0
-8.88178e-13
0
-3.37508e-11
-4.44089e-13
-3.28626e-11
-3.86358e-11
4.88498e-12
-6.66134e-12
0
-7.54952e-12
-3.24185e-11
2.75335e-11
4.44089e-13
-2.9754e-11
3.10862e-12
-3.33067e-11
-3.73035e-11
-1.77636e-12
-2.66454e-12
-2.22045e-11
8.88178e-13
1.77636e-12
-3.10862e-12
-8.88178e-13
1.33227e-12
-4.44089e-13
-8.88178e-13
6.21725e-12
-3.59712e-11
3.77476e-11
0
2.22045e-12
0
-1.33227e-12
-3.55271e-12
2.66454e-12
3.86358e-11
3.10862e-12
2.39808e-11
2.22045e-12
3.41949e-11
-2.66454e-12
3.41949e-11
1.33227e-12
4.44089e-13
7.10543e-12
-2.66454e-12
8.88178e-13
-3.9968e-12
-3.33067e-11
0
3.9968e-12
-4.44089e-13
3.41949e-11
0
4.44089e-13
-3.28626e-11
3.37508e-11
-2.13163e-11
3.37508e-11
0
-3.9968e-12
1.77636e-12
-3.10862e-12
0
2.79776e-11
3.55271e-11
2.75335e-11
3.55271e-11
3.10862e-11
3.19744e-11
4.44089e-13
-5.77316e-12
-7.99361e-12
3.33067e-11
2.53131e-11
-2.66454e-12
-3.68594e-11
-3.10862e-12
-3.77476e-11
-2.22045e-12
0
-3.28626e-11
2.22045e-12
-8.88178e-13
-2.84217e-11
0
-2.84217e-11
-2.75335e-11
-2.93099e-11
2.22045e-12
-2.22045e-12
7.10543e-12
-2.53131e-11
-2.93099e-11
-2.53131e-11
3.9968e-12
3.9968e-12
0
2.22045e-12
-3.19744e-11
5.77316e-12
8.88178e-13
2.88658e-11
-3.10862e-12
2.88658e-11
-3.4639e-11
-2.22045e-12
-8.88178e-13
-2.22045e-12
-2.22045e-12
-3.9968e-12
-1.33227e-12
-8.88178e-13
0
-8.88178e-13
3.10862e-11
3.24185e-11
2.44249e-11
2.22045e-12
3.41949e-11
-5.77316e-12
-4.44089e-13
-3.55271e-11
-3.55271e-12
-2.75335e-11
-3.9968e-12
-3.9968e-12
3.24185e-11
-4.44089e-12
-3.28626e-11
2.22045e-12
-3.10862e-12
1.33227e-12
-3.10862e-12
4.44089e-13
-3.15303e-11
-3.68594e-11
-2.08722e-11
-2.66454e-12
-2.66454e-12
0
0
6.21725e-12
6.21725e-12
-8.88178e-13
6.21725e-12
4.04121e-11
-3.28626e-11
4.04121e-11
3.55271e-11
-2.22045e-12
3.10862e-12
3.28626e-11
-3.10862e-12
-4.44089e-13
3.28626e-11
3.68594e-11
0
3.68594e-11
2.22045e-12
1.77636e-12
-1.77636e-12
0
0
0
0
0
2.22045e-11
0
0
0
0
-3.41949e-11
6.66134e-12
0
-3.41949e-11
0
-1.77636e-12
0
0
4.44089e-13
1.77636e-12
-4.44089e-12
3.24185e-11
8.88178e-13
8.88178e-13
-4.44089e-13
-2.04281e-11
-4.44089e-13
-4.44089e-13
0
0
0
0
-4.44089e-13
0
0
-2.22045e-12
0
0
-3.06422e-11
2.84217e-11
3.37508e-11
0
2.84217e-11
3.4639e-11
1.33227e-12
0
1.33227e-12
-3.41949e-11
-2.84217e-11
2.88658e-11
2.88658e-11
3.24185e-11
2.84217e-11
3.5083e-11
1.33227e-12
2.66454e-12
1.33227e-12
-3.5083e-11
)
;
    }
    upperWall
    {
        type            calculated;
        value           nonuniform List<scalar> 
300
(
-498.803
-498.803
-498.803
-498.803
-498.803
-498.803
-498.803
-498.803
-498.803
-498.803
-1.19565
-1.19565
-1.19565
-1.19565
-1.19565
-1.19565
-1.19565
-1.19565
-1.19565
-1.19565
-0.00144611
-0.00144611
-0.00144611
-0.00144611
-0.00144611
-0.00144611
-0.00144611
-0.00144611
-0.00144611
-0.00144611
-1.17591e-06
-1.17592e-06
-1.17592e-06
-1.17593e-06
-1.17592e-06
-1.17593e-06
-1.17592e-06
-1.17592e-06
-1.17593e-06
-1.17593e-06
-7.21201e-10
-7.25642e-10
-7.32747e-10
-7.32303e-10
-7.45182e-10
-7.23865e-10
-7.45182e-10
-7.2875e-10
-7.30083e-10
-7.07434e-10
3.19744e-11
0
0
3.33067e-11
0
3.73035e-11
0
0
3.77476e-11
0
-6.21725e-12
3.15303e-11
0
-3.55271e-12
3.9968e-12
3.55271e-12
3.9968e-12
-1.33227e-12
-4.44089e-13
-3.33067e-11
-3.37508e-11
0
7.99361e-12
-3.28626e-11
0
4.44089e-13
7.10543e-12
3.77476e-11
-3.10862e-11
3.41949e-11
-2.4869e-11
-3.5083e-11
6.66134e-12
5.32907e-12
3.10862e-12
1.33227e-12
3.55271e-12
-3.10862e-12
-2.22045e-12
3.37508e-11
3.5083e-11
3.9968e-12
-6.66134e-12
-5.32907e-12
7.54952e-12
-3.37508e-11
-3.55271e-12
-3.37508e-11
-5.32907e-12
-3.28626e-11
3.28626e-11
2.22045e-12
-7.99361e-12
8.88178e-13
-3.55271e-12
2.22045e-12
0
-8.88178e-13
1.33227e-12
-1.77636e-12
0
3.64153e-11
4.44089e-13
0
-3.10862e-12
3.55271e-11
3.55271e-12
3.64153e-11
6.21725e-12
-8.88178e-13
-8.88178e-13
-2.66454e-12
-4.44089e-13
-3.10862e-12
4.44089e-13
-5.32907e-12
-4.44089e-13
0
-4.88498e-12
-1.33227e-12
0
-3.33067e-11
7.10543e-12
6.66134e-12
0
0
-6.21725e-12
-3.15303e-11
1.33227e-12
3.24185e-11
4.44089e-13
3.10862e-12
8.88178e-13
3.55271e-12
3.4639e-11
-2.22045e-12
-7.54952e-12
3.90799e-11
3.5083e-11
-3.10862e-11
-2.22045e-12
-3.9968e-12
-7.99361e-12
2.9754e-11
0
-3.90799e-11
7.54952e-12
-3.55271e-12
-7.99361e-12
-3.24185e-11
1.77636e-12
3.41949e-11
4.44089e-13
-4.44089e-13
-3.19744e-11
3.9968e-12
3.10862e-12
0
-3.68594e-11
1.33227e-12
-3.19744e-11
3.9968e-12
-4.44089e-13
-2.93099e-11
0
0
0
0
0
3.19744e-11
-2.22045e-12
-5.32907e-12
7.10543e-12
3.15303e-11
-3.10862e-12
-3.55271e-12
3.55271e-11
0
5.77316e-12
3.24185e-11
3.41949e-11
3.19744e-11
0
-6.66134e-12
2.22045e-12
3.9968e-12
-1.33227e-12
-5.77316e-12
0
8.88178e-13
-3.9968e-12
-3.01981e-11
8.88178e-13
-3.19744e-11
3.5083e-11
6.66134e-12
-3.28626e-11
-3.24185e-11
3.15303e-11
-4.44089e-12
-4.44089e-13
-3.5083e-11
3.4639e-11
3.4639e-11
2.88658e-11
0
8.88178e-13
8.88178e-12
3.9968e-12
-1.33227e-12
6.21725e-12
-1.33227e-12
-7.54952e-12
-4.44089e-13
-3.28626e-11
1.95399e-11
-6.21725e-12
8.88178e-13
-1.06581e-11
5.32907e-12
4.44089e-13
0
-2.70894e-11
-2.84217e-11
3.9968e-12
-4.44089e-13
-8.88178e-13
3.19744e-11
3.24185e-11
-3.9968e-12
0
0
-8.88178e-13
0
0
-1.90958e-11
3.55271e-12
0
-1.86517e-11
-3.28626e-11
0
0
-6.66134e-12
-4.44089e-13
-3.28626e-11
3.55271e-12
0
-3.19744e-11
-3.33067e-11
-2.79776e-11
-3.5083e-11
-4.44089e-12
3.5083e-11
3.06422e-11
2.88658e-11
0
-8.88178e-13
-3.9968e-12
-6.21725e-12
0
0
0
0
0
0
0
0
0
8.88178e-13
0
4.44089e-13
4.08562e-11
5.32907e-12
2.22045e-12
5.32907e-12
3.24185e-11
2.9754e-11
1.55431e-11
3.86358e-11
-4.44089e-13
-3.5083e-11
3.64153e-11
4.08562e-11
3.33067e-11
3.41949e-11
3.24185e-11
2.66454e-11
1.19904e-11
3.64153e-11
-8.88178e-13
)
;
    }
}


// ************************************************************************* //
