/*--------------------------------*- C++ -*----------------------------------*\
  =========                 |
  \\      /  F ield         | OpenFOAM: The Open Source CFD Toolbox
   \\    /   O peration     | Website:  https://openfoam.org
    \\  /    A nd           | Version:  10
     \\/     M anipulation  |
\*---------------------------------------------------------------------------*/
FoamFile
{
    format      ascii;
    class       volScalarField;
    location    "0.6";
    object      gradTy;
}
// * * * * * * * * * * * * * * * * * * * * * * * * * * * * * * * * * * * * * //

dimensions      [0 -1 0 1 0 0 0];

internalField   nonuniform List<scalar> 
3000
(
-4.69402e-10
-3.9968e-12
1.02141e-11
-1.59872e-11
-3.10862e-12
-7.10543e-12
-3.10862e-12
-3.24185e-11
-7.10543e-12
-3.33067e-11
-4.54303e-10
-4.88498e-12
7.99361e-12
-3.10862e-12
-7.54952e-12
4.44089e-13
-7.54952e-12
-3.24185e-11
3.01981e-11
-3.24185e-11
6.21725e-12
0
-3.9968e-12
4.88498e-12
3.5083e-11
3.86358e-11
0
3.19744e-11
3.9968e-12
0
-1.59872e-11
3.55271e-12
-1.33227e-11
-1.37668e-11
0
-7.54952e-12
5.77316e-12
3.19744e-11
0
-7.54952e-12
-6.66134e-12
-4.44089e-12
3.10862e-12
-4.44089e-12
-3.90799e-11
-3.15303e-11
-3.9968e-12
-3.86358e-11
3.28626e-11
1.33227e-12
0
-3.55271e-12
-8.88178e-13
8.88178e-13
6.21725e-12
3.68594e-11
2.04281e-11
0
-1.15463e-11
0
1.24345e-11
2.13163e-11
3.55271e-12
1.59872e-11
7.54952e-12
4.44089e-13
2.66454e-12
3.86358e-11
-2.93099e-11
-4.88498e-12
4.44089e-13
3.10862e-12
2.35367e-11
8.43769e-12
3.10862e-11
0
-2.08722e-11
-3.19744e-11
0
-4.44089e-13
-2.75335e-11
4.66738e-10
-1.06581e-11
1.37668e-11
-4.44089e-13
3.15303e-11
3.64153e-11
-6.21725e-12
-1.33227e-12
5.32907e-12
-1.55431e-11
4.79172e-10
-1.68754e-11
1.86517e-11
-2.9754e-11
2.22045e-12
3.41949e-11
2.4869e-11
-1.9984e-11
7.10543e-12
-4.77396e-10
6.21725e-12
-8.43769e-12
-2.39808e-11
-1.42109e-11
-1.82077e-11
-1.19904e-11
-3.81917e-11
-2.39808e-11
-4.44089e-13
-4.66294e-10
-7.10543e-12
1.77636e-12
-2.35367e-11
-2.44249e-11
-4.44089e-13
-2.22045e-11
-3.86358e-11
0
-5.77316e-12
2.66454e-12
2.22045e-12
4.88498e-12
2.66454e-12
1.37668e-11
2.26485e-11
3.10862e-12
-2.22045e-12
1.19904e-11
-1.28786e-11
-1.28786e-11
1.77636e-12
-1.19904e-11
-4.44089e-13
0
-1.68754e-11
8.88178e-12
1.33227e-12
-1.46549e-11
-1.90958e-11
-5.77316e-12
-1.64313e-11
5.32907e-12
1.11022e-11
-2.39808e-11
-6.66134e-12
-1.24345e-11
2.66454e-12
1.15463e-11
8.88178e-12
4.44089e-13
0
0
2.22045e-12
1.77636e-11
0
1.28786e-11
0
1.28786e-11
0
1.15463e-11
1.06581e-11
2.22045e-12
-1.06581e-11
1.9984e-11
2.66454e-12
3.9968e-12
8.88178e-13
-1.9984e-11
-1.5099e-11
-1.33227e-12
-1.77636e-12
2.17604e-11
0
6.66134e-12
2.44249e-11
0
-8.88178e-13
-1.46549e-11
-4.44089e-13
4.75175e-10
4.87166e-10
-7.99361e-12
9.32587e-12
-1.77636e-12
5.32907e-12
1.42109e-11
3.5083e-11
1.37668e-11
1.82077e-11
4.86278e-10
4.9738e-10
-1.46549e-11
8.43769e-12
-5.77316e-12
1.33227e-12
-4.44089e-12
3.77476e-11
1.06581e-11
2.22045e-11
-4.93827e-10
-3.10862e-12
-3.55271e-12
-1.02141e-11
-1.82077e-11
-7.99361e-12
-8.88178e-13
-3.9968e-12
-3.10862e-11
-6.66134e-12
-4.85834e-10
5.77316e-12
4.88498e-12
-3.4639e-11
-4.44089e-13
-1.77636e-12
-1.73195e-11
-1.77636e-12
-5.50671e-11
-2.57572e-11
1.33227e-11
1.37668e-11
-1.02141e-11
-1.37668e-11
1.06581e-11
-1.73195e-11
-7.10543e-12
-1.33227e-12
-2.44249e-11
-8.43769e-12
-1.24345e-11
-1.42109e-11
-8.88178e-12
0
-1.82077e-11
-2.39808e-11
-8.88178e-13
-2.35367e-11
0
4.44089e-13
-6.21725e-12
-5.32907e-12
1.90958e-11
-8.43769e-12
1.37668e-11
0
-9.76996e-12
3.9968e-12
0
6.21725e-12
0
1.15463e-11
-1.02141e-11
0
8.88178e-13
0
4.44089e-13
9.76996e-12
4.44089e-13
8.88178e-13
2.22045e-12
-7.10543e-12
-1.42109e-11
1.90958e-11
-5.77316e-12
2.44249e-11
0
-3.9968e-12
4.44089e-13
-1.73195e-11
2.30926e-11
1.19904e-11
-1.77636e-12
1.5099e-11
-4.44089e-13
0
0
-1.02141e-11
-4.44089e-13
1.73195e-11
4.84057e-10
4.76064e-10
-1.77636e-12
4.44089e-13
-4.44089e-13
-6.21725e-12
1.77636e-11
-4.44089e-13
2.4869e-11
2.53131e-11
4.75175e-10
4.60965e-10
5.32907e-12
7.54952e-12
1.82077e-11
1.82077e-11
1.77636e-11
1.73195e-11
2.57572e-11
7.99361e-12
-4.84945e-10
-5.32907e-12
-6.66134e-12
-1.15463e-11
-1.06581e-11
-1.15463e-11
-4.44089e-12
-3.95239e-11
-4.88498e-12
-1.33227e-11
-4.71623e-10
-5.32907e-12
-1.19904e-11
-1.55431e-11
-2.44249e-11
-2.4869e-11
-2.17604e-11
-5.37348e-11
-5.32907e-12
-1.42109e-11
6.66134e-12
2.22045e-12
0
1.19904e-11
0
4.88498e-12
-4.88498e-12
7.99361e-12
-4.44089e-12
2.22045e-12
-8.88178e-12
0
2.66454e-12
1.28786e-11
2.30926e-11
1.77636e-11
1.02141e-11
-1.77636e-12
7.10543e-12
1.37668e-11
-3.10862e-12
-2.22045e-12
-6.66134e-12
-1.11022e-11
4.88498e-12
6.21725e-12
6.21725e-12
-4.88498e-12
4.44089e-12
-1.33227e-11
-6.21725e-12
1.06581e-11
1.28786e-11
-1.37668e-11
0
1.77636e-12
0
-8.88178e-13
0
0
7.99361e-12
2.22045e-12
1.46549e-11
1.28786e-11
-1.24345e-11
-2.22045e-11
8.88178e-13
-4.44089e-13
2.22045e-12
2.04281e-11
3.55271e-12
1.33227e-12
-1.82077e-11
1.28786e-11
-7.10543e-12
-1.33227e-12
0
1.9984e-11
-2.35367e-11
-2.39808e-11
4.72955e-10
4.86278e-10
7.54952e-12
-8.88178e-13
2.04281e-11
1.95399e-11
3.77476e-11
-1.33227e-12
4.88498e-12
4.88498e-12
4.83613e-10
4.76952e-10
2.22045e-11
2.22045e-12
7.10543e-12
4.88498e-12
4.66294e-11
-2.66454e-12
2.35367e-11
2.35367e-11
-4.73399e-10
-6.21725e-12
-3.10862e-12
-1.15463e-11
-1.82077e-11
-1.82077e-11
-6.66134e-12
-3.77476e-11
-4.52971e-11
-1.77636e-11
-4.83169e-10
-1.28786e-11
-3.10862e-12
-2.84217e-11
-1.82077e-11
5.77316e-12
-2.39808e-11
-5.68434e-11
-5.55112e-11
-1.86517e-11
9.76996e-12
1.24345e-11
1.77636e-12
-1.28786e-11
1.02141e-11
0
6.21725e-12
-1.5099e-11
-9.76996e-12
1.19904e-11
0
0
0
1.82077e-11
0
-2.39808e-11
-4.44089e-13
1.64313e-11
0
4.44089e-13
-1.86517e-11
-1.95399e-11
-1.77636e-12
3.55271e-12
-1.02141e-11
0
-2.35367e-11
1.42109e-11
0
3.9968e-12
5.32907e-12
9.32587e-12
0
-1.77636e-11
0
0
0
0
0
1.77636e-11
7.54952e-12
1.86517e-11
1.73195e-11
-1.33227e-11
0
1.02141e-11
1.64313e-11
-1.37668e-11
1.68754e-11
-1.68754e-11
1.77636e-11
1.42109e-11
0
5.32907e-12
0
0
1.33227e-12
4.88498e-12
0
-8.88178e-13
4.73399e-10
4.64517e-10
-1.24345e-11
3.24185e-11
1.82077e-11
7.99361e-12
4.44089e-13
1.77636e-11
1.33227e-12
2.62013e-11
4.57412e-10
4.60965e-10
5.32907e-12
2.39808e-11
1.82077e-11
1.82077e-11
1.77636e-11
-4.44089e-13
1.82077e-11
7.99361e-12
-4.8006e-10
-3.10862e-12
-3.55271e-12
-1.06581e-11
-1.82077e-11
-7.99361e-12
-5.4623e-11
-4.44089e-13
-3.06422e-11
-1.42109e-11
-4.7029e-10
5.77316e-12
4.88498e-12
-3.24185e-11
-1.82077e-11
-2.62013e-11
-5.55112e-11
-3.10862e-12
-5.50671e-11
-2.57572e-11
5.32907e-12
1.37668e-11
-1.19904e-11
-1.11022e-11
4.44089e-13
7.54952e-12
1.86517e-11
4.44089e-13
-2.44249e-11
7.99361e-12
-1.28786e-11
-1.42109e-11
0
1.33227e-11
0
-4.44089e-13
1.77636e-11
6.21725e-12
1.77636e-11
0
3.55271e-12
-5.32907e-12
0
1.19904e-11
-4.44089e-13
-2.39808e-11
-1.82077e-11
-3.10862e-12
0
-8.88178e-13
0
0
-1.90958e-11
-8.88178e-12
4.44089e-13
1.86517e-11
-1.77636e-11
-1.33227e-11
0
1.68754e-11
-1.42109e-11
1.77636e-12
6.66134e-12
-3.9968e-12
1.06581e-11
1.77636e-11
1.19904e-11
-1.24345e-11
1.24345e-11
-6.66134e-12
2.30926e-11
2.30926e-11
-1.77636e-12
-4.44089e-12
-8.88178e-13
-1.77636e-12
1.06581e-11
0
1.77636e-12
-1.64313e-11
5.00489e-10
4.72955e-10
1.15463e-11
-7.99361e-12
7.99361e-12
8.88178e-13
4.26326e-11
1.73195e-11
4.26326e-11
1.28786e-11
4.75175e-10
4.66738e-10
1.73195e-11
1.15463e-11
1.82077e-11
8.88178e-13
4.52971e-11
1.15463e-11
3.64153e-11
2.26485e-11
-4.7784e-10
2.66454e-12
0
8.88178e-13
-1.37668e-11
-1.86517e-11
-2.17604e-11
-5.77316e-12
-1.33227e-12
-1.82077e-11
-4.72511e-10
-1.33227e-12
-1.06581e-11
-1.59872e-11
-2.35367e-11
-1.77636e-11
-4.44089e-11
-2.4869e-11
-2.35367e-11
-4.44089e-13
-1.77636e-12
-3.10862e-12
-1.06581e-11
-1.19904e-11
4.44089e-13
1.86517e-11
-1.15463e-11
-1.59872e-11
1.77636e-12
2.35367e-11
1.19904e-11
1.02141e-11
0
1.82077e-11
0
0
-8.88178e-13
1.73195e-11
0
-4.44089e-13
1.82077e-11
-1.28786e-11
-1.33227e-12
8.43769e-12
-1.02141e-11
-1.82077e-11
7.54952e-12
8.43769e-12
-1.33227e-11
-1.42109e-11
-4.44089e-12
-1.77636e-12
0
-1.82077e-11
0
1.73195e-11
-8.88178e-13
-1.64313e-11
-8.88178e-13
4.44089e-13
-4.44089e-12
1.86517e-11
1.73195e-11
2.22045e-12
4.44089e-13
9.76996e-12
-1.64313e-11
-8.43769e-12
7.54952e-12
7.54952e-12
0
-1.02141e-11
0
0
0
0
1.77636e-11
1.73195e-11
4.44089e-13
-7.54952e-12
4.77396e-10
4.78284e-10
-1.06581e-11
1.33227e-11
1.77636e-11
7.54952e-12
1.68754e-11
1.73195e-11
7.99361e-12
7.99361e-12
4.7784e-10
4.86278e-10
4.44089e-12
2.84217e-11
1.82077e-11
8.88178e-13
1.33227e-12
4.44089e-12
2.4869e-11
1.59872e-11
-4.73843e-10
-6.21725e-12
-1.59872e-11
-2.35367e-11
-3.59712e-11
1.33227e-12
-3.59712e-11
-3.59712e-11
-5.77316e-12
-3.59712e-11
-4.80949e-10
-1.5099e-11
-4.44089e-13
-1.46549e-11
-3.86358e-11
5.32907e-12
-4.70735e-11
-3.81917e-11
-2.4869e-11
-5.68434e-11
-3.9968e-12
-2.22045e-12
1.06581e-11
1.24345e-11
-1.95399e-11
-1.82077e-11
-1.95399e-11
-1.64313e-11
-1.5099e-11
-1.95399e-11
-1.33227e-12
8.88178e-12
-4.44089e-13
-1.68754e-11
-8.88178e-13
-5.32907e-12
-9.76996e-12
-1.46549e-11
2.13163e-11
1.02141e-11
-1.77636e-12
2.22045e-12
8.88178e-12
-2.44249e-11
2.08722e-11
1.55431e-11
8.88178e-12
0
6.21725e-12
7.99361e-12
-1.11022e-11
0
-1.55431e-11
1.68754e-11
-1.64313e-11
-6.21725e-12
-8.88178e-13
0
-4.44089e-12
0
1.02141e-11
2.22045e-12
-1.11022e-11
3.9968e-12
-1.86517e-11
-1.24345e-11
-5.32907e-12
1.82077e-11
-5.77316e-12
-4.88498e-12
1.11022e-11
8.88178e-13
0
-4.44089e-13
-4.44089e-13
0
1.68754e-11
0
-1.73195e-11
-1.02141e-11
4.60076e-10
4.67626e-10
-7.99361e-12
1.68754e-11
1.33227e-11
1.73195e-11
1.28786e-11
-1.77636e-12
5.10703e-11
1.24345e-11
4.68958e-10
4.69402e-10
3.55271e-12
8.88178e-13
1.77636e-11
9.32587e-12
1.33227e-12
1.64313e-11
5.4623e-11
1.86517e-11
-4.74287e-10
-4.44089e-12
-5.32907e-12
1.33227e-12
-1.37668e-11
-3.19744e-11
-2.13163e-11
-5.77316e-12
-3.64153e-11
-1.77636e-11
-4.59632e-10
1.33227e-11
-2.62013e-11
-1.9984e-11
-2.35367e-11
-5.50671e-11
-4.39648e-11
-2.4869e-11
-4.44089e-11
-1.82077e-11
-3.55271e-12
7.99361e-12
-8.88178e-12
-1.24345e-11
1.42109e-11
-2.44249e-11
1.33227e-12
0
-7.54952e-12
1.24345e-11
-1.64313e-11
-1.33227e-11
0
1.28786e-11
0
0
1.68754e-11
1.73195e-11
1.77636e-11
0
1.64313e-11
9.32587e-12
-1.19904e-11
-8.43769e-12
-2.39808e-11
1.77636e-11
-6.21725e-12
-7.54952e-12
0
-2.66454e-12
1.77636e-12
1.15463e-11
1.77636e-12
9.32587e-12
4.44089e-13
1.02141e-11
-1.82077e-11
0
-1.68754e-11
1.73195e-11
-7.99361e-12
-6.21725e-12
1.33227e-12
2.66454e-12
9.76996e-12
-7.10543e-12
8.88178e-13
-7.99361e-12
1.82077e-11
1.42109e-11
1.02141e-11
0
-1.33227e-12
-9.76996e-12
-4.44089e-13
-1.02141e-11
4.44089e-13
1.77636e-12
1.15463e-11
-1.73195e-11
4.66738e-10
4.68514e-10
1.64313e-11
2.17604e-11
8.43769e-12
1.55431e-11
3.81917e-11
2.04281e-11
6.21725e-12
0
4.64961e-10
4.63629e-10
1.73195e-11
1.19904e-11
1.82077e-11
2.4869e-11
5.4623e-11
6.66134e-12
1.15463e-11
2.30926e-11
2.22045e-11
7.10543e-12
-2.22045e-12
-1.86517e-11
-6.66134e-12
-3.24185e-11
-6.66134e-12
-3.24185e-11
-6.66134e-12
-1.33227e-12
1.24345e-11
-1.24345e-11
-3.9968e-12
-1.55431e-11
-7.99361e-12
-3.95239e-11
-7.54952e-12
-3.95239e-11
8.88178e-13
-7.10543e-12
1.33227e-11
-1.33227e-11
3.10862e-12
-1.02141e-11
3.90799e-11
-7.10543e-12
3.90799e-11
-5.32907e-12
7.54952e-12
0
0
0
0
-1.37668e-11
0
0
-4.44089e-13
0
0
0
-4.88498e-12
0
-4.88498e-12
1.33227e-12
-3.28626e-11
0
-3.90799e-11
1.77636e-12
-6.66134e-12
-4.44089e-13
1.06581e-11
0
0
1.37668e-11
7.10543e-12
5.77316e-12
7.10543e-12
7.54952e-12
-2.22045e-12
0
1.33227e-12
1.15463e-11
8.88178e-13
6.66134e-12
1.33227e-12
3.10862e-12
3.9968e-12
-8.88178e-13
7.10543e-12
-5.77316e-12
-9.76996e-12
1.37668e-11
0
3.9968e-12
-1.33227e-12
0
-7.10543e-12
2.9754e-11
4.44089e-13
5.77316e-12
4.42313e-10
4.82725e-10
1.68754e-11
7.99361e-12
-8.88178e-13
3.68594e-11
2.22045e-12
4.44089e-12
3.33067e-11
4.08562e-11
4.59188e-10
4.87166e-10
1.73195e-11
-1.33227e-12
0
3.5083e-11
6.21725e-12
-3.01981e-11
3.41949e-11
3.5083e-11
-2.84217e-11
-3.81917e-11
-3.01981e-11
-3.19744e-11
-3.37508e-11
3.9968e-12
-3.81917e-11
-2.84217e-11
-3.19744e-11
-3.33067e-11
-2.79776e-11
-3.4639e-11
-3.10862e-11
-3.19744e-11
-3.55271e-11
0
-3.73035e-11
-2.9754e-11
-3.19744e-11
-3.68594e-11
4.44089e-13
3.55271e-12
2.84217e-11
0
2.93099e-11
-3.86358e-11
3.33067e-11
1.33227e-12
0
-3.10862e-12
-8.88178e-13
1.9984e-11
0
-3.10862e-12
3.37508e-11
-2.79776e-11
4.44089e-13
0
0
3.15303e-11
-7.10543e-12
-1.33227e-12
4.44089e-12
4.44089e-13
-2.88658e-11
3.4639e-11
-3.33067e-11
3.24185e-11
0
-8.88178e-13
3.41949e-11
-2.08722e-11
-4.44089e-13
-4.44089e-13
-3.41949e-11
0
0
-4.44089e-13
0
8.88178e-13
3.9968e-12
-5.77316e-12
-3.59712e-11
2.9754e-11
1.33227e-12
3.9968e-12
-3.55271e-12
-3.15303e-11
-6.66134e-12
2.66454e-12
-3.64153e-11
3.19744e-11
0
3.33067e-11
3.41949e-11
2.79776e-11
2.62013e-11
-4.44089e-13
-3.55271e-12
0
3.73035e-11
3.95239e-11
3.86358e-11
2.22045e-12
3.37508e-11
4.44089e-13
3.86358e-11
3.4639e-11
7.54952e-12
3.19744e-11
3.73035e-11
3.55271e-12
3.4639e-11
1.77636e-12
1.33227e-12
4.44089e-12
9.32587e-12
3.4639e-11
2.66454e-12
3.9968e-12
-2.22045e-11
-2.66454e-12
-1.06581e-11
-2.9754e-11
-7.10543e-12
-3.59712e-11
1.33227e-12
-7.10543e-12
4.44089e-13
-3.10862e-12
-1.42109e-11
-2.13163e-11
-7.54952e-12
-5.63993e-11
-7.10543e-12
-3.24185e-11
3.9968e-12
-7.10543e-12
-2.66454e-11
-1.33227e-12
-8.88178e-13
-1.95399e-11
-1.33227e-12
-2.53131e-11
-4.88498e-12
-1.77636e-12
3.9968e-12
2.22045e-12
-8.43769e-12
-8.88178e-12
8.88178e-13
1.77636e-11
0
7.10543e-12
-1.28786e-11
0
-1.73195e-11
-8.88178e-13
1.77636e-11
4.44089e-13
1.5099e-11
9.76996e-12
4.88498e-12
1.86517e-11
1.19904e-11
4.88498e-12
-7.99361e-12
-1.33227e-12
-1.73195e-11
1.06581e-11
-4.44089e-13
-1.77636e-11
0
7.99361e-12
1.46549e-11
-8.88178e-13
7.99361e-12
6.66134e-12
3.10862e-12
-1.11022e-11
4.44089e-12
-9.32587e-12
-3.55271e-12
5.32907e-12
-3.55271e-12
0
-1.37668e-11
3.9968e-12
4.44089e-13
-3.10862e-12
7.10543e-12
9.76996e-12
0
4.88498e-12
5.32907e-12
8.88178e-13
0
0
-1.95399e-11
1.15463e-11
4.44089e-13
2.39808e-11
4.44089e-11
-2.22045e-12
3.9968e-12
-8.88178e-13
2.17604e-11
3.68594e-11
2.53131e-11
3.19744e-11
4.44089e-12
1.46549e-11
4.08562e-11
3.10862e-12
8.88178e-13
0
7.54952e-12
3.41949e-11
2.53131e-11
2.88658e-11
-8.88178e-13
-1.46549e-11
-6.66134e-12
-2.62013e-11
-3.41949e-11
2.22045e-12
-3.64153e-11
-6.66134e-12
-2.57572e-11
-2.93099e-11
-1.77636e-12
-1.02141e-11
-2.22045e-11
-6.66134e-12
-4.84057e-11
-1.19904e-11
-4.70735e-11
-3.10862e-12
-6.21725e-12
-4.30767e-11
-2.22045e-11
1.24345e-11
-3.55271e-12
1.73195e-11
-2.22045e-12
-6.66134e-12
7.99361e-12
0
1.64313e-11
-1.90958e-11
-5.32907e-12
4.88498e-12
-1.77636e-12
0
-1.02141e-11
-1.02141e-11
1.5099e-11
-2.08722e-11
0
-1.02141e-11
2.22045e-11
-2.30926e-11
-1.77636e-12
5.77316e-12
-9.32587e-12
-7.54952e-12
-2.30926e-11
6.66134e-12
-1.73195e-11
7.54952e-12
-8.43769e-12
-1.15463e-11
1.06581e-11
-1.11022e-11
8.88178e-13
1.02141e-11
0
9.76996e-12
-1.15463e-11
8.88178e-13
-4.44089e-12
1.82077e-11
-7.99361e-12
-3.55271e-12
6.21725e-12
-5.32907e-12
1.73195e-11
-1.82077e-11
2.4869e-11
6.66134e-12
0
1.46549e-11
0
-7.54952e-12
0
-1.11022e-11
-9.32587e-12
0
1.5099e-11
1.02141e-11
-1.33227e-12
8.88178e-13
1.33227e-11
-8.88178e-13
6.21725e-12
1.42109e-11
1.77636e-12
1.24345e-11
-6.21725e-12
5.77316e-12
7.99361e-12
-3.9968e-12
7.99361e-12
1.82077e-11
2.4869e-11
1.82077e-11
8.43769e-12
7.99361e-12
-3.9968e-12
1.46549e-11
-5.32907e-12
-2.57572e-11
-9.32587e-12
-2.57572e-11
-9.76996e-12
-2.35367e-11
-3.28626e-11
0
-2.70894e-11
2.22045e-12
-8.43769e-12
-1.77636e-11
-8.43769e-12
-8.43769e-12
-1.33227e-12
-7.99361e-12
-3.64153e-11
-7.99361e-12
0
-4.44089e-13
-6.66134e-12
1.73195e-11
-7.54952e-12
2.22045e-11
8.88178e-13
3.55271e-12
-5.77316e-12
-1.9984e-11
1.90958e-11
4.44089e-13
-1.55431e-11
-8.88178e-12
-1.19904e-11
5.32907e-12
-1.33227e-12
-1.55431e-11
-1.95399e-11
-1.55431e-11
-2.70894e-11
3.9968e-12
-2.22045e-12
-1.73195e-11
-8.88178e-13
-4.88498e-12
8.43769e-12
1.19904e-11
7.99361e-12
1.19904e-11
1.77636e-12
-3.9968e-12
-4.44089e-13
2.39808e-11
-4.44089e-13
-4.44089e-12
0
1.82077e-11
0
1.82077e-11
2.35367e-11
-5.77316e-12
1.11022e-11
1.24345e-11
2.13163e-11
-4.88498e-12
-2.22045e-12
-1.24345e-11
-2.30926e-11
-1.28786e-11
-1.86517e-11
-1.59872e-11
1.02141e-11
-1.33227e-11
1.11022e-11
6.66134e-12
-7.10543e-12
4.44089e-13
1.86517e-11
-1.77636e-11
3.10862e-12
-6.66134e-12
-2.22045e-12
1.33227e-11
-7.10543e-12
8.88178e-12
6.21725e-12
1.9984e-11
5.4623e-11
2.04281e-11
2.53131e-11
5.15143e-11
5.77316e-12
1.59872e-11
5.77316e-12
-2.22045e-12
1.24345e-11
5.32907e-12
3.64153e-11
2.35367e-11
0
4.44089e-11
-4.44089e-12
5.77316e-12
-4.44089e-13
-1.77636e-11
-4.44089e-13
-2.9754e-11
-3.41949e-11
-4.44089e-13
-2.4869e-11
-4.08562e-11
-2.17604e-11
7.10543e-12
-1.19904e-11
-6.66134e-12
-2.39808e-11
-5.28466e-11
-4.4853e-11
-2.22045e-11
-7.10543e-12
-5.24025e-11
2.22045e-12
-2.4869e-11
1.77636e-12
1.46549e-11
-1.95399e-11
-2.22045e-11
-1.68754e-11
-2.22045e-11
1.42109e-11
-8.43769e-12
1.73195e-11
-6.21725e-12
3.9968e-12
0
1.64313e-11
1.73195e-11
1.24345e-11
-2.22045e-12
0
1.68754e-11
-9.76996e-12
8.43769e-12
-1.77636e-12
1.77636e-12
1.90958e-11
1.5099e-11
2.30926e-11
7.99361e-12
-6.66134e-12
1.86517e-11
0
3.55271e-12
0
3.55271e-12
-1.64313e-11
-1.68754e-11
3.55271e-12
1.77636e-11
3.55271e-12
-1.64313e-11
-5.77316e-12
-7.10543e-12
-1.86517e-11
-1.77636e-12
-4.44089e-12
-1.33227e-11
-5.77316e-12
1.24345e-11
1.02141e-11
-3.9968e-12
6.66134e-12
-1.28786e-11
6.66134e-12
-2.26485e-11
2.39808e-11
1.90958e-11
-1.28786e-11
6.66134e-12
-1.33227e-11
2.39808e-11
2.04281e-11
2.22045e-11
1.77636e-11
4.44089e-13
2.66454e-12
5.19584e-11
6.21725e-12
2.22045e-12
5.32907e-12
2.22045e-12
1.77636e-12
1.24345e-11
-2.22045e-12
2.22045e-11
-2.22045e-12
3.86358e-11
1.24345e-11
1.77636e-12
1.24345e-11
-2.22045e-12
8.88178e-13
0
-3.33067e-11
-4.88498e-12
8.88178e-13
-3.37508e-11
-1.5099e-11
-3.33067e-11
-1.33227e-12
-4.44089e-12
-1.33227e-12
-2.57572e-11
-3.95239e-11
-2.26485e-11
-2.26485e-11
-3.86358e-11
-1.86517e-11
-3.24185e-11
-2.66454e-11
1.33227e-12
-1.33227e-12
-4.88498e-12
-2.04281e-11
-1.73195e-11
-2.22045e-11
-2.66454e-12
3.10862e-12
-7.10543e-12
-4.88498e-12
-1.15463e-11
6.21725e-12
1.9984e-11
4.44089e-12
2.35367e-11
1.11022e-11
-1.82077e-11
1.59872e-11
-1.42109e-11
1.9984e-11
-1.33227e-11
-1.5099e-11
-2.66454e-12
2.08722e-11
2.26485e-11
1.02141e-11
-1.11022e-11
-1.06581e-11
-1.5099e-11
-2.66454e-12
7.10543e-12
-1.33227e-11
3.55271e-12
-8.88178e-13
4.44089e-13
1.11022e-11
-4.44089e-13
3.10862e-12
0
3.55271e-12
6.66134e-12
2.66454e-12
7.54952e-12
-2.17604e-11
-4.88498e-12
-7.99361e-12
-5.77316e-12
2.39808e-11
2.08722e-11
5.77316e-12
8.43769e-12
2.22045e-12
0
-6.66134e-12
-6.21725e-12
-1.33227e-11
0
0
2.22045e-12
0
-6.66134e-12
1.68754e-11
1.77636e-12
5.28466e-11
3.10862e-12
5.19584e-11
1.42109e-11
-4.88498e-12
-8.88178e-13
-4.44089e-12
-3.10862e-12
9.76996e-12
2.66454e-12
4.44089e-11
3.55271e-12
4.75175e-11
1.77636e-11
-3.9968e-12
9.32587e-12
-3.9968e-12
7.99361e-12
2.22045e-12
-5.32907e-12
-7.10543e-12
-8.43769e-12
-3.37508e-11
-2.9754e-11
-1.5099e-11
-7.10543e-12
-1.33227e-12
-4.44089e-12
-3.55271e-12
-2.22045e-12
-1.42109e-11
-8.43769e-12
-3.4639e-11
-3.55271e-11
4.44089e-13
-3.9968e-12
-3.10862e-12
1.33227e-12
-2.35367e-11
-1.82077e-11
2.66454e-12
8.88178e-13
-3.10862e-12
-4.88498e-12
1.15463e-11
-1.55431e-11
-2.35367e-11
-1.5099e-11
-1.82077e-11
-1.46549e-11
7.10543e-12
-1.11022e-11
-1.11022e-11
7.10543e-12
0
-2.66454e-12
-1.46549e-11
-1.33227e-11
1.15463e-11
8.43769e-12
-7.10543e-12
-3.55271e-12
-1.73195e-11
-1.9984e-11
-7.99361e-12
0
1.28786e-11
2.17604e-11
0
2.22045e-12
-1.5099e-11
7.99361e-12
0
-2.44249e-11
-1.33227e-11
-1.73195e-11
2.66454e-12
0
-7.54952e-12
3.55271e-12
-9.32587e-12
-1.33227e-12
8.88178e-13
4.44089e-12
1.24345e-11
2.08722e-11
4.44089e-12
-2.66454e-12
2.35367e-11
1.42109e-11
1.06581e-11
2.22045e-12
-2.22045e-12
2.26485e-11
7.99361e-12
0
6.66134e-12
6.66134e-12
1.77636e-11
1.28786e-11
2.13163e-11
1.28786e-11
1.33227e-11
1.37668e-11
3.55271e-12
-8.88178e-13
7.54952e-12
3.59712e-11
-2.22045e-12
1.33227e-12
1.28786e-11
8.43769e-12
8.88178e-12
-3.9968e-12
7.99361e-12
2.17604e-11
8.43769e-12
4.04121e-11
-4.44089e-13
-3.55271e-12
-2.13163e-11
-1.82077e-11
0
-3.19744e-11
-3.55271e-12
-3.9968e-12
-1.15463e-11
0
-3.55271e-12
-2.22045e-11
-2.66454e-11
-1.77636e-12
-5.77316e-12
-2.79776e-11
4.44089e-13
-1.9984e-11
0
-5.32907e-12
0
-6.21725e-12
0
1.28786e-11
4.44089e-13
-1.59872e-11
-1.82077e-11
-1.55431e-11
-9.76996e-12
-2.66454e-12
-1.46549e-11
1.77636e-11
-1.5099e-11
-1.68754e-11
-1.46549e-11
-5.32907e-12
-8.43769e-12
1.90958e-11
-1.19904e-11
8.88178e-13
4.44089e-12
1.11022e-11
-5.32907e-12
1.02141e-11
4.44089e-13
-8.88178e-13
5.77316e-12
-4.44089e-13
2.17604e-11
-1.90958e-11
-4.44089e-13
-6.66134e-12
0
1.02141e-11
-4.44089e-13
-1.33227e-11
4.44089e-12
0
1.37668e-11
-1.33227e-12
-2.04281e-11
-6.21725e-12
1.77636e-12
-2.22045e-11
-9.76996e-12
1.64313e-11
-5.77316e-12
1.9984e-11
-2.17604e-11
1.37668e-11
2.04281e-11
6.21725e-12
1.59872e-11
-4.44089e-13
2.08722e-11
1.68754e-11
-4.44089e-12
-1.90958e-11
-1.46549e-11
-1.82077e-11
1.68754e-11
8.88178e-13
3.55271e-11
1.77636e-11
9.76996e-12
3.59712e-11
2.17604e-11
3.19744e-11
2.17604e-11
4.13003e-11
-4.44089e-12
8.88178e-13
3.73035e-11
8.43769e-12
0
3.41949e-11
8.43769e-12
5.19584e-11
1.24345e-11
5.55112e-11
-4.44089e-12
-3.10862e-11
-7.10543e-12
-1.46549e-11
-3.64153e-11
-2.9754e-11
-3.55271e-12
-7.10543e-12
-2.22045e-11
-9.32587e-12
-1.19904e-11
-5.63993e-11
-1.42109e-11
0
-4.84057e-11
-5.32907e-11
-1.68754e-11
-3.9968e-12
-2.30926e-11
-1.15463e-11
-1.73195e-11
-2.44249e-11
-1.55431e-11
1.64313e-11
0
-4.44089e-12
7.54952e-12
-1.55431e-11
1.68754e-11
-1.11022e-11
-9.32587e-12
2.04281e-11
-7.99361e-12
-8.88178e-13
1.33227e-11
1.73195e-11
1.5099e-11
-2.66454e-12
1.9984e-11
7.54952e-12
1.15463e-11
1.64313e-11
1.11022e-11
-2.04281e-11
-8.43769e-12
-2.66454e-12
-7.54952e-12
0
8.88178e-13
1.59872e-11
-4.44089e-13
3.55271e-12
1.5099e-11
8.88178e-13
-2.44249e-11
6.66134e-12
3.55271e-12
-1.77636e-11
3.10862e-12
-7.54952e-12
-7.99361e-12
-1.64313e-11
-8.43769e-12
-3.55271e-12
-6.66134e-12
-1.24345e-11
-2.22045e-12
2.04281e-11
-7.99361e-12
-5.77316e-12
8.88178e-13
-4.44089e-13
2.22045e-12
0
4.44089e-13
-2.44249e-11
-4.44089e-13
1.33227e-11
0
-9.76996e-12
1.33227e-11
2.62013e-11
2.04281e-11
2.04281e-11
1.9984e-11
5.10703e-11
3.9968e-12
-4.88498e-12
8.43769e-12
1.11022e-11
1.77636e-11
2.66454e-12
4.44089e-12
-2.22045e-12
2.4869e-11
5.50671e-11
-3.9968e-12
5.32907e-12
-4.44089e-12
2.30926e-11
3.28626e-11
2.9754e-11
-3.55271e-11
-3.55271e-12
-5.77316e-12
4.44089e-13
-3.15303e-11
-3.55271e-11
-7.54952e-12
-3.24185e-11
-7.10543e-12
1.90958e-11
-4.08562e-11
-7.10543e-12
-4.17444e-11
-2.22045e-12
-7.10543e-12
-4.08562e-11
1.95399e-11
-3.86358e-11
-3.24185e-11
-3.10862e-11
1.33227e-12
-8.88178e-13
-3.37508e-11
-3.24185e-11
-3.10862e-12
-5.32907e-12
3.64153e-11
-4.44089e-13
-4.44089e-13
0
5.77316e-12
3.33067e-11
3.10862e-12
-3.24185e-11
-6.21725e-12
-8.88178e-13
0
0
-3.55271e-12
-8.88178e-13
3.15303e-11
4.44089e-13
3.86358e-11
3.01981e-11
3.28626e-11
5.77316e-12
-3.24185e-11
-5.77316e-12
0
1.11022e-11
0
4.44089e-12
-3.10862e-12
3.15303e-11
-2.04281e-11
0
1.06581e-11
3.95239e-11
-4.44089e-13
-5.32907e-12
0
-3.9968e-12
0
-2.9754e-11
-3.01981e-11
4.44089e-13
2.22045e-12
0
3.68594e-11
-3.73035e-11
3.33067e-11
-3.73035e-11
5.32907e-12
-2.9754e-11
-5.32907e-12
7.99361e-12
-3.73035e-11
-3.95239e-11
4.44089e-12
3.90799e-11
-3.24185e-11
3.73035e-11
8.88178e-13
-1.33227e-12
0
0
3.28626e-11
3.95239e-11
-3.01981e-11
3.90799e-11
-3.24185e-11
3.68594e-11
3.33067e-11
-8.88178e-13
7.54952e-12
0
3.90799e-11
3.95239e-11
-2.84217e-11
-2.84217e-11
-3.37508e-11
-2.88658e-11
-2.84217e-11
-3.24185e-11
-2.88658e-11
-3.10862e-11
-2.84217e-11
2.84217e-11
-2.88658e-11
-2.84217e-11
-2.9754e-11
-2.84217e-11
-2.88658e-11
-3.06422e-11
-2.84217e-11
-3.55271e-11
-2.88658e-11
2.84217e-11
4.44089e-13
8.88178e-13
8.88178e-13
-6.66134e-12
-6.66134e-12
3.4639e-11
-6.66134e-12
3.33067e-11
-6.66134e-12
5.77316e-12
0
3.33067e-11
-8.88178e-13
3.41949e-11
3.41949e-11
3.33067e-11
3.41949e-11
1.33227e-12
3.41949e-11
6.21725e-12
-4.44089e-13
-7.54952e-12
3.55271e-12
3.9968e-11
3.9968e-11
1.33227e-12
3.9968e-11
-1.82077e-11
3.9968e-11
4.44089e-13
0
-3.41949e-11
-3.55271e-12
-3.41949e-11
-3.41949e-11
0
-3.41949e-11
3.59712e-11
-3.64153e-11
-1.77636e-12
-3.9968e-12
6.21725e-12
0
-3.41949e-11
-1.24345e-11
-3.77476e-11
-3.41949e-11
-1.42109e-11
-3.64153e-11
-1.77636e-12
0
-6.21725e-12
0
3.41949e-11
3.4639e-11
0
3.41949e-11
8.88178e-13
3.64153e-11
1.77636e-12
3.86358e-11
2.88658e-11
3.37508e-11
3.5083e-11
1.28786e-11
3.86358e-11
3.5083e-11
-8.88178e-13
3.73035e-11
-3.33067e-11
3.5083e-11
3.55271e-11
3.68594e-11
1.33227e-12
1.33227e-12
1.33227e-12
1.33227e-12
-3.33067e-11
1.33227e-12
-3.4639e-11
-2.35367e-11
-6.66134e-12
-8.88178e-12
-7.54952e-12
-6.66134e-12
-9.76996e-12
-7.54952e-12
-1.24345e-11
-2.44249e-11
4.44089e-12
0
-2.4869e-11
-5.32907e-12
-1.19904e-11
-1.19904e-11
1.77636e-12
-1.19904e-11
-2.08722e-11
-1.15463e-11
-2.88658e-11
1.82077e-11
2.22045e-12
1.77636e-12
3.10862e-12
2.66454e-12
5.77316e-12
1.33227e-12
-3.10862e-12
1.77636e-11
-3.64153e-11
-1.19904e-11
1.77636e-11
-4.44089e-13
0
0
0
4.44089e-13
7.10543e-12
4.44089e-13
-3.10862e-12
-2.22045e-12
-2.22045e-12
7.99361e-12
-2.66454e-12
-2.66454e-12
4.44089e-12
-1.33227e-12
1.19904e-11
5.32907e-12
3.77476e-11
4.88498e-12
-8.88178e-13
-9.32587e-12
4.88498e-12
4.88498e-12
0
4.88498e-12
1.42109e-11
4.88498e-12
3.41949e-11
5.32907e-12
0
-4.88498e-12
6.66134e-12
6.66134e-12
-1.86517e-11
6.66134e-12
-5.32907e-12
0
-5.32907e-12
7.10543e-12
8.88178e-13
-1.77636e-12
0
0
0
0
1.33227e-12
0
-3.10862e-11
3.41949e-11
6.21725e-12
5.77316e-12
-2.22045e-12
-2.22045e-12
1.64313e-11
-2.22045e-12
4.44089e-13
-2.22045e-12
5.77316e-12
3.28626e-11
5.77316e-12
1.5099e-11
4.44089e-12
4.44089e-12
-2.22045e-12
4.44089e-12
-6.66134e-12
4.44089e-12
3.33067e-11
-1.19904e-11
6.21725e-12
-2.22045e-11
-1.19904e-11
-3.41949e-11
-1.19904e-11
-1.19904e-11
1.77636e-12
-1.19904e-11
4.88498e-12
0
-7.99361e-12
0
0
-4.84057e-11
-1.9984e-11
-1.33227e-11
5.32907e-12
-1.33227e-11
-3.10862e-11
-1.06581e-11
-6.21725e-12
8.43769e-12
-1.02141e-11
-6.21725e-12
1.33227e-12
-1.06581e-11
-9.32587e-12
-1.19904e-11
-1.24345e-11
-2.35367e-11
-1.02141e-11
0
-2.39808e-11
-1.02141e-11
-3.55271e-12
-1.02141e-11
0
-1.02141e-11
-3.55271e-12
1.02141e-11
-5.32907e-12
1.24345e-11
1.02141e-11
-5.32907e-12
-1.77636e-12
1.02141e-11
-6.21725e-12
2.35367e-11
-2.22045e-11
1.90958e-11
8.88178e-13
0
1.90958e-11
8.88178e-13
1.06581e-11
1.90958e-11
0
1.82077e-11
0
9.32587e-12
-8.88178e-13
-2.53131e-11
1.19904e-11
-8.88178e-13
1.02141e-11
1.19904e-11
1.59872e-11
-1.11022e-11
-2.66454e-12
0
0
0
-8.88178e-13
0
0
-8.88178e-13
-3.10862e-12
-8.43769e-12
0
-3.55271e-12
1.33227e-11
5.37348e-11
-5.32907e-12
1.33227e-11
-4.88498e-12
-5.32907e-12
3.19744e-11
5.32907e-12
3.73035e-11
-8.88178e-13
2.4869e-11
2.84217e-11
-8.88178e-13
2.4869e-11
7.99361e-12
-8.88178e-13
3.06422e-11
7.99361e-12
4.08562e-11
-5.32907e-12
1.33227e-12
-7.99361e-12
-5.32907e-12
1.33227e-12
-5.77316e-12
-7.10543e-12
-3.5083e-11
-7.10543e-12
-3.24185e-11
-8.43769e-12
1.33227e-12
2.22045e-12
-5.77316e-12
1.33227e-12
-1.15463e-11
-4.88498e-12
-3.37508e-11
-4.88498e-12
-8.88178e-13
-1.55431e-11
-7.10543e-12
-1.02141e-11
1.77636e-12
1.77636e-12
-4.44089e-13
2.66454e-12
-2.22045e-12
2.66454e-12
3.19744e-11
-1.5099e-11
0
0
-1.82077e-11
-4.44089e-13
6.21725e-12
-1.82077e-11
-1.77636e-12
-1.82077e-11
-3.19744e-11
2.04281e-11
9.76996e-12
3.55271e-12
-2.08722e-11
-1.77636e-12
-6.66134e-12
-7.10543e-12
-8.43769e-12
-2.08722e-11
-3.24185e-11
-4.44089e-13
-2.66454e-12
-1.02141e-11
2.22045e-11
-2.66454e-12
-1.82077e-11
2.22045e-11
-7.99361e-12
2.22045e-11
-4.44089e-13
8.88178e-13
-2.04281e-11
0
2.4869e-11
-3.55271e-12
-1.02141e-11
-4.88498e-12
1.24345e-11
2.4869e-11
0
1.19904e-11
4.88498e-12
-6.66134e-12
-2.39808e-11
2.22045e-12
0
-1.02141e-11
-2.22045e-12
-2.39808e-11
4.44089e-13
-6.66134e-12
2.30926e-11
4.52971e-11
-8.88178e-13
9.76996e-12
2.26485e-11
1.5099e-11
3.06422e-11
-8.88178e-13
3.24185e-11
4.44089e-12
3.55271e-12
4.61853e-11
2.44249e-11
5.77316e-12
2.22045e-11
1.06581e-11
4.35207e-11
2.44249e-11
3.33067e-11
-1.24345e-11
-1.77636e-12
-2.22045e-11
-1.24345e-11
-8.88178e-13
-1.24345e-11
-1.24345e-11
-2.22045e-11
-1.33227e-12
4.44089e-12
-2.44249e-11
-2.4869e-11
0
-2.22045e-12
-2.39808e-11
-6.66134e-12
-2.44249e-11
0
-2.39808e-11
-3.5083e-11
-1.02141e-11
0
8.43769e-12
4.44089e-12
0
2.66454e-12
5.32907e-12
8.43769e-12
-2.35367e-11
-1.19904e-11
1.73195e-11
0
-1.06581e-11
-2.13163e-11
0
0
0
-1.06581e-11
0
0
7.99361e-12
-5.77316e-12
-9.32587e-12
-7.10543e-12
-1.37668e-11
-5.32907e-12
-7.10543e-12
3.9968e-12
1.02141e-11
-2.39808e-11
-7.10543e-12
1.82077e-11
7.99361e-12
9.76996e-12
9.76996e-12
-7.10543e-12
9.76996e-12
7.99361e-12
9.76996e-12
6.66134e-12
1.24345e-11
5.32907e-12
1.55431e-11
3.10862e-12
1.37668e-11
1.24345e-11
3.10862e-12
-4.88498e-12
2.22045e-12
-8.88178e-13
7.10543e-12
-1.86517e-11
3.10862e-12
6.66134e-12
-1.06581e-11
1.37668e-11
6.66134e-12
1.33227e-12
7.54952e-12
-7.99361e-12
1.77636e-12
3.33067e-11
3.41949e-11
1.15463e-11
3.33067e-11
1.33227e-12
1.15463e-11
4.08562e-11
1.15463e-11
3.81917e-11
6.66134e-12
5.72875e-11
2.84217e-11
6.66134e-12
5.72875e-11
4.44089e-13
6.66134e-12
3.06422e-11
6.66134e-12
4.04121e-11
-3.28626e-11
-1.82077e-11
-7.10543e-12
0
-4.57412e-11
-6.66134e-12
0
-3.55271e-12
0
-3.86358e-11
-4.4853e-11
5.77316e-12
0
0
-3.4639e-11
-1.19904e-11
0
8.88178e-13
0
-1.77636e-12
-3.9968e-12
2.22045e-12
2.66454e-12
-2.39808e-11
1.24345e-11
2.66454e-12
-6.66134e-12
4.44089e-13
-2.39808e-11
3.55271e-11
1.15463e-11
-1.33227e-11
-2.66454e-12
-6.66134e-12
-1.37668e-11
9.32587e-12
-1.19904e-11
-2.53131e-11
-1.11022e-11
-3.68594e-11
3.10862e-12
2.17604e-11
-1.5099e-11
2.39808e-11
-8.88178e-13
-1.55431e-11
6.66134e-12
3.10862e-12
2.30926e-11
4.44089e-13
-4.88498e-12
1.28786e-11
-6.21725e-12
6.21725e-12
1.28786e-11
-2.22045e-12
1.06581e-11
1.9984e-11
1.06581e-11
3.64153e-11
-1.33227e-12
-1.33227e-11
8.43769e-12
-3.9968e-12
-1.28786e-11
1.9984e-11
-7.99361e-12
-2.22045e-11
-3.10862e-12
-3.15303e-11
0
4.44089e-13
-1.06581e-11
0
-4.44089e-13
0
0
-7.99361e-12
0
0
-4.44089e-13
1.46549e-11
7.99361e-12
2.44249e-11
1.19904e-11
8.88178e-13
9.76996e-12
2.26485e-11
4.88498e-12
3.24185e-11
3.55271e-12
1.77636e-12
1.64313e-11
1.9984e-11
-1.77636e-12
5.77316e-12
1.77636e-12
1.37668e-11
1.77636e-12
4.44089e-13
-4.57412e-11
6.21725e-12
1.33227e-12
-4.61853e-11
-3.41949e-11
-4.61853e-11
-4.61853e-11
-3.33067e-11
-3.5083e-11
-1.37668e-11
-5.86198e-11
5.77316e-12
-3.9968e-12
-3.90799e-11
-3.4639e-11
-5.81757e-11
-3.90799e-11
-4.13003e-11
-3.95239e-11
-1.77636e-12
7.54952e-12
-1.64313e-11
-3.9968e-12
4.44089e-12
-7.10543e-12
7.99361e-12
8.88178e-13
-4.44089e-13
-9.76996e-12
-2.22045e-11
0
-1.37668e-11
7.10543e-12
3.9968e-12
-1.33227e-11
2.53131e-11
-1.82077e-11
-1.5099e-11
-1.82077e-11
-3.64153e-11
3.9968e-12
4.88498e-12
0
6.21725e-12
6.66134e-12
8.88178e-13
9.76996e-12
0
7.54952e-12
3.28626e-11
2.30926e-11
1.37668e-11
-1.90958e-11
1.77636e-12
1.28786e-11
-2.04281e-11
2.30926e-11
-1.33227e-12
2.30926e-11
3.64153e-11
-4.44089e-13
1.06581e-11
0
-2.22045e-12
0
-8.88178e-12
-2.4869e-11
-1.15463e-11
0
-3.55271e-11
-2.44249e-11
-2.30926e-11
7.99361e-12
-5.77316e-12
-2.30926e-11
2.04281e-11
-2.30926e-11
1.82077e-11
-3.9968e-12
-3.24185e-11
1.77636e-12
4.44089e-13
6.66134e-12
-3.10862e-12
4.44089e-13
7.99361e-12
2.53131e-11
8.43769e-12
3.10862e-12
2.93099e-11
2.44249e-11
2.39808e-11
1.15463e-11
-8.88178e-13
2.39808e-11
-3.55271e-12
2.39808e-11
3.10862e-12
4.44089e-12
2.57572e-11
-3.24185e-11
-3.33067e-11
-8.43769e-12
1.33227e-12
-4.44089e-13
-3.19744e-11
-2.22045e-11
-8.88178e-12
3.10862e-12
2.79776e-11
-2.26485e-11
-4.39648e-11
-2.66454e-11
0
-1.77636e-12
-2.30926e-11
4.44089e-13
-3.10862e-12
2.22045e-12
2.08722e-11
0
-2.22045e-11
-9.32587e-12
-8.88178e-13
1.33227e-12
3.10862e-12
2.08722e-11
7.99361e-12
-8.88178e-13
3.9968e-12
0
4.44089e-12
1.9984e-11
0
-7.10543e-12
1.77636e-12
-1.77636e-12
-9.32587e-12
0
-2.30926e-11
-1.59872e-11
1.02141e-11
8.88178e-12
-3.10862e-12
-1.28786e-11
3.55271e-12
-2.44249e-11
-1.46549e-11
-4.44089e-12
-3.59712e-11
0
-1.55431e-11
0
4.44089e-13
-1.55431e-11
4.44089e-13
0
0
0
0
6.66134e-12
9.32587e-12
1.33227e-12
-1.77636e-11
7.10543e-12
0
8.88178e-13
7.99361e-12
-1.5099e-11
3.9968e-12
-3.55271e-12
0
0
0
0
-3.55271e-12
0
1.11022e-11
0
4.44089e-13
1.11022e-11
2.66454e-12
7.99361e-12
2.17604e-11
3.77476e-11
3.9968e-12
2.57572e-11
3.9968e-12
2.08722e-11
1.15463e-11
-2.22045e-12
2.22045e-11
6.21725e-12
4.44089e-13
5.55112e-11
3.9968e-12
2.22045e-12
-2.22045e-12
4.44089e-13
1.42109e-11
-4.44089e-13
-5.77316e-12
1.33227e-12
-3.41949e-11
-4.61853e-11
-4.13003e-11
-3.41949e-11
-3.33067e-11
-3.41949e-11
-3.41949e-11
-2.39808e-11
-7.54952e-12
2.66454e-12
-4.84057e-11
-4.79616e-11
-3.95239e-11
-4.84057e-11
-5.15143e-11
-4.84057e-11
-3.77476e-11
-4.44089e-12
-4.88498e-12
-3.55271e-12
-6.21725e-12
5.32907e-12
2.66454e-12
-1.02141e-11
-1.28786e-11
-1.02141e-11
-8.88178e-13
0
8.43769e-12
-2.22045e-12
1.19904e-11
7.99361e-12
7.10543e-12
8.43769e-12
-5.77316e-12
8.43769e-12
3.9968e-12
3.9968e-12
-7.99361e-12
3.55271e-12
6.21725e-12
-1.77636e-11
1.33227e-12
9.76996e-12
-1.15463e-11
7.54952e-12
-7.10543e-12
0
-1.86517e-11
-5.77316e-12
1.77636e-12
-1.86517e-11
-6.21725e-12
4.88498e-12
1.95399e-11
4.88498e-12
-8.88178e-13
-7.99361e-12
2.39808e-11
-2.39808e-11
4.44089e-13
2.39808e-11
-2.22045e-12
-8.88178e-13
2.13163e-11
3.55271e-12
3.55271e-12
1.82077e-11
0
-1.02141e-11
0
0
0
4.44089e-13
-1.9984e-11
-2.66454e-12
-6.66134e-12
2.66454e-12
3.15303e-11
2.35367e-11
1.9984e-11
3.15303e-11
6.21725e-12
-8.88178e-13
-1.33227e-12
-2.66454e-12
3.73035e-11
-4.44089e-13
5.50671e-11
1.59872e-11
1.9984e-11
5.50671e-11
5.77316e-12
-1.77636e-12
1.86517e-11
8.88178e-13
4.04121e-11
-3.77476e-11
3.41949e-11
4.44089e-13
-3.77476e-11
-1.33227e-12
-3.77476e-11
-3.77476e-11
-3.41949e-11
-3.77476e-11
3.37508e-11
-4.13003e-11
-6.21725e-12
-3.24185e-11
-4.13003e-11
-4.13003e-11
-3.41949e-11
-4.13003e-11
-3.37508e-11
-4.13003e-11
4.44089e-13
-3.55271e-12
-3.10862e-12
-1.28786e-11
2.66454e-12
-3.37508e-11
3.55271e-12
8.88178e-13
0
2.66454e-12
-3.24185e-11
7.54952e-12
7.10543e-12
3.01981e-11
7.54952e-12
6.66134e-12
2.79776e-11
7.54952e-12
-6.21725e-12
7.54952e-12
2.79776e-11
3.10862e-12
3.10862e-12
-1.95399e-11
-1.77636e-12
0
0
-1.33227e-12
2.84217e-11
4.44089e-13
3.24185e-11
-3.10862e-12
-8.88178e-13
-3.33067e-11
1.90958e-11
-8.88178e-13
-2.79776e-11
0
-1.33227e-12
0
-2.22045e-12
3.10862e-12
-3.64153e-11
0
1.77636e-12
-2.22045e-12
3.19744e-11
3.55271e-12
-3.15303e-11
0
-8.88178e-13
3.37508e-11
-2.22045e-12
4.44089e-13
-2.62013e-11
-2.22045e-12
3.15303e-11
-7.99361e-12
7.99361e-12
3.28626e-11
-2.4869e-11
3.24185e-11
3.10862e-11
3.19744e-11
3.33067e-11
3.10862e-11
-3.15303e-11
4.44089e-13
3.55271e-12
0
-3.28626e-11
3.55271e-12
3.10862e-11
3.5083e-11
4.04121e-11
3.10862e-11
-3.24185e-11
7.54952e-12
0
-3.28626e-11
-8.88178e-13
)
;

boundaryField
{
    frontAndBack
    {
        type            calculated;
        value           nonuniform List<scalar> 
600
(
-4.69402e-10
-4.54303e-10
6.21725e-12
-1.59872e-11
-6.66134e-12
0
1.24345e-11
4.44089e-13
-2.75335e-11
-1.55431e-11
-3.9968e-12
-4.88498e-12
0
3.55271e-12
-4.44089e-12
-3.55271e-12
2.13163e-11
3.10862e-12
4.66738e-10
4.79172e-10
1.02141e-11
7.99361e-12
-3.9968e-12
-1.33227e-11
3.10862e-12
-8.88178e-13
3.55271e-12
2.35367e-11
-1.06581e-11
-1.68754e-11
-1.59872e-11
-3.10862e-12
4.88498e-12
-1.37668e-11
-4.44089e-12
8.88178e-13
1.59872e-11
8.43769e-12
1.37668e-11
1.86517e-11
-3.10862e-12
-7.54952e-12
3.5083e-11
0
-3.90799e-11
6.21725e-12
7.54952e-12
3.10862e-11
-4.44089e-13
-2.9754e-11
-7.10543e-12
4.44089e-13
3.86358e-11
-7.54952e-12
-3.15303e-11
3.68594e-11
4.44089e-13
0
3.15303e-11
2.22045e-12
-3.10862e-12
-7.54952e-12
0
5.77316e-12
-3.9968e-12
2.04281e-11
2.66454e-12
-2.08722e-11
3.64153e-11
3.41949e-11
-3.24185e-11
-3.24185e-11
3.19744e-11
3.19744e-11
-3.86358e-11
0
3.86358e-11
-3.19744e-11
-6.21725e-12
2.4869e-11
-7.10543e-12
3.01981e-11
3.9968e-12
0
3.28626e-11
-1.15463e-11
-2.93099e-11
0
-1.33227e-12
-1.9984e-11
-3.33067e-11
-3.24185e-11
0
-7.54952e-12
1.33227e-12
0
-4.88498e-12
-4.44089e-13
5.32907e-12
7.10543e-12
2.22045e-11
1.24345e-11
1.33227e-11
0
-4.88498e-12
1.06581e-11
1.33227e-12
-9.76996e-12
4.42313e-10
4.59188e-10
7.10543e-12
-1.24345e-11
-1.33227e-11
0
0
0
1.15463e-11
1.37668e-11
4.82725e-10
4.87166e-10
-2.22045e-12
-3.9968e-12
3.10862e-12
0
-4.88498e-12
0
8.88178e-13
0
1.68754e-11
1.73195e-11
-1.86517e-11
-1.55431e-11
-1.02141e-11
-1.37668e-11
1.33227e-12
1.37668e-11
6.66134e-12
3.9968e-12
7.99361e-12
-1.33227e-12
-6.66134e-12
-7.99361e-12
3.90799e-11
0
-3.28626e-11
7.10543e-12
1.33227e-12
-1.33227e-12
-8.88178e-13
0
-3.24185e-11
-3.95239e-11
-7.10543e-12
0
0
5.77316e-12
3.10862e-12
0
3.68594e-11
3.5083e-11
-6.66134e-12
-7.54952e-12
3.90799e-11
-4.44089e-13
-3.90799e-11
7.10543e-12
3.9968e-12
-7.10543e-12
2.22045e-12
6.21725e-12
-3.24185e-11
-3.95239e-11
-5.32907e-12
0
1.77636e-12
7.54952e-12
-8.88178e-13
2.9754e-11
4.44089e-12
-3.01981e-11
-6.66134e-12
8.88178e-13
7.54952e-12
0
-6.66134e-12
-2.22045e-12
7.10543e-12
4.44089e-13
3.33067e-11
3.41949e-11
-1.33227e-12
-7.10543e-12
0
0
-4.44089e-13
0
-5.77316e-12
5.77316e-12
4.08562e-11
3.5083e-11
-2.84217e-11
-2.79776e-11
4.44089e-13
-8.88178e-13
-7.10543e-12
3.41949e-11
3.9968e-12
-3.64153e-11
3.73035e-11
3.73035e-11
-3.81917e-11
-3.4639e-11
3.55271e-12
1.9984e-11
-1.33227e-12
-2.08722e-11
-5.77316e-12
3.19744e-11
3.95239e-11
3.55271e-12
-3.01981e-11
-3.10862e-11
2.84217e-11
0
4.44089e-12
-4.44089e-13
-3.59712e-11
0
3.86358e-11
3.4639e-11
-3.19744e-11
-3.19744e-11
0
-3.10862e-12
4.44089e-13
-4.44089e-13
2.9754e-11
3.33067e-11
2.22045e-12
1.77636e-12
-3.37508e-11
-3.55271e-11
2.93099e-11
3.37508e-11
-2.88658e-11
-3.41949e-11
1.33227e-12
3.41949e-11
3.37508e-11
1.33227e-12
3.9968e-12
0
-3.86358e-11
-2.79776e-11
3.4639e-11
0
3.9968e-12
2.79776e-11
4.44089e-13
4.44089e-12
-3.81917e-11
-3.73035e-11
3.33067e-11
4.44089e-13
-3.33067e-11
0
-3.55271e-12
2.62013e-11
3.86358e-11
9.32587e-12
-2.84217e-11
-2.9754e-11
1.33227e-12
0
3.24185e-11
-4.44089e-13
-3.15303e-11
-4.44089e-13
3.4639e-11
3.4639e-11
-3.19744e-11
-3.19744e-11
0
0
0
0
-6.66134e-12
-3.55271e-12
7.54952e-12
2.66454e-12
-3.33067e-11
-3.68594e-11
-3.10862e-12
3.15303e-11
-8.88178e-13
8.88178e-13
2.66454e-12
0
3.19744e-11
3.9968e-12
3.28626e-11
-7.10543e-12
-3.24185e-11
-4.44089e-13
-3.55271e-12
0
-4.44089e-13
3.68594e-11
4.44089e-12
-3.01981e-11
2.9754e-11
1.90958e-11
-3.10862e-11
0
-8.88178e-13
1.11022e-11
-5.32907e-12
-3.73035e-11
3.90799e-11
3.90799e-11
-3.55271e-11
-4.08562e-11
1.33227e-12
5.77316e-12
3.15303e-11
0
0
3.33067e-11
-3.24185e-11
-3.24185e-11
-3.55271e-12
-7.10543e-12
-8.88178e-13
3.33067e-11
4.44089e-13
4.44089e-12
-3.9968e-12
-3.73035e-11
3.73035e-11
3.68594e-11
-5.77316e-12
-4.17444e-11
-3.37508e-11
3.10862e-12
3.86358e-11
-3.10862e-12
0
5.32907e-12
8.88178e-13
3.33067e-11
4.44089e-13
-2.22045e-12
-3.24185e-11
-3.24185e-11
3.01981e-11
3.15303e-11
-2.9754e-11
-2.9754e-11
-1.33227e-12
-8.88178e-13
-3.15303e-11
-7.10543e-12
-3.10862e-12
-6.21725e-12
3.28626e-11
-2.04281e-11
-3.01981e-11
-5.32907e-12
0
7.54952e-12
-3.55271e-11
-4.08562e-11
-5.32907e-12
-8.88178e-13
5.77316e-12
0
4.44089e-13
7.99361e-12
0
0
-7.54952e-12
1.95399e-11
3.64153e-11
0
-3.24185e-11
1.06581e-11
2.22045e-12
-3.73035e-11
3.28626e-11
3.90799e-11
-3.24185e-11
-3.86358e-11
-4.44089e-13
0
-5.77316e-12
3.95239e-11
0
-3.95239e-11
3.95239e-11
3.95239e-11
-2.84217e-11
-2.88658e-11
4.44089e-13
0
-4.44089e-13
0
-3.9968e-12
0
3.86358e-11
3.5083e-11
-2.84217e-11
-2.84217e-11
8.88178e-13
3.33067e-11
-7.54952e-12
-3.41949e-11
6.21725e-12
-6.21725e-12
2.88658e-11
3.55271e-11
-3.37508e-11
-2.9754e-11
8.88178e-13
-8.88178e-13
3.55271e-12
-3.55271e-12
0
0
3.37508e-11
3.68594e-11
-2.88658e-11
-2.84217e-11
-6.66134e-12
3.41949e-11
3.9968e-11
-3.41949e-11
-3.41949e-11
3.41949e-11
3.5083e-11
1.33227e-12
-2.84217e-11
-2.88658e-11
-6.66134e-12
3.41949e-11
3.9968e-11
-3.41949e-11
-1.24345e-11
3.4639e-11
1.28786e-11
1.33227e-12
-3.24185e-11
-3.06422e-11
3.4639e-11
3.33067e-11
1.33227e-12
0
-3.77476e-11
0
3.86358e-11
1.33227e-12
-2.88658e-11
-2.84217e-11
-6.66134e-12
3.41949e-11
3.9968e-11
-3.41949e-11
-3.41949e-11
3.41949e-11
3.5083e-11
1.33227e-12
-3.10862e-11
-3.55271e-11
3.33067e-11
1.33227e-12
-1.82077e-11
3.59712e-11
-1.42109e-11
8.88178e-13
-8.88178e-13
-3.33067e-11
-2.84217e-11
-2.88658e-11
-6.66134e-12
3.41949e-11
3.9968e-11
-3.64153e-11
-3.64153e-11
3.64153e-11
3.73035e-11
1.33227e-12
2.84217e-11
2.84217e-11
5.77316e-12
6.21725e-12
4.44089e-13
-1.77636e-12
-1.77636e-12
1.77636e-12
-3.33067e-11
-3.4639e-11
-3.77476e-11
-4.13003e-11
-3.55271e-12
7.54952e-12
3.10862e-12
-3.10862e-12
3.10862e-12
3.37508e-11
3.24185e-11
3.55271e-12
3.41949e-11
-6.21725e-12
-3.10862e-12
7.10543e-12
3.10862e-12
-8.88178e-13
-3.64153e-11
-2.22045e-12
3.10862e-11
3.10862e-11
4.44089e-13
-3.24185e-11
-1.28786e-11
3.01981e-11
-1.95399e-11
-3.33067e-11
0
4.44089e-13
3.19744e-11
3.5083e-11
-3.77476e-11
-4.13003e-11
2.66454e-12
7.54952e-12
-1.77636e-12
1.90958e-11
1.77636e-12
-2.62013e-11
3.33067e-11
4.04121e-11
-1.33227e-12
-4.13003e-11
-3.37508e-11
6.66134e-12
0
-8.88178e-13
-2.22045e-12
-2.22045e-12
3.10862e-11
3.10862e-11
-3.77476e-11
-3.41949e-11
3.55271e-12
2.79776e-11
0
-2.79776e-11
3.19744e-11
3.15303e-11
-3.15303e-11
-3.24185e-11
-3.77476e-11
-4.13003e-11
8.88178e-13
7.54952e-12
-1.33227e-12
0
3.55271e-12
-7.99361e-12
4.44089e-13
7.54952e-12
-3.41949e-11
-3.37508e-11
0
-6.21725e-12
2.84217e-11
-1.33227e-12
-3.15303e-11
7.99361e-12
3.55271e-12
0
-3.77476e-11
-4.13003e-11
2.66454e-12
7.54952e-12
4.44089e-13
0
0
3.28626e-11
0
-3.28626e-11
3.37508e-11
4.44089e-13
-3.24185e-11
2.79776e-11
3.24185e-11
-2.22045e-12
-8.88178e-13
-2.4869e-11
-3.28626e-11
-8.88178e-13
)
;
    }
    left
    {
        type            calculated;
        value           nonuniform List<scalar> 
100
(
-4.69402e-10
-4.54303e-10
6.21725e-12
-1.59872e-11
-6.66134e-12
0
1.24345e-11
4.44089e-13
-2.75335e-11
-1.55431e-11
-4.77396e-10
-4.66294e-10
2.66454e-12
-1.28786e-11
-5.77316e-12
4.44089e-13
1.15463e-11
-1.33227e-12
4.75175e-10
4.86278e-10
-4.93827e-10
-4.85834e-10
1.33227e-11
-1.24345e-11
-6.21725e-12
0
2.22045e-12
2.30926e-11
4.84057e-10
4.75175e-10
-4.84945e-10
-4.71623e-10
6.66134e-12
-8.88178e-12
-3.10862e-12
-6.21725e-12
7.99361e-12
3.55271e-12
4.72955e-10
4.83613e-10
-4.73399e-10
-4.83169e-10
9.76996e-12
0
-1.86517e-11
5.32907e-12
7.54952e-12
1.77636e-11
4.73399e-10
4.57412e-10
-4.8006e-10
-4.7029e-10
5.32907e-12
-1.28786e-11
3.55271e-12
0
-1.42109e-11
2.30926e-11
5.00489e-10
4.75175e-10
-4.7784e-10
-4.72511e-10
-1.77636e-12
1.19904e-11
1.82077e-11
-4.44089e-12
-4.44089e-12
0
4.77396e-10
4.7784e-10
-4.73843e-10
-4.80949e-10
-3.9968e-12
-1.33227e-12
-1.77636e-12
-1.11022e-11
1.02141e-11
1.11022e-11
4.60076e-10
4.68958e-10
-4.74287e-10
-4.59632e-10
-3.55271e-12
-1.64313e-11
1.64313e-11
1.77636e-12
-7.99361e-12
1.02141e-11
4.66738e-10
4.64961e-10
2.22045e-11
1.24345e-11
1.33227e-11
0
-4.88498e-12
1.06581e-11
1.33227e-12
-9.76996e-12
4.42313e-10
4.59188e-10
)
;
    }
    right
    {
        type            calculated;
        value           nonuniform List<scalar> 
100
(
2.84217e-11
2.84217e-11
5.77316e-12
6.21725e-12
4.44089e-13
-1.77636e-12
-1.77636e-12
1.77636e-12
-3.33067e-11
-3.4639e-11
4.44089e-12
-2.88658e-11
-3.64153e-11
-3.10862e-12
3.77476e-11
3.41949e-11
-5.32907e-12
-3.10862e-11
5.77316e-12
3.33067e-11
4.88498e-12
-3.10862e-11
-1.24345e-11
-3.55271e-12
-2.22045e-11
0
-2.66454e-12
0
3.73035e-11
4.08562e-11
-3.24185e-11
-8.88178e-13
3.19744e-11
-3.19744e-11
-3.24185e-11
-4.44089e-13
0
4.44089e-13
3.24185e-11
3.33067e-11
4.44089e-12
-3.5083e-11
-1.19904e-11
0
-2.39808e-11
6.66134e-12
-8.88178e-13
-7.99361e-12
3.81917e-11
4.04121e-11
-3.86358e-11
-1.77636e-12
3.55271e-11
-3.68594e-11
4.44089e-13
3.64153e-11
-3.15303e-11
0
3.24185e-11
4.44089e-13
-1.37668e-11
-1.77636e-12
-2.22045e-11
-3.64153e-11
3.28626e-11
3.64153e-11
-3.55271e-11
-3.24185e-11
2.93099e-11
2.57572e-11
2.79776e-11
2.08722e-11
3.9968e-12
-2.30926e-11
-3.59712e-11
0
3.9968e-12
4.44089e-13
1.15463e-11
1.42109e-11
-3.41949e-11
-3.77476e-11
-8.88178e-13
3.9968e-12
-7.10543e-12
-8.88178e-13
3.55271e-12
-6.66134e-12
3.73035e-11
4.04121e-11
3.37508e-11
4.44089e-13
-3.24185e-11
2.79776e-11
3.24185e-11
-2.22045e-12
-8.88178e-13
-2.4869e-11
-3.28626e-11
-8.88178e-13
)
;
    }
    lowerWall
    {
        type            calculated;
        value           uniform 0;
    }
    upperWall
    {
        type            calculated;
        value           uniform 0;
    }
}


// ************************************************************************* //
