/*--------------------------------*- C++ -*----------------------------------*\
  =========                 |
  \\      /  F ield         | OpenFOAM: The Open Source CFD Toolbox
   \\    /   O peration     | Website:  https://openfoam.org
    \\  /    A nd           | Version:  10
     \\/     M anipulation  |
\*---------------------------------------------------------------------------*/
FoamFile
{
    format      ascii;
    class       volScalarField;
    location    "1.3";
    object      gradTx;
}
// * * * * * * * * * * * * * * * * * * * * * * * * * * * * * * * * * * * * * //

dimensions      [0 -1 0 1 0 0 0];

internalField   nonuniform List<scalar> 
3000
(
-497.414
-2.57975
-0.00672704
-1.17444e-05
-1.55e-08
-3.59712e-11
7.19425e-11
0
0
6.75016e-11
-497.414
-2.57975
-0.00672704
-1.17444e-05
-1.54978e-08
-3.95239e-11
1.5099e-11
-9.32587e-12
-2.22045e-12
1.33227e-11
-497.414
-2.57975
-0.00672704
-1.17444e-05
-1.55067e-08
-4.44089e-11
0
8.70415e-11
-8.88178e-13
-6.92779e-11
-497.414
-2.57975
-0.00672704
-1.17444e-05
-1.54179e-08
-7.90479e-11
4.44089e-13
-4.44089e-13
-7.37188e-11
5.77316e-12
-497.414
-2.57975
-0.00672704
-1.17444e-05
-1.55005e-08
-3.06422e-11
8.79297e-11
7.41629e-11
-8.61533e-11
-7.14984e-11
-497.414
-2.57975
-0.00672704
-1.17444e-05
-1.54827e-08
-4.44089e-11
-1.42109e-11
8.70415e-11
1.42109e-11
-8.4821e-11
-497.414
-2.57975
-0.00672704
-1.17444e-05
-1.54121e-08
2.22045e-11
2.22045e-12
0
-8.61533e-11
1.42109e-11
-497.414
-2.57975
-0.00672704
-1.17444e-05
-1.5508e-08
-4.70735e-11
7.14984e-11
1.06581e-11
-8.21565e-11
-4.44089e-12
-497.414
-2.57975
-0.00672704
-1.17444e-05
-1.54308e-08
-7.72715e-11
-6.9722e-11
6.30607e-11
-1.68754e-11
-6.39488e-11
-497.414
-2.57975
-0.00672705
-1.17444e-05
-1.54565e-08
3.4639e-11
-6.21725e-12
-7.32747e-11
-6.4837e-11
7.50511e-11
-497.414
-2.57975
-0.00672704
-1.17444e-05
-1.55223e-08
-4.08562e-11
8.74856e-11
2.66454e-12
-7.50511e-11
8.88178e-13
-497.414
-2.57975
-0.00672704
-1.17444e-05
-1.55223e-08
-2.30926e-11
3.68594e-11
-1.64313e-11
8.43769e-12
-2.22045e-12
-497.414
-2.57975
-0.00672704
-1.17444e-05
-1.54912e-08
-3.24185e-11
5.32907e-12
5.24025e-11
1.33227e-12
-2.88658e-11
-497.414
-2.57975
-0.00672704
-1.17444e-05
-1.54832e-08
-6.30607e-11
-1.19904e-11
0
-1.68754e-11
-2.22045e-11
-497.414
-2.57975
-0.00672704
-1.17444e-05
-1.55298e-08
-1.06581e-11
4.88498e-11
4.44089e-13
-4.13003e-11
8.88178e-13
-497.414
-2.57975
-0.00672704
-1.17445e-05
-1.55103e-08
-3.24185e-11
5.32907e-12
5.24025e-11
1.33227e-12
-1.15463e-11
-497.414
-2.57975
-0.00672704
-1.17444e-05
-1.55351e-08
-3.33067e-11
4.9738e-11
-8.88178e-13
-4.08562e-11
-2.62013e-11
-497.414
-2.57975
-0.00672704
-1.17444e-05
-1.54912e-08
-7.4607e-11
4.88498e-12
0
-3.64153e-11
3.64153e-11
-497.414
-2.57975
-0.00672704
-1.17444e-05
-1.54827e-08
-4.21885e-11
-7.99361e-12
-3.28626e-11
-4.39648e-11
2.39808e-11
-497.414
-2.57975
-0.00672705
-1.17444e-05
-1.54814e-08
-4.66294e-11
7.14984e-11
0
-7.72715e-11
1.19904e-11
-497.414
-2.57975
-0.00672704
-1.17444e-05
-1.55067e-08
-4.44089e-11
0
8.70415e-11
-8.88178e-13
-6.92779e-11
-497.414
-2.57975
-0.00672704
-1.17445e-05
-1.55103e-08
5.32907e-12
9.76996e-12
1.5099e-11
-3.55271e-12
1.33227e-12
-497.414
-2.57975
-0.00672704
-1.17444e-05
-1.54596e-08
-7.4607e-11
0
-7.10543e-12
-5.28466e-11
5.19584e-11
-497.414
-2.57975
-0.00672704
-1.17444e-05
-1.55302e-08
-2.26485e-11
4.44089e-11
-2.39808e-11
-2.04281e-11
5.77316e-12
-497.414
-2.57975
-0.00672704
-1.17444e-05
-1.5512e-08
-3.28626e-11
7.10543e-12
8.88178e-13
-7.99361e-12
4.52971e-11
-497.414
-2.57975
-0.00672704
-1.17444e-05
-1.55072e-08
-8.30447e-11
5.28466e-11
-7.10543e-12
-1.37668e-11
5.32907e-11
-497.414
-2.57975
-0.00672704
-1.17444e-05
-1.5512e-08
-2.75335e-11
2.30926e-11
0
-1.59872e-11
1.59872e-11
-497.414
-2.57975
-0.00672704
-1.17444e-05
-1.54898e-08
-7.86038e-11
-9.76996e-12
0
-4.39648e-11
3.59712e-11
-497.414
-2.57975
-0.00672704
-1.17444e-05
-1.55351e-08
-2.44249e-11
7.10543e-12
-7.10543e-12
3.10862e-11
2.30926e-11
-497.414
-2.57975
-0.00672705
-1.17444e-05
-1.54987e-08
-4.39648e-11
2.22045e-12
1.73195e-11
1.46549e-11
-1.46549e-11
-497.414
-2.57975
-0.00672704
-1.17444e-05
-1.54916e-08
-4.13003e-11
7.37188e-11
0
-7.37188e-11
5.77316e-12
-497.414
-2.57975
-0.00672704
-1.17444e-05
-1.55072e-08
-8.88178e-12
1.28786e-11
0
-1.73195e-11
3.9968e-12
-497.414
-2.57975
-0.00672704
-1.17444e-05
-1.55298e-08
-2.84217e-11
1.28786e-11
3.15303e-11
1.11022e-11
1.33227e-12
-497.414
-2.57975
-0.00672704
-1.17444e-05
-1.55143e-08
-2.08722e-11
1.46549e-11
0
-2.70894e-11
-8.88178e-13
-497.414
-2.57975
-0.00672704
-1.17444e-05
-1.55111e-08
-6.70575e-11
-3.33067e-11
2.88658e-11
4.66294e-11
-4.66294e-11
-497.414
-2.57975
-0.00672704
-1.17444e-05
-1.54832e-08
-3.73035e-11
-7.99361e-12
-8.43769e-12
-4.44089e-11
-1.37668e-11
-497.414
-2.57975
-0.00672704
-1.17444e-05
-1.54845e-08
-6.70575e-11
-3.95239e-11
2.88658e-11
4.66294e-11
-4.70735e-11
-497.414
-2.57975
-0.00672704
-1.17444e-05
-1.55529e-08
4.44089e-12
3.86358e-11
-4.44089e-13
4.44089e-13
4.44089e-12
-497.414
-2.57975
-0.00672704
-1.17444e-05
-1.55134e-08
-5.9508e-11
9.76996e-12
-1.59872e-11
-4.13003e-11
2.04281e-11
-497.414
-2.57975
-0.00672705
-1.17444e-05
-1.54947e-08
3.59712e-11
-8.88178e-12
-7.41629e-11
1.19904e-11
-1.19904e-11
-497.414
-2.57975
-0.00672704
-1.17444e-05
-1.55245e-08
-2.84217e-11
8.79297e-11
7.19425e-11
-8.61533e-11
-7.54952e-11
-497.414
-2.57975
-0.00672704
-1.17444e-05
-1.55493e-08
4.88498e-12
4.44089e-11
-1.5099e-11
-3.64153e-11
1.82077e-11
-497.414
-2.57975
-0.00672704
-1.17444e-05
-1.54676e-08
-2.44249e-11
-4.4853e-11
-7.10543e-12
-7.99361e-12
7.10543e-12
-497.414
-2.57975
-0.00672704
-1.17444e-05
-1.55302e-08
5.77316e-12
1.33227e-11
-5.28466e-11
1.5099e-11
4.44089e-11
-497.414
-2.57975
-0.00672704
-1.17444e-05
-1.55489e-08
-3.28626e-11
3.86358e-11
4.44089e-13
-3.90799e-11
3.86358e-11
-497.414
-2.57975
-0.00672704
-1.17444e-05
-1.55351e-08
-2.53131e-11
4.61853e-11
-7.54952e-12
-7.10543e-12
2.44249e-11
-497.414
-2.57975
-0.00672704
-1.17444e-05
-1.55196e-08
-3.24185e-11
3.86358e-11
4.44089e-13
0
3.86358e-11
-497.414
-2.57975
-0.00672704
-1.17445e-05
-1.54867e-08
6.21725e-12
-1.46549e-11
0
-9.32587e-12
-3.01981e-11
-497.414
-2.57975
-0.00672704
-1.17444e-05
-1.55302e-08
-2.44249e-11
4.92939e-11
-7.99361e-12
-1.02141e-11
5.24025e-11
-497.414
-2.57975
-0.00672705
-1.17444e-05
-1.55245e-08
-4.39648e-11
1.19904e-11
-4.44089e-13
5.32907e-12
1.73195e-11
-497.414
-2.57975
-0.00672704
-1.17444e-05
-1.55067e-08
4.17444e-11
-1.02141e-11
0
1.11022e-11
-8.4821e-11
-497.414
-2.57975
-0.00672704
-1.17445e-05
-1.55103e-08
-3.24185e-11
5.32907e-12
5.24025e-11
-2.04281e-11
-6.66134e-12
-497.414
-2.57975
-0.00672704
-1.17445e-05
-1.55076e-08
-3.28626e-11
4.04121e-11
0
-4.04121e-11
4.08562e-11
-497.414
-2.57975
-0.00672704
-1.17444e-05
-1.54827e-08
1.02141e-11
-7.99361e-12
-4.61853e-11
1.33227e-12
4.08562e-11
-497.414
-2.57975
-0.00672704
-1.17445e-05
-1.55347e-08
4.44089e-12
5.28466e-11
-4.44089e-13
-5.24025e-11
1.55431e-11
-497.414
-2.57975
-0.00672704
-1.17444e-05
-1.55556e-08
-2.44249e-11
3.9968e-11
-7.54952e-12
-1.33227e-12
5.32907e-12
-497.414
-2.57975
-0.00672704
-1.17444e-05
-1.54734e-08
-3.64153e-11
-2.17604e-11
3.95239e-11
1.46549e-11
-1.46549e-11
-497.414
-2.57975
-0.00672704
-1.17444e-05
-1.55027e-08
-1.86517e-11
-3.19744e-11
4.44089e-13
1.42109e-11
-1.86517e-11
-497.414
-2.57975
-0.00672704
-1.17444e-05
-1.54681e-08
-9.32587e-12
-1.46549e-11
2.22045e-11
-1.64313e-11
-1.77636e-11
-497.414
-2.57975
-0.00672705
-1.17444e-05
-1.54836e-08
4.30767e-11
1.11022e-11
0
1.33227e-12
-7.50511e-11
-497.414
-2.57975
-0.00672704
-1.17444e-05
-1.54983e-08
2.53131e-11
1.68754e-11
-6.30607e-11
-1.64313e-11
-1.77636e-12
-497.414
-2.57975
-0.00672704
-1.17444e-05
-1.55516e-08
2.66454e-12
4.44089e-11
0
-4.44089e-11
4.88498e-12
-497.414
-2.57975
-0.00672704
-1.17444e-05
-1.55116e-08
-2.53131e-11
0
0
3.15303e-11
3.77476e-11
-497.414
-2.57975
-0.00672704
-1.17444e-05
-1.54841e-08
-2.35367e-11
-3.28626e-11
2.88658e-11
3.9968e-11
-4.4853e-11
-497.414
-2.57975
-0.00672704
-1.17444e-05
-1.55413e-08
-3.33067e-11
3.15303e-11
7.99361e-12
0
0
-497.414
-2.57975
-0.00672704
-1.17444e-05
-1.55351e-08
6.21725e-12
2.04281e-11
-1.46549e-11
-6.21725e-12
3.55271e-12
-497.414
-2.57975
-0.00672704
-1.17444e-05
-1.54805e-08
-3.28626e-11
-3.15303e-11
8.88178e-13
3.06422e-11
7.99361e-12
-497.414
-2.57975
-0.00672704
-1.17445e-05
-1.55196e-08
-2.84217e-11
-1.46549e-11
3.19744e-11
2.93099e-11
-2.93099e-11
-497.414
-2.57975
-0.00672704
-1.17444e-05
-1.54809e-08
6.21725e-12
-8.88178e-13
-3.15303e-11
-1.59872e-11
4.52971e-11
-497.414
-2.57975
-0.00672705
-1.17444e-05
-1.55245e-08
-4.39648e-11
1.15463e-11
1.68754e-11
5.77316e-12
-5.77316e-12
-497.414
-2.57975
-0.00672704
-1.17444e-05
-1.55223e-08
-2.66454e-12
8.61533e-11
-7.19425e-11
0
-4.44089e-12
-497.414
-2.57975
-0.00672704
-1.17444e-05
-1.54907e-08
-3.59712e-11
4.44089e-12
-4.44089e-12
-4.44089e-13
4.88498e-12
-497.414
-2.57975
-0.00672704
-1.17444e-05
-1.54912e-08
-6.26166e-11
-8.43769e-12
-1.59872e-11
-3.64153e-11
3.64153e-11
-497.414
-2.57975
-0.00672704
-1.17445e-05
-1.55529e-08
-3.10862e-11
3.55271e-12
7.10543e-12
-3.9968e-12
3.73035e-11
-497.414
-2.57975
-0.00672704
-1.17444e-05
-1.54703e-08
-7.63833e-11
-3.68594e-11
4.21885e-11
1.46549e-11
-4.04121e-11
-497.414
-2.57975
-0.00672704
-1.17444e-05
-1.54703e-08
-6.70575e-11
-3.15303e-11
0
1.46549e-11
3.19744e-11
-497.414
-2.57975
-0.00672704
-1.17444e-05
-1.55147e-08
-2.84217e-11
-1.95399e-11
3.01981e-11
1.46549e-11
-2.84217e-11
-497.414
-2.57975
-0.00672704
-1.17444e-05
-1.55067e-08
-3.06422e-11
4.21885e-11
0
-3.5083e-11
-4.44089e-13
-497.414
-2.57975
-0.00672704
-1.17444e-05
-1.55147e-08
2.66454e-12
-1.86517e-11
-3.19744e-11
-8.43769e-12
4.75175e-11
-497.414
-2.57975
-0.00672705
-1.17444e-05
-1.54827e-08
-4.44089e-11
-3.10862e-12
8.70415e-11
-6.21725e-12
-7.81597e-11
-497.414
-2.57975
-0.00672704
-1.17444e-05
-1.54112e-08
2.44249e-11
-6.92779e-11
0
-1.68754e-11
-6.39488e-11
-497.414
-2.57975
-0.00672704
-1.17445e-05
-1.55e-08
3.55271e-12
-7.99361e-12
-3.28626e-11
-4.39648e-11
2.39808e-11
-497.414
-2.57975
-0.00672704
-1.17444e-05
-1.55076e-08
-2.57572e-11
7.99361e-12
-7.99361e-12
-7.10543e-12
2.35367e-11
-497.414
-2.57975
-0.00672704
-1.17444e-05
-1.55302e-08
-3.77476e-11
4.44089e-11
-4.52971e-11
-1.59872e-11
0
-497.414
-2.57975
-0.00672704
-1.17444e-05
-1.55347e-08
4.44089e-12
3.90799e-11
-4.44089e-13
-3.86358e-11
-3.01981e-11
-497.414
-2.57975
-0.00672704
-1.17444e-05
-1.54681e-08
6.21725e-12
-1.06581e-11
-3.15303e-11
-5.32907e-12
1.95399e-11
-497.414
-2.57975
-0.00672704
-1.17444e-05
-1.55258e-08
-3.59712e-11
1.55431e-11
7.54952e-12
0
-7.54952e-12
-497.414
-2.57975
-0.00672704
-1.17444e-05
-1.54929e-08
-8.43769e-12
-1.46549e-11
8.43769e-12
4.30767e-11
-3.68594e-11
-497.414
-2.57975
-0.00672704
-1.17444e-05
-1.55289e-08
-2.53131e-11
3.81917e-11
2.04281e-11
-4.57412e-11
-2.08722e-11
-497.414
-2.57975
-0.00672705
-1.17444e-05
-1.54934e-08
4.30767e-11
-4.44089e-13
-7.14984e-11
-3.9968e-12
-1.55431e-11
-497.414
-2.57975
-0.00672705
-1.17444e-05
-1.54565e-08
-3.73035e-11
8.88178e-13
-1.33227e-12
-7.19425e-11
8.88178e-13
-497.414
-2.57975
-0.00672705
-1.17444e-05
-1.55e-08
-4.44089e-11
0
-2.22045e-12
-2.22045e-12
8.9706e-11
-497.414
-2.57975
-0.00672705
-1.17444e-05
-1.5524e-08
-4.21885e-11
0
1.46549e-11
0
-1.46549e-11
-497.414
-2.57975
-0.00672705
-1.17444e-05
-1.55005e-08
-1.77636e-12
6.21725e-12
-7.14984e-11
8.43769e-12
0
-497.414
-2.57975
-0.00672705
-1.17444e-05
-1.55e-08
-4.44089e-11
0
1.68754e-11
0
-1.68754e-11
-497.414
-2.57975
-0.00672705
-1.17444e-05
-1.54983e-08
-5.37348e-11
1.15463e-11
2.66454e-12
4.44089e-13
9.76996e-12
-497.414
-2.57975
-0.00672705
-1.17444e-05
-1.55116e-08
-3.68594e-11
3.9968e-12
-3.9968e-12
-1.77636e-11
-1.24345e-11
-497.414
-2.57975
-0.00672705
-1.17444e-05
-1.55032e-08
-4.13003e-11
-3.10862e-12
5.32907e-12
-6.21725e-12
-8.43769e-12
-497.414
-2.57975
-0.00672705
-1.17444e-05
-1.55183e-08
-5.37348e-11
7.41629e-11
1.5099e-11
-7.37188e-11
7.14984e-11
-497.414
-2.57975
-0.00672705
-1.17444e-05
-1.54272e-08
-3.77476e-11
-7.28306e-11
7.41629e-11
7.32747e-11
-7.28306e-11
1.77636e-12
2.22045e-12
-2.66454e-12
3.9968e-12
-3.9968e-12
4.44089e-13
0
-2.22045e-12
5.77316e-12
-3.9968e-12
-5.32907e-12
4.44089e-13
7.10543e-12
0
7.14984e-11
-5.77316e-12
-7.32747e-11
6.66134e-12
3.73035e-11
-1.33227e-12
-2.22045e-12
-2.22045e-12
2.22045e-12
-4.44089e-13
6.79456e-11
-6.21725e-12
-6.9722e-11
7.99361e-12
-1.77636e-12
-1.77636e-12
2.22045e-12
6.75016e-11
0
0
-1.42109e-11
2.22045e-12
1.37668e-11
-6.92779e-11
-4.88498e-12
0
7.32747e-11
0
-6.30607e-11
7.4607e-11
4.44089e-12
-7.77156e-11
-1.33227e-12
4.44089e-12
6.88338e-11
-8.88178e-13
-1.77636e-12
8.65974e-11
8.88178e-13
-7.32747e-11
6.75016e-11
-6.21725e-12
3.9968e-12
8.43769e-12
-7.59393e-11
-1.77636e-12
1.02141e-11
-7.41629e-11
-4.44089e-13
0
3.9968e-12
-2.66454e-12
-1.33227e-12
4.44089e-12
6.92779e-11
-1.33227e-12
-3.9968e-12
-3.9968e-12
8.43769e-11
7.99361e-12
2.22045e-12
-1.46549e-11
-7.19425e-11
0
0
3.9968e-12
8.65974e-11
3.10862e-12
8.88178e-13
7.37188e-11
-1.77636e-12
-1.02141e-11
-6.92779e-11
-6.70575e-11
6.92779e-11
3.10862e-12
7.23865e-11
0
-8.88178e-13
0
4.44089e-13
-2.22045e-12
1.77636e-12
-7.14984e-11
-2.66454e-12
7.41629e-11
-5.32907e-12
4.44089e-13
7.68274e-11
0
1.77636e-12
-1.28786e-11
-7.37188e-11
1.5099e-11
3.64153e-11
-1.33227e-12
-7.54952e-12
2.62013e-11
1.06581e-11
8.88178e-12
-6.21725e-12
4.44089e-12
-8.43769e-12
1.02141e-11
7.10543e-12
-4.9738e-11
-4.52971e-11
1.68754e-11
3.55271e-12
0
5.06262e-11
9.76996e-12
-1.33227e-11
-4.70735e-11
1.37668e-11
4.9738e-11
-2.39808e-11
2.22045e-11
0
8.88178e-13
4.35207e-11
2.17604e-11
-8.88178e-13
-1.33227e-11
-1.59872e-11
8.43769e-12
3.01981e-11
1.73195e-11
-2.35367e-11
-3.10862e-11
3.90799e-11
5.32907e-12
-1.33227e-11
2.13163e-11
1.33227e-11
-7.10543e-12
-2.39808e-11
4.44089e-13
2.26485e-11
1.24345e-11
9.76996e-12
-2.26485e-11
-1.28786e-11
-3.19744e-11
1.37668e-11
3.9968e-11
-7.10543e-12
1.68754e-11
3.06422e-11
3.55271e-12
2.26485e-11
-1.28786e-11
0
1.42109e-11
-2.62013e-11
-3.9968e-12
-5.32907e-12
-1.77636e-11
4.4853e-11
1.77636e-11
1.77636e-12
-4.13003e-11
-5.32907e-12
0
0
4.39648e-11
2.17604e-11
4.44089e-13
2.26485e-11
1.24345e-11
9.76996e-12
-2.26485e-11
-4.44089e-13
-3.06422e-11
0
5.32907e-11
3.55271e-12
7.81597e-11
-6.66134e-12
-7.28306e-11
5.77316e-12
-7.99361e-12
7.50511e-11
8.43769e-12
-5.77316e-12
7.23865e-11
-2.22045e-12
-2.22045e-12
2.22045e-12
7.4607e-11
-3.9968e-12
-7.54952e-12
2.22045e-12
-6.52811e-11
6.92779e-11
-1.77636e-12
-2.39808e-11
-1.24345e-11
-1.86517e-11
1.28786e-11
5.06262e-11
-2.26485e-11
-1.37668e-11
-3.06422e-11
1.33227e-11
2.75335e-11
3.19744e-11
-4.70735e-11
1.37668e-11
1.82077e-11
-2.13163e-11
-1.42109e-11
2.53131e-11
3.5083e-11
-2.4869e-11
7.10543e-12
2.57572e-11
2.57572e-11
-1.33227e-11
1.68754e-11
5.32907e-12
4.44089e-13
0
-1.42109e-11
-3.15303e-11
-2.9754e-11
4.52971e-11
-3.77476e-11
0
0
-3.77476e-11
3.68594e-11
8.88178e-13
0
0
-3.77476e-11
-3.5083e-11
-2.57572e-11
4.61853e-11
0
-2.62013e-11
-2.44249e-11
3.01981e-11
0
-2.57572e-11
2.44249e-11
9.32587e-12
0
0
-1.59872e-11
6.66134e-12
3.77476e-11
0
-2.84217e-11
-1.59872e-11
2.88658e-11
3.95239e-11
-3.4639e-11
5.32907e-12
3.55271e-11
-3.64153e-11
-7.99361e-12
6.66134e-12
1.73195e-11
2.75335e-11
-1.33227e-12
1.11022e-11
0
-4.9738e-11
-1.64313e-11
0
1.5099e-11
2.35367e-11
2.75335e-11
0
-3.55271e-12
-1.73195e-11
0
0
1.46549e-11
2.66454e-12
-1.73195e-11
0
0
1.46549e-11
2.66454e-12
2.22045e-12
-4.88498e-12
0
0
0
7.4607e-11
-4.44089e-13
-6.92779e-11
-4.88498e-12
0
-2.39808e-11
-1.64313e-11
0
0
6.21725e-12
2.13163e-11
4.9738e-11
-4.57412e-11
-1.33227e-12
4.04121e-11
-6.66134e-12
-9.32587e-12
1.95399e-11
1.68754e-11
5.32907e-12
-3.9968e-12
0
1.02141e-11
7.10543e-12
-1.46549e-11
9.76996e-12
-1.15463e-11
1.19904e-11
1.15463e-11
-3.37508e-11
7.99361e-12
0
2.22045e-12
3.95239e-11
-2.84217e-11
-4.92939e-11
4.44089e-13
4.52971e-11
3.86358e-11
-4.35207e-11
-4.44089e-11
0
3.55271e-12
4.9738e-11
2.22045e-12
0
-1.11022e-11
3.90799e-11
3.64153e-11
1.77636e-12
3.10862e-12
-4.44089e-13
-6.66134e-12
7.99361e-12
9.32587e-12
-3.10862e-12
0
-1.19904e-11
3.90799e-11
6.66134e-12
-3.68594e-11
4.44089e-13
4.13003e-11
-4.44089e-13
-4.35207e-11
-1.59872e-11
6.66134e-12
4.44089e-13
-1.19904e-11
-1.19904e-11
-3.64153e-11
-7.10543e-12
4.44089e-13
6.66134e-12
4.84057e-11
1.46549e-11
-4.44089e-13
3.01981e-11
0
-7.99361e-12
1.68754e-11
-3.86358e-11
1.11022e-11
2.22045e-11
-2.39808e-11
2.22045e-12
-4.44089e-13
-6.66134e-12
1.46549e-11
6.66134e-12
7.01661e-11
-4.44089e-13
-7.01661e-11
7.14984e-11
-1.33227e-11
-2.22045e-12
3.9968e-12
1.64313e-11
4.44089e-13
6.79456e-11
6.61693e-11
-6.83897e-11
-6.61693e-11
6.92779e-11
-8.88178e-13
4.4853e-11
1.24345e-11
-3.5083e-11
0
3.73035e-11
-1.82077e-11
-4.44089e-13
-2.79776e-11
-2.53131e-11
2.04281e-11
5.59552e-11
2.04281e-11
-1.02141e-11
-2.04281e-11
-3.77476e-11
7.10543e-12
-1.77636e-12
3.01981e-11
2.22045e-12
-3.77476e-11
-2.44249e-11
1.11022e-11
4.75175e-11
-4.26326e-11
-4.4853e-11
-9.32587e-12
-4.44089e-13
2.79776e-11
3.10862e-12
-2.53131e-11
4.52971e-11
-4.44089e-13
0
4.44089e-13
-6.21725e-12
6.21725e-12
-3.90799e-11
0
3.90799e-11
-6.21725e-12
-2.26485e-11
2.88658e-11
3.5083e-11
0
-1.42109e-11
-3.10862e-12
-1.37668e-11
-3.28626e-11
2.88658e-11
7.10543e-12
1.06581e-11
-4.44089e-13
4.44089e-13
-3.15303e-11
-4.17444e-11
4.21885e-11
3.06422e-11
0
-3.06422e-11
-2.57572e-11
7.54952e-12
0
4.21885e-11
3.5083e-11
-4.08562e-11
-7.99361e-12
4.13003e-11
2.66454e-12
-7.10543e-12
1.24345e-11
-1.73195e-11
0
-2.22045e-11
0
4.52971e-11
-3.01981e-11
7.10543e-12
0
0
1.55431e-11
-4.44089e-12
-5.77316e-12
4.44089e-13
0
7.63833e-11
4.44089e-13
-7.14984e-11
0
-5.77316e-12
2.66454e-12
-1.77636e-12
8.65974e-11
-7.10543e-12
-7.37188e-11
7.99361e-11
-6.21725e-12
0
7.99361e-12
-7.54952e-11
7.14984e-11
2.79776e-11
8.43769e-12
-1.68754e-11
4.44089e-13
1.82077e-11
-3.95239e-11
0
3.77476e-11
-1.33227e-11
1.33227e-12
3.55271e-12
0
0
-3.5083e-11
4.21885e-11
3.55271e-12
8.43769e-12
-5.77316e-12
-1.77636e-12
2.44249e-11
-4.44089e-13
-2.79776e-11
-4.4853e-11
-7.54952e-12
4.88498e-11
1.64313e-11
-8.43769e-12
2.35367e-11
-2.44249e-11
-8.88178e-13
4.44089e-11
-3.55271e-12
3.55271e-12
-2.13163e-11
-4.04121e-11
1.73195e-11
1.59872e-11
0
0
7.54952e-12
-3.10862e-12
4.92939e-11
1.55431e-11
-2.70894e-11
-2.75335e-11
-2.44249e-11
-1.77636e-11
3.19744e-11
2.22045e-11
1.68754e-11
1.02141e-11
2.04281e-11
8.88178e-13
7.99361e-12
-4.26326e-11
-2.66454e-12
1.59872e-11
0
1.5099e-11
-3.9968e-12
2.84217e-11
3.55271e-12
-1.42109e-11
-3.9968e-12
-2.84217e-11
4.13003e-11
4.21885e-11
-1.33227e-12
-2.22045e-12
1.33227e-12
4.21885e-11
-4.44089e-13
-1.37668e-11
-3.9968e-12
-2.84217e-11
2.62013e-11
2.04281e-11
0
-4.44089e-12
-3.55271e-12
3.9968e-12
7.72715e-11
-1.06581e-11
0
-3.9968e-12
-8.88178e-11
9.76996e-12
-4.44089e-13
-9.32587e-12
1.19904e-11
1.55431e-11
3.55271e-12
1.77636e-12
7.41629e-11
6.79456e-11
-8.12683e-11
-6.92779e-11
8.43769e-12
-2.66454e-12
7.28306e-11
4.39648e-11
-1.24345e-11
-9.32587e-12
1.33227e-11
1.82077e-11
-3.95239e-11
-1.33227e-11
3.77476e-11
0
-2.39808e-11
1.02141e-11
-2.13163e-11
-1.19904e-11
2.88658e-11
-4.44089e-13
-1.77636e-12
6.66134e-12
-8.88178e-13
7.99361e-12
-4.17444e-11
-4.4853e-11
3.64153e-11
3.01981e-11
4.88498e-12
6.21725e-12
-1.11022e-11
-3.90799e-11
-2.93099e-11
-4.44089e-13
3.68594e-11
-2.22045e-11
3.28626e-11
-2.22045e-12
-1.24345e-11
3.73035e-11
2.17604e-11
-1.37668e-11
-3.24185e-11
-1.5099e-11
-9.32587e-12
8.88178e-13
-8.88178e-13
9.32587e-12
-1.46549e-11
-3.15303e-11
9.32587e-12
5.77316e-12
8.88178e-12
4.79616e-11
2.13163e-11
-1.64313e-11
-2.66454e-12
9.32587e-12
2.26485e-11
-3.19744e-11
-5.32907e-12
7.99361e-12
-8.88178e-13
1.64313e-11
3.06422e-11
-1.11022e-11
3.55271e-12
0
-3.55271e-12
-1.90958e-11
4.04121e-11
4.17444e-11
-3.9968e-12
-1.33227e-12
4.44089e-12
2.9754e-11
-2.44249e-11
-1.64313e-11
-3.9968e-12
1.37668e-11
1.37668e-11
-4.17444e-11
-2.22045e-12
3.15303e-11
-3.55271e-11
0
5.32907e-12
0
-1.42109e-11
-1.42109e-11
1.42109e-11
8.88178e-12
0
7.68274e-11
-1.77636e-12
-7.72715e-11
6.52811e-11
-1.19904e-11
-6.17284e-11
8.4821e-11
-3.9968e-12
-6.79456e-11
0
-8.88178e-13
6.57252e-11
-3.10862e-12
6.66134e-12
-4.61853e-11
-1.33227e-12
4.92939e-11
-8.43769e-12
0
-2.22045e-11
5.77316e-12
7.10543e-12
-7.99361e-12
8.88178e-13
3.5083e-11
0
2.04281e-11
6.21725e-12
-3.90799e-11
-1.77636e-12
2.84217e-11
1.33227e-12
2.17604e-11
6.66134e-12
0
4.44089e-13
-1.19904e-11
-4.84057e-11
0
0
3.15303e-11
2.44249e-11
1.55431e-11
3.10862e-12
-3.86358e-11
-3.9968e-12
4.44089e-11
2.17604e-11
1.02141e-11
-6.66134e-12
-5.32907e-12
2.62013e-11
2.84217e-11
-1.15463e-11
-2.66454e-12
1.15463e-11
-3.37508e-11
-4.08562e-11
0
3.5083e-11
-1.06581e-11
-4.52971e-11
0
3.55271e-12
4.44089e-13
-3.9968e-12
-7.54952e-12
3.59712e-11
3.77476e-11
8.88178e-12
-9.76996e-12
-3.9968e-12
2.17604e-11
3.86358e-11
-3.01981e-11
-1.15463e-11
3.9968e-11
-2.84217e-11
8.43769e-12
0
-2.04281e-11
8.43769e-12
3.86358e-11
-1.06581e-11
-1.68754e-11
1.11022e-11
2.93099e-11
-2.4869e-11
-3.4639e-11
-8.88178e-12
-1.06581e-11
2.30926e-11
-2.66454e-12
8.03801e-11
0
-3.64153e-11
8.88178e-11
-3.9968e-11
0
-4.44089e-13
-4.44089e-13
-1.28786e-11
8.65974e-11
3.10862e-12
-7.37188e-11
7.4607e-11
7.19425e-11
-8.34888e-11
-6.92779e-11
6.21725e-12
-2.66454e-12
2.66454e-12
5.24025e-11
-4.44089e-13
-3.55271e-11
8.43769e-12
3.73035e-11
-1.37668e-11
-1.28786e-11
-2.79776e-11
-1.24345e-11
4.57412e-11
3.55271e-12
4.44089e-13
4.57412e-11
0
-4.9738e-11
-1.42109e-11
4.44089e-11
-6.21725e-12
-2.04281e-11
4.44089e-12
-2.79776e-11
-2.22045e-12
5.24025e-11
4.30767e-11
-7.99361e-12
3.55271e-12
-3.86358e-11
-1.33227e-11
-4.44089e-13
5.77316e-12
4.57412e-11
-2.22045e-12
3.10862e-12
4.66294e-11
-1.06581e-11
-7.54952e-12
1.33227e-12
0
4.44089e-13
-3.73035e-11
1.37668e-11
0
-2.62013e-11
0
2.9754e-11
7.54952e-12
-3.33067e-11
7.10543e-12
3.95239e-11
1.02141e-11
1.02141e-11
4.08562e-11
1.33227e-12
-4.08562e-11
1.33227e-12
4.9738e-11
-5.24025e-11
0
2.22045e-11
-4.13003e-11
-5.24025e-11
3.9968e-12
0
3.10862e-12
8.88178e-12
1.55431e-11
4.17444e-11
-8.88178e-12
-2.30926e-11
1.28786e-11
5.01821e-11
3.64153e-11
1.33227e-12
-3.64153e-11
-5.15143e-11
4.21885e-11
2.79776e-11
1.77636e-12
-2.84217e-11
-5.32907e-12
4.44089e-12
1.5099e-11
-1.02141e-11
1.77636e-12
8.03801e-11
-1.73195e-11
-8.65974e-11
0
1.28786e-11
2.66454e-12
0
7.41629e-11
0
0
7.14984e-11
-2.22045e-12
2.22045e-12
-7.14984e-11
-2.66454e-12
7.41629e-11
7.14984e-11
-7.4607e-11
-7.63833e-11
6.92779e-11
7.99361e-11
-6.79456e-11
-7.4607e-11
-1.42109e-11
0
9.32587e-12
7.54952e-11
0
-7.54952e-11
0
8.70415e-11
7.9492e-11
-8.34888e-11
-6.66134e-12
-8.88178e-13
-7.32747e-11
0
8.88178e-13
-5.77316e-12
-1.37668e-11
6.66134e-12
7.10543e-12
-1.42109e-11
7.72715e-11
1.11022e-11
-8.34888e-11
7.54952e-11
1.5099e-11
6.66134e-12
-3.55271e-12
-6.92779e-11
6.43929e-11
-1.33227e-11
0
0
-5.86198e-11
0
7.68274e-11
0
0
7.37188e-11
-1.33227e-12
-7.19425e-11
-7.37188e-11
-1.24345e-11
-8.88178e-13
8.70415e-11
1.46549e-11
4.44089e-13
-1.24345e-11
0
9.76996e-12
-8.70415e-11
7.4607e-11
8.79297e-11
-7.41629e-11
0
7.99361e-11
0
0
5.01821e-11
-7.23865e-11
-3.59712e-11
-1.33227e-12
-1.33227e-11
1.77636e-12
-1.28786e-11
2.22045e-12
0
-7.41629e-11
1.73195e-11
-1.46549e-11
0
0
-1.5099e-11
8.65974e-11
-1.77636e-12
-8.88178e-13
-1.77636e-12
7.28306e-11
-7.06102e-11
-7.23865e-11
1.33227e-12
7.14984e-11
7.23865e-11
8.88178e-13
-5.77316e-12
2.22045e-12
0
-2.22045e-12
1.77636e-12
0
4.44089e-13
0
-7.10543e-11
-6.92779e-11
-3.68594e-11
-3.10862e-12
-4.44089e-13
3.55271e-12
-2.22045e-12
4.44089e-13
1.33227e-12
0
6.9722e-11
6.92779e-11
4.44089e-12
1.77636e-12
-2.22045e-12
-1.33227e-12
0
0
-1.02141e-11
0
7.99361e-11
6.92779e-11
4.88498e-12
-4.88498e-12
-1.42109e-11
-9.32587e-12
8.57092e-11
-4.44089e-13
4.44089e-13
4.44089e-13
1.33227e-12
8.74856e-11
4.88498e-12
1.33227e-12
0
7.32747e-11
0
0
-7.9492e-11
0
8.03801e-11
1.33227e-12
-1.24345e-11
1.77636e-12
8.9706e-11
7.28306e-11
0
0
-1.95399e-11
0
2.04281e-11
1.33227e-12
-7.01661e-11
-6.21725e-12
0
5.77316e-12
7.50511e-11
0
-1.33227e-12
-2.66454e-12
0
7.77156e-11
-1.33227e-12
1.02141e-11
0
6.03961e-11
-7.99361e-12
-6.30607e-11
1.02141e-11
-2.22045e-12
7.28306e-11
7.63833e-11
-8.4821e-11
-5.77316e-12
9.05942e-11
7.9492e-11
0
0
-4.44089e-13
0
1.33227e-12
1.33227e-12
-3.9968e-12
-4.44089e-13
6.21725e-12
4.44089e-13
0
0
-7.54952e-11
0
0
-7.59393e-11
-3.68594e-11
-3.55271e-12
0
3.55271e-12
-2.22045e-12
4.44089e-13
1.33227e-12
0
6.9722e-11
6.92779e-11
-7.54952e-12
2.26485e-11
0
1.24345e-11
-8.88178e-12
0
-3.9968e-12
-3.24185e-11
9.9476e-11
1.19904e-10
-5.4623e-11
-1.82077e-11
2.84217e-11
-7.10543e-12
2.53131e-11
0
-4.17444e-11
0
4.17444e-11
2.57572e-11
1.64313e-11
-1.28786e-11
0
1.28786e-11
0
1.33227e-12
-2.22045e-11
4.44089e-13
2.26485e-11
-4.44089e-13
-1.68754e-11
7.54952e-12
-9.76996e-12
-7.10543e-12
2.53131e-11
0
-3.06422e-11
0
2.57572e-11
2.08722e-11
-1.28786e-11
7.54952e-12
0
-7.54952e-12
1.28786e-11
0
-3.55271e-12
1.24345e-11
7.9492e-11
7.50511e-11
1.06581e-11
-2.39808e-11
1.77636e-12
2.39808e-11
1.28786e-11
0
0
0
7.19425e-11
8.52651e-11
-9.32587e-12
-1.5099e-11
1.33227e-11
1.90958e-11
-3.81917e-11
-8.88178e-13
1.95399e-11
4.44089e-13
8.83738e-11
6.92779e-11
-1.33227e-11
-3.90799e-11
0
2.62013e-11
1.28786e-11
0
1.33227e-12
0
-4.44089e-13
1.33227e-11
-7.23865e-11
-7.9492e-11
-1.33227e-12
3.10862e-12
0
0
-1.19904e-11
0
8.9706e-11
7.86038e-11
-8.43769e-11
1.33227e-12
1.55431e-11
7.28306e-11
0
-7.50511e-11
-9.76996e-12
4.44089e-13
7.90479e-11
7.01661e-11
0
-1.86517e-11
-2.4869e-11
4.35207e-11
0
-2.53131e-11
2.13163e-11
0
7.90479e-11
1.00808e-10
4.44089e-13
2.66454e-12
2.84217e-11
-3.15303e-11
-3.90799e-11
0
4.21885e-11
0
-4.88498e-12
2.70894e-11
3.15303e-11
2.22045e-11
-3.4639e-11
1.19904e-11
2.62013e-11
-3.5083e-11
-3.55271e-12
2.22045e-12
8.79297e-11
1.09246e-10
0
4.70735e-11
0
-4.70735e-11
0
0
4.70735e-11
0
-1.33227e-11
3.33067e-11
0
2.70894e-11
0
-2.70894e-11
0
0
-1.28786e-11
2.57572e-11
3.86358e-11
0
0
9.76996e-12
3.81917e-11
-4.79616e-11
-2.17604e-11
3.81917e-11
3.15303e-11
0
-1.42109e-11
-4.88498e-12
-1.64313e-11
-4.66294e-11
2.57572e-11
2.44249e-11
-3.55271e-12
2.57572e-11
-8.88178e-13
-2.62013e-11
-2.22045e-12
1.9984e-11
-1.64313e-11
8.88178e-12
3.81917e-11
-4.70735e-11
-2.17604e-11
3.81917e-11
2.66454e-11
-2.22045e-11
-9.32587e-12
1.73195e-11
0
8.21565e-11
-1.46549e-11
-6.75016e-11
0
-1.5099e-11
8.26006e-11
0
5.77316e-12
8.79297e-11
-9.32587e-12
-4.88498e-12
1.42109e-11
-9.32587e-12
-8.88178e-13
1.5099e-11
7.19425e-11
0
0
7.23865e-11
-9.76996e-12
-1.28786e-11
0
1.28786e-11
0
1.33227e-12
4.88498e-12
0
7.10543e-12
1.02141e-11
-3.9968e-12
1.46549e-11
0
-1.06581e-11
-1.24345e-11
0
2.22045e-11
0
7.32747e-11
8.34888e-11
-2.75335e-11
0
2.13163e-11
3.95239e-11
-3.10862e-12
0
-1.33227e-12
0
8.30447e-11
7.86038e-11
-1.11022e-11
4.92939e-11
-3.86358e-11
-1.06581e-11
3.86358e-11
-3.86358e-11
6.21725e-12
0
5.77316e-12
4.9738e-11
0
-3.68594e-11
-4.21885e-11
2.75335e-11
2.04281e-11
-1.24345e-11
-8.88178e-13
-2.30926e-11
2.70894e-11
4.79616e-11
-3.10862e-12
2.4869e-11
1.33227e-11
9.76996e-12
-4.84057e-11
1.37668e-11
2.4869e-11
0
2.30926e-11
8.88178e-13
-1.06581e-11
-3.95239e-11
5.01821e-11
1.90958e-11
-4.9738e-11
-1.55431e-11
4.9738e-11
3.4639e-11
8.88178e-13
0
2.13163e-11
-1.46549e-11
-4.21885e-11
2.75335e-11
-2.22045e-12
-1.24345e-11
2.17604e-11
-2.30926e-11
2.70894e-11
4.79616e-11
-7.19425e-11
8.21565e-11
-1.77636e-12
-6.75016e-11
0
-1.77636e-12
7.14984e-11
0
2.22045e-12
7.37188e-11
-6.79456e-11
1.77636e-12
-2.22045e-12
-1.33227e-12
0
0
1.77636e-12
0
6.79456e-11
6.92779e-11
2.53131e-11
-1.86517e-11
-2.4869e-11
4.35207e-11
0
-2.53131e-11
-1.64313e-11
2.44249e-11
1.16795e-10
7.63833e-11
0
4.79616e-11
4.17444e-11
-4.75175e-11
-9.32587e-12
0
1.5099e-11
0
-1.42109e-11
3.33067e-11
4.39648e-11
2.35367e-11
-1.37668e-11
2.57572e-11
-4.44089e-12
-1.33227e-11
-8.43769e-12
-3.24185e-11
8.79297e-11
1.09246e-10
-3.10862e-11
-7.54952e-12
0
-2.39808e-11
3.15303e-11
0
-7.54952e-12
0
9.76996e-12
3.33067e-11
-6.66134e-12
-1.46549e-11
-2.17604e-11
1.42109e-11
0
0
1.15463e-11
4.44089e-13
1.46549e-11
2.70894e-11
3.81917e-11
2.4869e-11
-2.13163e-11
-2.57572e-11
0
0
2.57572e-11
0
6.21725e-12
3.24185e-11
8.88178e-12
-5.77316e-12
-2.44249e-11
7.10543e-12
2.30926e-11
-2.53131e-11
-2.13163e-11
0
1.68754e-11
1.68754e-11
-5.24025e-11
1.77636e-11
3.86358e-11
-5.4623e-11
1.28786e-11
3.95239e-11
-1.77636e-12
-4.44089e-13
-1.15463e-11
0
7.68274e-11
6.9722e-11
-7.37188e-11
3.9968e-12
0
-7.37188e-11
6.9722e-11
0
5.32907e-12
7.50511e-11
-1.24345e-11
-7.14984e-11
1.46549e-11
7.28306e-11
0
-7.50511e-11
0
0
7.59393e-11
7.63833e-11
-3.9968e-11
-9.32587e-12
5.32907e-11
-1.64313e-11
-1.28786e-11
2.53131e-11
8.88178e-12
0
-1.77636e-12
-6.21725e-12
0
2.70894e-11
8.88178e-13
-2.22045e-12
-2.57572e-11
1.33227e-12
2.66454e-11
0
7.28306e-11
7.37188e-11
-1.06581e-11
5.32907e-12
2.22045e-12
5.32907e-12
3.73035e-11
-1.5099e-11
3.55271e-12
-3.28626e-11
7.9492e-11
1.19904e-10
0
-2.22045e-12
1.37668e-11
-2.66454e-11
1.02141e-11
3.9968e-12
-4.61853e-11
0
4.39648e-11
1.68754e-11
2.44249e-11
-3.77476e-11
0
3.77476e-11
-4.30767e-11
0
4.44089e-11
0
7.37188e-11
7.50511e-11
1.37668e-11
-1.02141e-11
0
1.68754e-11
-8.43769e-12
0
1.77636e-12
0
8.17124e-11
7.50511e-11
-2.57572e-11
-1.86517e-11
2.04281e-11
-7.54952e-12
9.76996e-12
1.24345e-11
-4.88498e-11
8.88178e-12
4.9738e-11
1.15463e-11
2.84217e-11
-3.06422e-11
-4.44089e-13
3.77476e-11
-8.43769e-12
0
-1.64313e-11
0
9.99201e-11
7.50511e-11
1.42109e-11
1.33227e-12
5.81757e-11
-8.88178e-13
-5.86198e-11
5.77316e-12
0
0
7.19425e-11
7.23865e-11
-1.24345e-11
-8.03801e-11
8.9706e-11
8.03801e-11
0
0
-4.44089e-13
0
1.33227e-12
1.33227e-12
1.28786e-11
2.22045e-11
-2.4869e-11
2.66454e-12
0
-2.53131e-11
2.66454e-11
2.44249e-11
6.12843e-11
6.43929e-11
0
3.4639e-11
-6.66134e-12
1.02141e-11
-3.81917e-11
-6.66134e-12
2.79776e-11
0
9.19265e-11
8.17124e-11
1.06581e-11
1.33227e-12
2.35367e-11
-4.44089e-12
3.55271e-12
-8.43769e-12
7.99361e-12
0
1.33227e-12
2.30926e-11
0
4.79616e-11
2.53131e-11
-3.10862e-11
6.21725e-12
-1.64313e-11
-4.70735e-11
0
3.68594e-11
3.73035e-11
-2.53131e-11
-7.54952e-12
2.39808e-11
7.10543e-12
-3.9968e-12
0
3.9968e-12
-2.66454e-12
7.50511e-11
7.86038e-11
2.84217e-11
-3.77476e-11
0
3.77476e-11
-4.30767e-11
0
-7.99361e-12
0
1.26121e-10
7.50511e-11
3.55271e-12
-5.77316e-12
-3.55271e-12
7.99361e-12
-2.08722e-11
-4.88498e-11
4.44089e-13
4.4853e-11
1.90958e-11
-1.33227e-12
-3.19744e-11
3.15303e-11
3.73035e-11
-2.30926e-11
8.88178e-12
0
-1.33227e-11
3.64153e-11
1.55431e-11
1.15463e-11
-7.37188e-11
2.22045e-12
-1.55431e-11
-1.77636e-12
8.88178e-12
0
1.33227e-12
0
7.19425e-11
6.75016e-11
7.32747e-11
-6.08402e-11
-7.37188e-11
3.5083e-11
6.35048e-11
-3.81917e-11
-6.08402e-11
-2.22045e-12
0
4.44089e-12
-4.44089e-13
3.9968e-12
2.22045e-12
1.82077e-11
-2.39808e-11
-4.88498e-11
4.44089e-12
5.01821e-11
8.74856e-11
6.83897e-11
-1.64313e-11
-4.66294e-11
2.57572e-11
5.01821e-11
-3.9968e-12
4.44089e-13
-8.88178e-13
0
6.75016e-11
6.21725e-11
-4.21885e-11
-1.55431e-11
4.88498e-11
3.86358e-11
-1.33227e-11
-5.32907e-12
1.42109e-11
3.9968e-12
7.28306e-11
7.32747e-11
-8.43769e-12
-5.32907e-12
1.37668e-11
-4.44089e-12
0
9.32587e-12
-2.57572e-11
3.55271e-12
2.39808e-11
-1.77636e-12
2.26485e-11
3.10862e-11
2.13163e-11
-7.54952e-12
0
-2.44249e-11
-2.57572e-11
4.04121e-11
2.39808e-11
3.55271e-12
-3.86358e-11
-4.88498e-12
4.88498e-11
-3.9968e-11
0
4.4853e-11
-2.57572e-11
4.44089e-12
2.39808e-11
-2.66454e-12
1.28786e-11
2.08722e-11
-3.5083e-11
7.54952e-12
3.73035e-11
-4.57412e-11
-6.66134e-12
8.88178e-12
1.37668e-11
4.66294e-11
0
-4.44089e-13
4.88498e-11
-3.9968e-11
-4.88498e-12
4.4853e-11
3.55271e-12
3.10862e-12
8.88178e-13
-2.66454e-12
-7.37188e-11
1.82077e-11
2.22045e-12
7.14984e-11
0
-7.19425e-11
-5.32907e-12
8.88178e-13
5.59552e-11
5.19584e-11
-1.24345e-11
-5.77316e-12
8.9706e-11
8.03801e-11
0
0
-4.44089e-13
0
1.33227e-12
1.33227e-12
0
-2.66454e-12
2.4869e-11
-2.22045e-11
-1.28786e-11
2.53131e-11
1.42109e-11
0
3.64153e-11
3.77476e-11
0
4.75175e-11
-8.88178e-13
-3.06422e-11
2.22045e-11
-4.44089e-13
-3.06422e-11
0
3.55271e-11
2.70894e-11
1.06581e-11
1.33227e-12
2.35367e-11
-4.44089e-12
3.55271e-12
-8.43769e-12
-1.73195e-11
8.88178e-13
2.57572e-11
2.30926e-11
6.66134e-12
4.30767e-11
3.55271e-12
-5.32907e-12
7.10543e-12
-4.44089e-13
-5.41789e-11
0
5.4623e-11
1.02141e-11
-4.52971e-11
-2.22045e-12
5.24025e-11
-5.06262e-11
-4.88498e-12
5.28466e-11
-4.66294e-11
-3.10862e-12
3.73035e-11
-1.02141e-11
-2.22045e-11
2.75335e-11
5.24025e-11
-3.59712e-11
-8.43769e-12
5.28466e-11
1.77636e-12
0
7.99361e-12
1.33227e-12
2.4869e-11
-3.15303e-11
1.33227e-12
4.92939e-11
-1.06581e-11
-2.22045e-12
5.32907e-12
4.44089e-12
-2.22045e-12
-6.66134e-12
8.88178e-13
-3.15303e-11
5.24025e-11
-1.46549e-11
-8.88178e-12
5.28466e-11
-4.26326e-11
-3.10862e-12
3.73035e-11
-1.02141e-11
7.32747e-11
1.02141e-11
-1.11022e-11
7.41629e-11
-5.86198e-11
-7.50511e-11
-1.37668e-11
0
8.65974e-11
7.86038e-11
-7.28306e-11
-2.22045e-12
7.50511e-11
2.22045e-12
0
0
-4.44089e-13
0
-7.50511e-11
-7.59393e-11
7.41629e-11
7.81597e-11
-7.81597e-11
0
4.44089e-13
-7.81597e-11
4.44089e-12
-4.44089e-13
7.32747e-11
7.77156e-11
0
1.42109e-11
0
-1.42109e-11
1.5099e-11
0
0
0
0
1.46549e-11
7.23865e-11
7.28306e-11
-7.19425e-11
-6.08402e-11
1.77636e-12
-8.88178e-13
-1.33227e-12
2.22045e-12
8.88178e-13
1.33227e-12
1.73195e-11
6.9722e-11
-4.44089e-13
-6.92779e-11
6.75016e-11
0
-8.17124e-11
4.44089e-13
8.12683e-11
6.75016e-11
8.65974e-11
5.77316e-12
-7.72715e-11
-2.22045e-12
3.9968e-12
-3.10862e-12
6.83897e-11
4.88498e-12
4.88498e-12
7.19425e-11
-7.4607e-11
-2.22045e-12
6.08402e-11
5.77316e-12
-5.9508e-11
3.10862e-12
-1.73195e-11
0
8.21565e-11
6.52811e-11
8.43769e-12
8.88178e-13
4.88498e-12
-4.88498e-12
7.10543e-11
4.88498e-12
-7.68274e-11
8.88178e-13
7.72715e-11
7.19425e-11
9.76996e-12
-7.4607e-11
-1.15463e-11
-8.88178e-13
8.83738e-11
-1.11022e-11
-7.14984e-11
8.9706e-11
0
-7.28306e-11
-4.44089e-12
-1.33227e-12
5.32907e-12
-3.9968e-12
-7.28306e-11
-6.75016e-11
0
0
-1.33227e-12
-1.77636e-12
)
;

boundaryField
{
    frontAndBack
    {
        type            calculated;
        value           nonuniform List<scalar> 
600
(
-497.414
-497.414
-497.414
-497.414
-497.414
-497.414
-497.414
-497.414
-497.414
-497.414
-2.57975
-2.57975
-2.57975
-2.57975
-2.57975
-2.57975
-2.57975
-2.57975
-2.57975
-2.57975
-0.00672704
-0.00672704
-0.00672704
-0.00672704
-0.00672704
-0.00672704
-0.00672704
-0.00672704
-0.00672704
-0.00672705
-1.17444e-05
-1.17444e-05
-1.17444e-05
-1.17444e-05
-1.17444e-05
-1.17444e-05
-1.17444e-05
-1.17444e-05
-1.17444e-05
-1.17444e-05
-1.55e-08
-1.54978e-08
-1.55067e-08
-1.54179e-08
-1.55005e-08
-1.54827e-08
-1.54121e-08
-1.5508e-08
-1.54308e-08
-1.54565e-08
-3.59712e-11
-3.95239e-11
-4.44089e-11
-7.90479e-11
-3.06422e-11
-4.44089e-11
2.22045e-11
-4.70735e-11
-7.72715e-11
3.4639e-11
7.19425e-11
1.5099e-11
0
4.44089e-13
8.79297e-11
-1.42109e-11
2.22045e-12
7.14984e-11
-6.9722e-11
-6.21725e-12
0
-9.32587e-12
8.70415e-11
-4.44089e-13
7.41629e-11
8.70415e-11
0
1.06581e-11
6.30607e-11
-7.32747e-11
0
-2.22045e-12
-8.88178e-13
-7.37188e-11
-8.61533e-11
1.42109e-11
-8.61533e-11
-8.21565e-11
-1.68754e-11
-6.4837e-11
6.75016e-11
1.33227e-11
-6.92779e-11
5.77316e-12
-7.14984e-11
-8.4821e-11
1.42109e-11
-4.44089e-12
-6.39488e-11
7.50511e-11
-497.414
-497.414
-497.414
-497.414
-497.414
-497.414
-497.414
-497.414
-497.414
-497.414
-2.57975
-2.57975
-2.57975
-2.57975
-2.57975
-2.57975
-2.57975
-2.57975
-2.57975
-2.57975
-0.00672705
-0.00672705
-0.00672705
-0.00672705
-0.00672705
-0.00672705
-0.00672705
-0.00672705
-0.00672705
-0.00672705
-1.17444e-05
-1.17444e-05
-1.17444e-05
-1.17444e-05
-1.17444e-05
-1.17444e-05
-1.17444e-05
-1.17444e-05
-1.17444e-05
-1.17444e-05
-1.54565e-08
-1.55e-08
-1.5524e-08
-1.55005e-08
-1.55e-08
-1.54983e-08
-1.55116e-08
-1.55032e-08
-1.55183e-08
-1.54272e-08
-3.73035e-11
-4.44089e-11
-4.21885e-11
-1.77636e-12
-4.44089e-11
-5.37348e-11
-3.68594e-11
-4.13003e-11
-5.37348e-11
-3.77476e-11
8.88178e-13
0
0
6.21725e-12
0
1.15463e-11
3.9968e-12
-3.10862e-12
7.41629e-11
-7.28306e-11
-1.33227e-12
-2.22045e-12
1.46549e-11
-7.14984e-11
1.68754e-11
2.66454e-12
-3.9968e-12
5.32907e-12
1.5099e-11
7.41629e-11
-7.19425e-11
-2.22045e-12
0
8.43769e-12
0
4.44089e-13
-1.77636e-11
-6.21725e-12
-7.37188e-11
7.32747e-11
8.88178e-13
8.9706e-11
-1.46549e-11
0
-1.68754e-11
9.76996e-12
-1.24345e-11
-8.43769e-12
7.14984e-11
-7.28306e-11
1.77636e-12
-5.32907e-12
-2.22045e-12
2.22045e-12
7.32747e-11
-1.77636e-12
1.02141e-11
-3.9968e-12
8.65974e-11
7.23865e-11
2.22045e-12
4.44089e-13
-2.22045e-12
6.75016e-11
0
8.65974e-11
-7.41629e-11
-3.9968e-12
3.10862e-12
0
-2.66454e-12
7.10543e-12
2.22045e-12
0
-6.30607e-11
8.88178e-13
-4.44089e-13
8.43769e-11
8.88178e-13
-8.88178e-13
3.9968e-12
0
-4.44089e-13
0
7.4607e-11
-7.32747e-11
0
7.99361e-12
7.37188e-11
0
-3.9968e-12
7.14984e-11
6.79456e-11
-1.42109e-11
4.44089e-12
6.75016e-11
3.9968e-12
2.22045e-12
-1.77636e-12
4.44089e-13
4.44089e-13
-5.77316e-12
-6.21725e-12
2.22045e-12
-7.77156e-11
-6.21725e-12
-2.66454e-12
-1.46549e-11
-1.02141e-11
-2.22045e-12
0
-7.32747e-11
-6.9722e-11
1.37668e-11
-1.33227e-12
3.9968e-12
-1.33227e-12
-7.19425e-11
-6.92779e-11
1.77636e-12
-2.22045e-12
6.66134e-12
7.99361e-12
-6.92779e-11
4.44089e-12
8.43769e-12
4.44089e-12
0
-6.70575e-11
-7.14984e-11
5.77316e-12
3.73035e-11
-1.77636e-12
-4.88498e-12
6.88338e-11
-7.59393e-11
6.92779e-11
0
6.92779e-11
-2.66454e-12
-3.9968e-12
-1.33227e-12
-1.77636e-12
0
-8.88178e-13
-1.77636e-12
-1.33227e-12
3.9968e-12
3.10862e-12
7.41629e-11
0
7.14984e-11
7.54952e-11
0
7.54952e-11
0
8.70415e-11
0
-1.28786e-11
-1.77636e-12
7.41629e-11
-7.4607e-11
0
8.88178e-13
1.5099e-11
7.68274e-11
1.46549e-11
7.99361e-11
2.22045e-12
-8.88178e-13
0
-7.63833e-11
-7.54952e-11
-5.77316e-12
6.66134e-12
0
4.44089e-13
0
0
-1.77636e-12
0
6.92779e-11
0
-1.37668e-11
-3.55271e-12
0
-1.24345e-11
0
-7.41629e-11
7.28306e-11
7.14984e-11
7.99361e-11
8.70415e-11
6.66134e-12
-6.92779e-11
7.37188e-11
0
5.01821e-11
1.73195e-11
-7.06102e-11
-2.22045e-12
-6.79456e-11
7.9492e-11
7.10543e-12
6.43929e-11
-1.33227e-12
9.76996e-12
-7.23865e-11
-1.46549e-11
-7.23865e-11
2.22045e-12
-7.4607e-11
-8.34888e-11
-1.42109e-11
-1.33227e-11
-7.19425e-11
-8.70415e-11
-3.59712e-11
0
1.33227e-12
-7.14984e-11
-1.42109e-11
-6.66134e-12
7.72715e-11
0
-7.37188e-11
7.4607e-11
-1.33227e-12
0
7.14984e-11
-2.66454e-12
0
-8.88178e-13
1.11022e-11
0
-1.24345e-11
8.79297e-11
-1.33227e-11
-1.5099e-11
7.23865e-11
7.41629e-11
9.32587e-12
-7.32747e-11
-8.34888e-11
-5.86198e-11
-8.88178e-13
-7.41629e-11
1.77636e-12
8.65974e-11
8.88178e-13
-5.77316e-12
-3.68594e-11
4.44089e-12
4.88498e-12
4.88498e-12
-1.24345e-11
-7.01661e-11
-1.33227e-12
-8.4821e-11
-3.9968e-12
2.22045e-12
-3.10862e-12
1.77636e-12
-4.88498e-12
1.33227e-12
1.77636e-12
-6.21725e-12
1.02141e-11
-5.77316e-12
-4.44089e-13
0
-4.44089e-13
-2.22045e-12
-1.42109e-11
0
8.9706e-11
0
0
9.05942e-11
6.21725e-12
-2.22045e-12
3.55271e-12
-1.33227e-12
-9.32587e-12
7.32747e-11
7.28306e-11
5.77316e-12
6.03961e-11
7.9492e-11
4.44089e-13
1.77636e-12
-2.22045e-12
0
8.57092e-11
0
0
7.50511e-11
-7.99361e-12
0
0
0
4.44089e-13
0
-4.44089e-13
0
0
0
-6.30607e-11
0
0
4.44089e-13
1.33227e-12
-1.02141e-11
4.44089e-13
-7.9492e-11
-1.95399e-11
-1.33227e-12
1.02141e-11
-4.44089e-13
-7.54952e-11
0
0
0
4.44089e-13
0
0
-2.66454e-12
-2.22045e-12
0
0
-7.10543e-11
6.9722e-11
7.99361e-11
1.33227e-12
8.03801e-11
2.04281e-11
0
7.28306e-11
1.33227e-12
0
-6.92779e-11
6.92779e-11
6.92779e-11
8.74856e-11
1.33227e-12
1.33227e-12
7.77156e-11
7.63833e-11
1.33227e-12
-7.59393e-11
-7.28306e-11
7.41629e-11
0
7.23865e-11
1.73195e-11
8.65974e-11
-7.4607e-11
8.43769e-12
9.76996e-12
-4.44089e-12
-2.22045e-12
7.81597e-11
1.42109e-11
7.28306e-11
6.9722e-11
5.77316e-12
-2.22045e-12
8.88178e-13
-7.4607e-11
-1.33227e-12
7.50511e-11
-7.81597e-11
0
-7.19425e-11
-4.44089e-13
-7.72715e-11
6.08402e-11
4.88498e-12
-1.15463e-11
5.32907e-12
2.22045e-12
0
-1.42109e-11
-6.08402e-11
-6.92779e-11
-2.22045e-12
5.77316e-12
-4.88498e-12
-8.88178e-13
-3.9968e-12
0
4.44089e-13
1.5099e-11
1.77636e-12
6.75016e-11
3.9968e-12
-5.9508e-11
7.10543e-11
8.83738e-11
-7.28306e-11
0
-7.81597e-11
0
-8.88178e-13
0
-3.10862e-12
3.10862e-12
4.88498e-12
-1.11022e-11
-6.75016e-11
-4.44089e-13
4.44089e-12
0
-1.33227e-12
-8.17124e-11
6.83897e-11
-1.73195e-11
-7.68274e-11
-7.14984e-11
0
0
-4.44089e-13
0
2.22045e-12
4.44089e-13
4.88498e-12
0
8.88178e-13
8.9706e-11
0
-7.50511e-11
7.32747e-11
0
8.88178e-13
8.12683e-11
4.88498e-12
8.21565e-11
7.72715e-11
0
-1.33227e-12
-7.59393e-11
7.77156e-11
1.46549e-11
1.33227e-12
6.75016e-11
7.19425e-11
6.52811e-11
7.19425e-11
-7.28306e-11
-1.77636e-12
)
;
    }
    left
    {
        type            calculated;
        value           nonuniform List<scalar> 
100
(
-989.681
-989.681
-989.681
-989.681
-989.681
-989.681
-989.681
-989.681
-989.681
-989.681
-989.681
-989.681
-989.681
-989.681
-989.681
-989.681
-989.681
-989.681
-989.681
-989.681
-989.681
-989.681
-989.681
-989.681
-989.681
-989.681
-989.681
-989.681
-989.681
-989.681
-989.681
-989.681
-989.681
-989.681
-989.681
-989.681
-989.681
-989.681
-989.681
-989.681
-989.681
-989.681
-989.681
-989.681
-989.681
-989.681
-989.681
-989.681
-989.681
-989.681
-989.681
-989.681
-989.681
-989.681
-989.681
-989.681
-989.681
-989.681
-989.681
-989.681
-989.681
-989.681
-989.681
-989.681
-989.681
-989.681
-989.681
-989.681
-989.681
-989.681
-989.681
-989.681
-989.681
-989.681
-989.681
-989.681
-989.681
-989.681
-989.681
-989.681
-989.681
-989.681
-989.681
-989.681
-989.681
-989.681
-989.681
-989.681
-989.681
-989.681
-989.681
-989.681
-989.681
-989.681
-989.681
-989.681
-989.681
-989.681
-989.681
-989.681
)
;
    }
    right
    {
        type            calculated;
        value           uniform 0;
    }
    lowerWall
    {
        type            calculated;
        value           nonuniform List<scalar> 
300
(
-497.414
-497.414
-497.414
-497.414
-497.414
-497.414
-497.414
-497.414
-497.414
-497.414
-2.57975
-2.57975
-2.57975
-2.57975
-2.57975
-2.57975
-2.57975
-2.57975
-2.57975
-2.57975
-0.00672704
-0.00672704
-0.00672704
-0.00672704
-0.00672704
-0.00672704
-0.00672704
-0.00672704
-0.00672704
-0.00672705
-1.17444e-05
-1.17444e-05
-1.17444e-05
-1.17444e-05
-1.17444e-05
-1.17444e-05
-1.17444e-05
-1.17444e-05
-1.17444e-05
-1.17444e-05
-1.55e-08
-1.55223e-08
-1.55067e-08
-1.54916e-08
-1.55245e-08
-1.55067e-08
-1.54983e-08
-1.55223e-08
-1.54112e-08
-1.54565e-08
-3.59712e-11
-4.08562e-11
-4.44089e-11
-4.13003e-11
-2.84217e-11
4.17444e-11
2.53131e-11
-2.66454e-12
2.44249e-11
-3.73035e-11
7.19425e-11
8.74856e-11
0
7.37188e-11
8.79297e-11
-1.02141e-11
1.68754e-11
8.61533e-11
-6.92779e-11
8.88178e-13
0
2.66454e-12
8.70415e-11
0
7.19425e-11
0
-6.30607e-11
-7.19425e-11
0
-1.33227e-12
0
-7.50511e-11
-8.88178e-13
-7.37188e-11
-8.61533e-11
1.11022e-11
-1.64313e-11
0
-1.68754e-11
-7.19425e-11
6.75016e-11
8.88178e-13
-6.92779e-11
5.77316e-12
-7.54952e-11
-8.4821e-11
-1.77636e-12
-4.44089e-12
-6.39488e-11
8.88178e-13
1.77636e-12
-5.32907e-12
-2.22045e-12
2.22045e-12
-2.22045e-12
-1.77636e-12
1.55431e-11
-7.72715e-11
8.65974e-11
0
2.22045e-12
4.44089e-13
-2.22045e-12
-4.88498e-12
3.9968e-12
8.65974e-11
3.55271e-12
6.52811e-11
3.10862e-12
7.41629e-11
-2.66454e-12
7.68274e-11
2.22045e-12
0
1.64313e-11
-7.10543e-12
1.77636e-12
-1.19904e-11
-7.37188e-11
0
3.9968e-12
0
7.4607e-11
0
4.44089e-13
-7.37188e-11
7.41629e-11
-6.17284e-11
7.4607e-11
0
-3.9968e-12
1.77636e-12
-3.9968e-12
0
6.79456e-11
7.99361e-11
6.79456e-11
8.4821e-11
7.19425e-11
7.14984e-11
4.44089e-13
-1.28786e-11
-7.54952e-12
7.4607e-11
6.61693e-11
-6.21725e-12
-8.12683e-11
-3.9968e-12
-8.34888e-11
-2.22045e-12
0
-7.37188e-11
2.22045e-12
-4.44089e-13
-6.83897e-11
0
-6.92779e-11
-6.79456e-11
-6.92779e-11
2.22045e-12
-2.22045e-12
1.5099e-11
-6.52811e-11
-6.92779e-11
-6.61693e-11
7.99361e-12
8.43769e-12
0
6.21725e-12
-7.14984e-11
5.77316e-12
3.64153e-11
6.92779e-11
-4.88498e-12
6.92779e-11
-7.54952e-11
-2.66454e-12
-8.88178e-13
-2.66454e-12
-2.66454e-12
-3.9968e-12
-1.33227e-12
-1.77636e-12
0
-8.88178e-13
7.14984e-11
7.28306e-11
6.57252e-11
2.66454e-12
7.41629e-11
-5.77316e-12
-3.68594e-11
-8.43769e-11
-9.32587e-12
-6.79456e-11
-1.24345e-11
-1.24345e-11
7.32747e-11
-1.24345e-11
-7.28306e-11
2.22045e-12
-3.55271e-12
1.33227e-12
-4.88498e-12
1.77636e-12
-7.14984e-11
-8.03801e-11
-6.08402e-11
-5.77316e-12
-2.22045e-12
0
0
1.55431e-11
1.42109e-11
-2.22045e-12
1.46549e-11
8.9706e-11
-7.37188e-11
8.9706e-11
7.50511e-11
-2.22045e-12
3.55271e-12
7.28306e-11
-9.32587e-12
-1.33227e-12
7.28306e-11
8.03801e-11
3.5083e-11
8.03801e-11
2.22045e-12
1.77636e-12
-2.22045e-12
0
-8.88178e-13
0
0
0
6.35048e-11
0
0
0
4.44089e-13
-7.50511e-11
1.5099e-11
0
-7.50511e-11
0
-3.81917e-11
0
0
4.44089e-13
1.33227e-12
-9.76996e-12
7.19425e-11
1.77636e-12
0
-4.44089e-13
-6.08402e-11
-4.44089e-13
-4.44089e-13
0
0
4.44089e-13
0
0
0
0
-2.22045e-12
0
0
-7.10543e-11
6.9722e-11
7.90479e-11
0
6.79456e-11
7.59393e-11
1.33227e-12
0
1.33227e-12
-7.50511e-11
-6.92779e-11
6.92779e-11
7.01661e-11
7.23865e-11
6.92779e-11
7.63833e-11
1.33227e-12
4.44089e-12
1.33227e-12
-7.59393e-11
)
;
    }
    upperWall
    {
        type            calculated;
        value           nonuniform List<scalar> 
300
(
-497.414
-497.414
-497.414
-497.414
-497.414
-497.414
-497.414
-497.414
-497.414
-497.414
-2.57975
-2.57975
-2.57975
-2.57975
-2.57975
-2.57975
-2.57975
-2.57975
-2.57975
-2.57975
-0.00672705
-0.00672705
-0.00672705
-0.00672705
-0.00672705
-0.00672705
-0.00672705
-0.00672705
-0.00672705
-0.00672705
-1.17444e-05
-1.17444e-05
-1.17444e-05
-1.17444e-05
-1.17444e-05
-1.17444e-05
-1.17444e-05
-1.17444e-05
-1.17444e-05
-1.17444e-05
-1.54565e-08
-1.54814e-08
-1.54987e-08
-1.54947e-08
-1.55245e-08
-1.54836e-08
-1.55245e-08
-1.54827e-08
-1.54934e-08
-1.54272e-08
3.4639e-11
-4.66294e-11
-4.39648e-11
3.59712e-11
-4.39648e-11
4.30767e-11
-4.39648e-11
-4.44089e-11
4.30767e-11
-3.77476e-11
-6.21725e-12
7.14984e-11
2.22045e-12
-8.88178e-12
1.19904e-11
1.11022e-11
1.15463e-11
-3.10862e-12
-4.44089e-13
-7.28306e-11
-7.32747e-11
0
1.73195e-11
-7.41629e-11
-4.44089e-13
0
1.68754e-11
8.70415e-11
-7.14984e-11
7.41629e-11
-6.4837e-11
-7.72715e-11
1.46549e-11
1.19904e-11
5.32907e-12
1.33227e-12
5.77316e-12
-6.21725e-12
-3.9968e-12
7.32747e-11
7.50511e-11
1.19904e-11
-1.46549e-11
-1.19904e-11
1.73195e-11
-7.50511e-11
-5.77316e-12
-7.81597e-11
-1.55431e-11
-7.28306e-11
7.23865e-11
3.55271e-12
-1.73195e-11
2.22045e-12
-4.44089e-12
3.9968e-12
0
-2.66454e-12
4.44089e-12
-1.77636e-12
0
7.81597e-11
0
-4.44089e-13
-5.77316e-12
7.72715e-11
5.32907e-12
8.03801e-11
1.5099e-11
-8.88178e-13
-8.88178e-13
-6.66134e-12
0
-6.66134e-12
4.44089e-13
-1.06581e-11
0
0
-1.02141e-11
-1.77636e-12
0
-7.28306e-11
1.46549e-11
1.46549e-11
0
0
-1.42109e-11
-3.64153e-11
1.77636e-12
7.28306e-11
4.44089e-13
5.77316e-12
2.66454e-12
6.66134e-12
7.63833e-11
-3.9968e-12
-1.42109e-11
8.88178e-11
8.03801e-11
-7.06102e-11
-2.22045e-12
-7.99361e-12
-1.73195e-11
7.01661e-11
4.44089e-13
-8.88178e-11
1.42109e-11
-3.9968e-11
-1.73195e-11
-7.23865e-11
1.77636e-12
7.50511e-11
0
-4.44089e-13
-7.14984e-11
9.76996e-12
8.88178e-12
0
-8.65974e-11
1.33227e-12
-7.14984e-11
8.43769e-12
0
-7.01661e-11
0
-4.44089e-13
0
-4.44089e-13
0
7.14984e-11
-2.66454e-12
-5.77316e-12
1.46549e-11
7.14984e-11
-5.77316e-12
-9.32587e-12
7.68274e-11
-4.44089e-13
1.28786e-11
7.23865e-11
7.41629e-11
7.23865e-11
2.66454e-12
-1.33227e-11
2.66454e-12
1.19904e-11
-1.77636e-12
-1.28786e-11
2.66454e-12
8.88178e-13
-3.9968e-12
-7.23865e-11
0
-7.19425e-11
7.68274e-11
1.42109e-11
-7.37188e-11
-7.37188e-11
7.32747e-11
-4.44089e-12
-4.44089e-13
-7.9492e-11
8.21565e-11
8.21565e-11
6.9722e-11
1.33227e-12
2.22045e-12
1.82077e-11
1.02141e-11
-1.33227e-12
6.21725e-12
-1.33227e-12
-1.46549e-11
-1.77636e-12
-7.37188e-11
5.81757e-11
-1.55431e-11
2.22045e-12
-1.11022e-11
5.32907e-12
4.44089e-13
3.10862e-12
-6.75016e-11
-6.75016e-11
3.9968e-12
-8.88178e-13
-1.77636e-12
7.14984e-11
7.41629e-11
-3.9968e-12
0
0
0
0
0
-5.86198e-11
8.88178e-12
0
-5.86198e-11
-7.28306e-11
0
0
-1.5099e-11
-1.77636e-12
-7.37188e-11
5.77316e-12
0
-7.19425e-11
-7.50511e-11
-6.75016e-11
-7.54952e-11
-1.19904e-11
8.26006e-11
7.14984e-11
6.9722e-11
0
1.33227e-12
-5.32907e-12
-1.37668e-11
0
0
0
0
0
0
0
0
8.88178e-13
0
0
0
8.9706e-11
5.77316e-12
2.22045e-12
5.32907e-12
7.19425e-11
7.19425e-11
5.59552e-11
8.65974e-11
-1.33227e-12
-7.59393e-11
7.86038e-11
8.79297e-11
7.37188e-11
7.50511e-11
7.23865e-11
6.75016e-11
5.19584e-11
7.86038e-11
-1.77636e-12
)
;
    }
}


// ************************************************************************* //
