/*--------------------------------*- C++ -*----------------------------------*\
  =========                 |
  \\      /  F ield         | OpenFOAM: The Open Source CFD Toolbox
   \\    /   O peration     | Website:  https://openfoam.org
    \\  /    A nd           | Version:  10
     \\/     M anipulation  |
\*---------------------------------------------------------------------------*/
FoamFile
{
    format      ascii;
    class       volScalarField;
    location    "1.7";
    object      gradTx;
}
// * * * * * * * * * * * * * * * * * * * * * * * * * * * * * * * * * * * * * //

dimensions      [0 -1 0 1 0 0 0];

internalField   nonuniform List<scalar> 
3000
(
-496.623
-3.36545
-0.0114627
-2.61192e-05
-4.48601e-08
-8.92619e-11
9.50351e-11
0
0
9.01501e-11
-496.623
-3.36545
-0.0114627
-2.61192e-05
-4.48597e-08
-8.52651e-11
1.95399e-11
-1.24345e-11
-3.10862e-12
1.77636e-11
-496.623
-3.36545
-0.0114627
-2.61192e-05
-4.48712e-08
-9.19265e-11
0
1.15019e-10
-4.44089e-13
-9.19265e-11
-496.623
-3.36545
-0.0114627
-2.61192e-05
-4.47526e-08
-1.35003e-10
0
0
-9.76996e-11
7.10543e-12
-496.623
-3.36545
-0.0114627
-2.61192e-05
-4.48623e-08
-7.37188e-11
1.16351e-10
9.81437e-11
-1.13243e-10
-9.37028e-11
-496.623
-3.36545
-0.0114627
-2.61192e-05
-4.48392e-08
-9.14824e-11
-1.90958e-11
1.15019e-10
1.90958e-11
-1.1191e-10
-496.623
-3.36545
-0.0114627
-2.61192e-05
-4.47433e-08
0
2.22045e-12
0
-1.12799e-10
1.42109e-11
-496.623
-3.36545
-0.0114627
-2.61192e-05
-4.48686e-08
-1.03917e-10
9.4591e-11
1.42109e-11
-1.08802e-10
-5.32907e-12
-496.623
-3.36545
-0.0114627
-2.61192e-05
-4.47709e-08
-1.34115e-10
-9.28146e-11
8.70415e-11
-2.22045e-11
-8.83738e-11
-496.623
-3.36545
-0.0114627
-2.61192e-05
-4.48015e-08
5.77316e-12
-6.21725e-12
-9.63674e-11
-8.74856e-11
9.76996e-11
-496.623
-3.36545
-0.0114627
-2.61192e-05
-4.48903e-08
-8.74856e-11
1.14131e-10
3.9968e-12
-9.90319e-11
1.77636e-12
-496.623
-3.36545
-0.0114627
-2.61192e-05
-4.48885e-08
-7.06102e-11
4.57412e-11
-1.82077e-11
1.02141e-11
-5.32907e-12
-496.623
-3.36545
-0.0114627
-2.61193e-05
-4.48503e-08
-8.21565e-11
6.66134e-12
6.92779e-11
3.55271e-12
-3.90799e-11
-496.623
-3.36545
-0.0114627
-2.61192e-05
-4.48379e-08
-1.16795e-10
-1.46549e-11
0
-2.35367e-11
-2.93099e-11
-496.623
-3.36545
-0.0114627
-2.61193e-05
-4.4901e-08
-5.15143e-11
6.57252e-11
0
-5.32907e-11
-4.44089e-13
-496.623
-3.36545
-0.0114627
-2.61193e-05
-4.48752e-08
-8.21565e-11
6.66134e-12
6.92779e-11
3.55271e-12
-1.64313e-11
-496.623
-3.36545
-0.0114627
-2.61192e-05
-4.49063e-08
-7.37188e-11
6.52811e-11
0
-5.32907e-11
-3.4639e-11
-496.623
-3.36545
-0.0114627
-2.61192e-05
-4.48486e-08
-1.27898e-10
7.99361e-12
0
-4.52971e-11
4.52971e-11
-496.623
-3.36545
-0.0114627
-2.61192e-05
-4.48379e-08
-8.61533e-11
-1.15463e-11
-4.26326e-11
-5.72875e-11
3.06422e-11
-496.623
-3.36545
-0.0114627
-2.61192e-05
-4.48357e-08
-9.41469e-11
9.41469e-11
0
-1.01252e-10
1.59872e-11
-496.623
-3.36545
-0.0114627
-2.61192e-05
-4.48739e-08
-9.19265e-11
0
1.15019e-10
-4.44089e-13
-9.19265e-11
-496.623
-3.36545
-0.0114627
-2.61193e-05
-4.48752e-08
-3.33067e-11
1.46549e-11
2.04281e-11
-4.44089e-12
8.88178e-13
-496.623
-3.36545
-0.0114627
-2.61192e-05
-4.48126e-08
-1.2701e-10
-1.33227e-12
-1.19904e-11
-6.83897e-11
6.83897e-11
-496.623
-3.36545
-0.0114627
-2.61192e-05
-4.4901e-08
-7.06102e-11
5.81757e-11
-3.10862e-11
-2.70894e-11
7.54952e-12
-496.623
-3.36545
-0.0114627
-2.61193e-05
-4.48805e-08
-8.26006e-11
1.19904e-11
8.88178e-13
-1.28786e-11
6.08402e-11
-496.623
-3.36545
-0.0114627
-2.61192e-05
-4.48726e-08
-1.39444e-10
6.88338e-11
-1.24345e-11
-1.77636e-11
7.06102e-11
-496.623
-3.36545
-0.0114627
-2.61192e-05
-4.4881e-08
-7.63833e-11
2.9754e-11
0
-1.77636e-11
1.77636e-11
-496.623
-3.36545
-0.0114627
-2.61192e-05
-4.48481e-08
-1.34115e-10
-1.28786e-11
0
-5.72875e-11
4.4853e-11
-496.623
-3.36545
-0.0114627
-2.61193e-05
-4.49076e-08
-6.9722e-11
1.19904e-11
-1.19904e-11
3.77476e-11
3.01981e-11
-496.623
-3.36545
-0.0114627
-2.61192e-05
-4.48588e-08
-9.10383e-11
3.55271e-12
2.26485e-11
1.86517e-11
-1.90958e-11
-496.623
-3.36545
-0.0114627
-2.61192e-05
-4.48499e-08
-8.83738e-11
9.76996e-11
0
-9.76996e-11
7.10543e-12
-496.623
-3.36545
-0.0114627
-2.61193e-05
-4.48694e-08
-4.9738e-11
1.59872e-11
0
-2.30926e-11
4.88498e-12
-496.623
-3.36545
-0.0114627
-2.61193e-05
-4.49005e-08
-7.72715e-11
2.04281e-11
3.86358e-11
1.02141e-11
2.22045e-12
-496.623
-3.36545
-0.0114627
-2.61193e-05
-4.48805e-08
-6.66134e-11
1.86517e-11
0
-3.5083e-11
-4.44089e-13
-496.623
-3.36545
-0.0114627
-2.61192e-05
-4.4877e-08
-1.23013e-10
-4.39648e-11
3.81917e-11
6.08402e-11
-6.08402e-11
-496.623
-3.36545
-0.0114627
-2.61192e-05
-4.4837e-08
-8.12683e-11
-1.11022e-11
-1.24345e-11
-5.77316e-11
-1.86517e-11
-496.623
-3.36545
-0.0114627
-2.61192e-05
-4.48401e-08
-1.23457e-10
-5.37348e-11
3.81917e-11
6.08402e-11
-6.12843e-11
-496.623
-3.36545
-0.0114627
-2.61193e-05
-4.49312e-08
-3.5083e-11
5.01821e-11
0
4.44089e-13
7.99361e-12
-496.623
-3.36545
-0.0114627
-2.61192e-05
-4.48823e-08
-1.11466e-10
1.46549e-11
-1.77636e-11
-5.37348e-11
2.44249e-11
-496.623
-3.36545
-0.0114627
-2.61192e-05
-4.48535e-08
1.28786e-11
-1.24345e-11
-9.72555e-11
1.59872e-11
-1.59872e-11
-496.623
-3.36545
-0.0114627
-2.61192e-05
-4.48965e-08
-7.10543e-11
1.16351e-10
9.4591e-11
-1.13243e-10
-9.9476e-11
-496.623
-3.36545
-0.0114627
-2.61193e-05
-4.49276e-08
-3.33067e-11
5.72875e-11
-1.77636e-11
-4.52971e-11
2.22045e-11
-496.623
-3.36545
-0.0114627
-2.61193e-05
-4.48193e-08
-6.9722e-11
-5.68434e-11
-1.19904e-11
-1.28786e-11
1.19904e-11
-496.623
-3.36545
-0.0114627
-2.61192e-05
-4.4901e-08
-3.24185e-11
2.04281e-11
-6.88338e-11
1.68754e-11
5.81757e-11
-496.623
-3.36545
-0.0114627
-2.61193e-05
-4.49258e-08
-8.26006e-11
5.06262e-11
0
-5.06262e-11
5.06262e-11
-496.623
-3.36545
-0.0114627
-2.61193e-05
-4.49076e-08
-7.06102e-11
6.17284e-11
-1.28786e-11
-1.02141e-11
3.10862e-11
-496.623
-3.36545
-0.0114627
-2.61193e-05
-4.48885e-08
-8.21565e-11
5.06262e-11
0
0
5.06262e-11
-496.623
-3.36545
-0.0114627
-2.61193e-05
-4.48477e-08
-3.10862e-11
-1.90958e-11
0
-1.15463e-11
-3.86358e-11
-496.623
-3.36545
-0.0114627
-2.61193e-05
-4.49005e-08
-6.9722e-11
6.4837e-11
-1.19904e-11
-1.5099e-11
6.9722e-11
-496.623
-3.36545
-0.0114627
-2.61192e-05
-4.48939e-08
-9.14824e-11
1.59872e-11
-4.44089e-13
6.66134e-12
2.26485e-11
-496.623
-3.36545
-0.0114627
-2.61192e-05
-4.48712e-08
2.26485e-11
-1.42109e-11
0
1.46549e-11
-1.1191e-10
-496.623
-3.36545
-0.0114627
-2.61193e-05
-4.4877e-08
-8.21565e-11
6.66134e-12
6.92779e-11
-2.70894e-11
-7.99361e-12
-496.623
-3.36545
-0.0114627
-2.61193e-05
-4.4873e-08
-8.26006e-11
5.32907e-11
0
-5.32907e-11
5.37348e-11
-496.623
-3.36545
-0.0114627
-2.61192e-05
-4.4837e-08
-2.84217e-11
-1.11022e-11
-6.17284e-11
3.55271e-12
5.32907e-11
-496.623
-3.36545
-0.0114627
-2.61193e-05
-4.49076e-08
-3.41949e-11
6.88338e-11
-4.44089e-13
-6.83897e-11
1.9984e-11
-496.623
-3.36545
-0.0114627
-2.61193e-05
-4.49361e-08
-6.9722e-11
5.28466e-11
-1.24345e-11
-2.66454e-12
7.10543e-12
-496.623
-3.36545
-0.0114627
-2.61192e-05
-4.48281e-08
-8.92619e-11
-2.9754e-11
5.06262e-11
1.95399e-11
-1.95399e-11
-496.623
-3.36545
-0.0114627
-2.61193e-05
-4.48641e-08
-6.43929e-11
-4.08562e-11
0
1.82077e-11
-2.44249e-11
-496.623
-3.36545
-0.0114627
-2.61193e-05
-4.48219e-08
-5.19584e-11
-1.9984e-11
3.10862e-11
-1.90958e-11
-2.30926e-11
-496.623
-3.36545
-0.0114627
-2.61192e-05
-4.48415e-08
2.39808e-11
1.5099e-11
8.88178e-13
8.88178e-13
-9.9476e-11
-496.623
-3.36545
-0.0114627
-2.61192e-05
-4.48583e-08
5.32907e-12
2.22045e-11
-8.70415e-11
-2.22045e-11
-1.77636e-12
-496.623
-3.36545
-0.0114627
-2.61193e-05
-4.49325e-08
-3.55271e-11
5.77316e-11
0
-5.72875e-11
4.44089e-12
-496.623
-3.36545
-0.0114627
-2.61193e-05
-4.48761e-08
-6.9722e-11
0
0
3.86358e-11
4.79616e-11
-496.623
-3.36545
-0.0114627
-2.61192e-05
-4.48401e-08
-7.06102e-11
-4.04121e-11
3.81917e-11
4.75175e-11
-5.63993e-11
-496.623
-3.36545
-0.0114627
-2.61193e-05
-4.49134e-08
-8.30447e-11
3.86358e-11
1.28786e-11
0
-8.88178e-13
-496.623
-3.36545
-0.0114627
-2.61193e-05
-4.49081e-08
-3.10862e-11
2.44249e-11
-1.9984e-11
-6.21725e-12
6.21725e-12
-496.623
-3.36545
-0.0114627
-2.61193e-05
-4.48379e-08
-8.21565e-11
-3.86358e-11
8.88178e-13
3.77476e-11
1.19904e-11
-496.623
-3.36545
-0.0114627
-2.61193e-05
-4.48868e-08
-7.72715e-11
-1.82077e-11
3.77476e-11
3.90799e-11
-3.90799e-11
-496.623
-3.36545
-0.0114627
-2.61193e-05
-4.48379e-08
-3.15303e-11
-1.33227e-12
-3.86358e-11
-1.77636e-11
5.68434e-11
-496.623
-3.36545
-0.0114627
-2.61192e-05
-4.48939e-08
-9.14824e-11
1.55431e-11
2.26485e-11
6.66134e-12
-6.66134e-12
-496.623
-3.36545
-0.0114627
-2.61192e-05
-4.48876e-08
-3.28626e-11
1.13687e-10
-9.4591e-11
0
-4.88498e-12
-496.623
-3.36545
-0.0114627
-2.61192e-05
-4.48512e-08
-7.77156e-11
7.99361e-12
-7.99361e-12
0
7.99361e-12
-496.623
-3.36545
-0.0114627
-2.61192e-05
-4.48495e-08
-1.15907e-10
-1.06581e-11
-1.82077e-11
-4.4853e-11
4.4853e-11
-496.623
-3.36545
-0.0114627
-2.61193e-05
-4.49312e-08
-8.30447e-11
4.44089e-12
1.37668e-11
-4.88498e-12
4.52971e-11
-496.623
-3.36545
-0.0114627
-2.61192e-05
-4.48241e-08
-1.30118e-10
-4.84057e-11
5.28466e-11
1.82077e-11
-5.28466e-11
-496.623
-3.36545
-0.0114627
-2.61192e-05
-4.48233e-08
-1.22569e-10
-4.08562e-11
0
1.82077e-11
4.17444e-11
-496.623
-3.36545
-0.0114627
-2.61192e-05
-4.48805e-08
-7.72715e-11
-2.44249e-11
3.64153e-11
1.82077e-11
-3.64153e-11
-496.623
-3.36545
-0.0114627
-2.61193e-05
-4.48726e-08
-8.03801e-11
5.59552e-11
0
-4.39648e-11
-4.44089e-13
-496.623
-3.36545
-0.0114627
-2.61192e-05
-4.48805e-08
-3.86358e-11
-2.53131e-11
-3.77476e-11
-1.19904e-11
5.9508e-11
-496.623
-3.36545
-0.0114627
-2.61192e-05
-4.48384e-08
-9.14824e-11
-4.44089e-12
1.15463e-10
-7.99361e-12
-1.03917e-10
-496.623
-3.36545
-0.0114627
-2.61193e-05
-4.47433e-08
4.44089e-12
-9.19265e-11
0
-2.26485e-11
-8.79297e-11
-496.623
-3.36545
-0.0114627
-2.61193e-05
-4.48637e-08
-3.5083e-11
-1.15463e-11
-4.26326e-11
-5.72875e-11
3.06422e-11
-496.623
-3.36545
-0.0114627
-2.61193e-05
-4.48752e-08
-7.06102e-11
1.28786e-11
-1.28786e-11
-1.19904e-11
3.10862e-11
-496.623
-3.36545
-0.0114627
-2.61192e-05
-4.4901e-08
-8.52651e-11
5.72875e-11
-5.59552e-11
-2.04281e-11
-4.44089e-13
-496.623
-3.36545
-0.0114627
-2.61193e-05
-4.49063e-08
-3.41949e-11
5.10703e-11
-4.44089e-13
-5.06262e-11
-3.64153e-11
-496.623
-3.36545
-0.0114627
-2.61193e-05
-4.48219e-08
-3.15303e-11
-1.33227e-11
-3.86358e-11
-5.77316e-12
2.44249e-11
-496.623
-3.36545
-0.0114627
-2.61192e-05
-4.48948e-08
-9.01501e-11
2.04281e-11
1.19904e-11
8.88178e-13
-1.28786e-11
-496.623
-3.36545
-0.0114627
-2.61192e-05
-4.48548e-08
-5.15143e-11
-1.82077e-11
1.19904e-11
5.72875e-11
-4.88498e-11
-496.623
-3.36545
-0.0114627
-2.61193e-05
-4.48965e-08
-6.9722e-11
4.88498e-11
2.44249e-11
-6.08402e-11
-2.4869e-11
-496.623
-3.36545
-0.0114627
-2.61192e-05
-4.48512e-08
2.39808e-11
-4.44089e-13
-9.4591e-11
-4.88498e-12
-2.04281e-11
-496.623
-3.36545
-0.0114627
-2.61192e-05
-4.48015e-08
-8.88178e-11
8.88178e-13
-1.33227e-12
-9.50351e-11
1.33227e-12
-496.623
-3.36545
-0.0114627
-2.61192e-05
-4.48632e-08
-9.14824e-11
0
-3.10862e-12
-3.10862e-12
1.18128e-10
-496.623
-3.36545
-0.0114627
-2.61192e-05
-4.4893e-08
-8.88178e-11
0
1.95399e-11
-8.88178e-13
-1.86517e-11
-496.623
-3.36545
-0.0114627
-2.61192e-05
-4.48632e-08
-3.33067e-11
7.10543e-12
-9.37028e-11
1.06581e-11
8.88178e-13
-496.623
-3.36545
-0.0114627
-2.61192e-05
-4.48623e-08
-9.14824e-11
0
2.22045e-11
0
-2.22045e-11
-496.623
-3.36545
-0.0114627
-2.61192e-05
-4.48583e-08
-1.03473e-10
1.55431e-11
3.9968e-12
1.33227e-12
1.24345e-11
-496.623
-3.36545
-0.0114627
-2.61192e-05
-4.4877e-08
-8.79297e-11
4.88498e-12
-4.88498e-12
-2.26485e-11
-1.73195e-11
-496.623
-3.36545
-0.0114627
-2.61192e-05
-4.48646e-08
-9.59233e-11
-4.44089e-12
6.66134e-12
-7.99361e-12
-1.11022e-11
-496.623
-3.36545
-0.0114627
-2.61192e-05
-4.4885e-08
-1.03473e-10
9.76996e-11
2.04281e-11
-9.76996e-11
9.41469e-11
-496.623
-3.36545
-0.0114627
-2.61193e-05
-4.47646e-08
-8.26006e-11
-9.54792e-11
9.63674e-11
9.63674e-11
-9.54792e-11
1.77636e-12
2.22045e-12
-2.66454e-12
3.9968e-12
-3.9968e-12
4.44089e-13
0
-2.22045e-12
5.77316e-12
-3.9968e-12
-5.77316e-12
-4.44089e-13
8.43769e-12
0
9.50351e-11
-7.10543e-12
-9.59233e-11
7.99361e-12
5.9508e-11
-8.88178e-13
-2.22045e-12
-3.10862e-12
1.77636e-12
-4.44089e-13
9.14824e-11
-7.99361e-12
-9.32587e-11
9.76996e-12
-1.77636e-12
-1.33227e-12
3.10862e-12
9.05942e-11
0
0
-1.95399e-11
2.22045e-12
1.90958e-11
-9.23706e-11
-4.88498e-12
0
9.99201e-11
0
-8.65974e-11
9.72555e-11
4.88498e-12
-1.00808e-10
-4.44089e-13
3.9968e-12
9.19265e-11
-1.33227e-12
-1.77636e-12
1.13687e-10
1.33227e-12
-9.72555e-11
9.05942e-11
-7.54952e-12
3.9968e-12
1.02141e-11
-9.9476e-11
-1.33227e-12
1.28786e-11
-9.68114e-11
0
0
4.88498e-12
-3.55271e-12
-4.44089e-13
4.44089e-12
9.19265e-11
-1.77636e-12
-3.9968e-12
-6.66134e-12
1.1191e-10
1.06581e-11
1.77636e-12
-1.86517e-11
-9.50351e-11
0
0
4.44089e-12
1.14575e-10
4.88498e-12
8.88178e-13
9.63674e-11
-1.77636e-12
-1.02141e-11
-9.19265e-11
-9.05942e-11
9.23706e-11
3.10862e-12
9.54792e-11
0
-8.88178e-13
0
4.44089e-13
-2.22045e-12
1.77636e-12
-9.4591e-11
-2.22045e-12
9.68114e-11
-5.77316e-12
-4.44089e-13
1.01252e-10
4.44089e-13
1.77636e-12
-1.73195e-11
-9.59233e-11
1.82077e-11
5.9508e-11
-8.88178e-13
-8.43769e-12
3.33067e-11
1.37668e-11
1.19904e-11
-6.66134e-12
6.21725e-12
-1.24345e-11
1.28786e-11
9.76996e-12
-6.52811e-11
-6.08402e-11
2.30926e-11
6.21725e-12
0
6.43929e-11
1.42109e-11
-1.77636e-11
-6.08402e-11
1.82077e-11
6.30607e-11
-3.01981e-11
2.88658e-11
0
8.88178e-13
5.77316e-11
2.79776e-11
-4.44089e-13
-1.95399e-11
-2.04281e-11
1.15463e-11
3.64153e-11
2.26485e-11
-2.4869e-11
-4.13003e-11
4.66294e-11
1.15463e-11
-1.68754e-11
2.22045e-11
1.73195e-11
-8.43769e-12
-2.9754e-11
0
2.84217e-11
1.64313e-11
1.19904e-11
-2.88658e-11
-1.77636e-11
-4.13003e-11
1.77636e-11
5.28466e-11
-1.19904e-11
2.26485e-11
4.04121e-11
3.9968e-12
2.9754e-11
-1.68754e-11
0
1.90958e-11
-3.41949e-11
-6.21725e-12
-7.99361e-12
-2.4869e-11
5.72875e-11
2.44249e-11
1.77636e-12
-5.32907e-11
-5.32907e-12
0
0
5.59552e-11
3.06422e-11
0
2.84217e-11
1.64313e-11
1.28786e-11
-2.9754e-11
-1.33227e-12
-3.9968e-11
0
6.9722e-11
4.44089e-12
1.03029e-10
-9.32587e-12
-9.59233e-11
7.54952e-12
-9.76996e-12
9.81437e-11
1.06581e-11
-5.32907e-12
9.50351e-11
-2.22045e-12
-3.10862e-12
1.77636e-12
9.85878e-11
-4.88498e-12
-7.10543e-12
1.33227e-12
-8.79297e-11
9.32587e-11
-2.66454e-12
-2.9754e-11
-1.73195e-11
-2.44249e-11
1.73195e-11
6.4837e-11
-2.9754e-11
-1.82077e-11
-4.04121e-11
1.73195e-11
3.59712e-11
4.08562e-11
-6.08402e-11
1.82077e-11
2.26485e-11
-2.84217e-11
-1.73195e-11
3.4639e-11
4.66294e-11
-3.4639e-11
8.43769e-12
3.4639e-11
3.41949e-11
-1.95399e-11
2.44249e-11
7.54952e-12
-8.88178e-13
0
-1.90958e-11
-4.08562e-11
-3.95239e-11
5.9508e-11
-4.84057e-11
-8.88178e-13
0
-4.61853e-11
4.61853e-11
8.88178e-13
-8.88178e-13
8.88178e-13
-4.70735e-11
-4.44089e-11
-3.28626e-11
5.81757e-11
0
-3.4639e-11
-3.01981e-11
3.95239e-11
0
-3.28626e-11
3.01981e-11
1.06581e-11
0
0
-1.82077e-11
7.54952e-12
4.66294e-11
8.88178e-13
-3.68594e-11
-1.82077e-11
3.77476e-11
5.06262e-11
-4.52971e-11
8.88178e-12
4.52971e-11
-4.75175e-11
-1.11022e-11
1.15463e-11
2.30926e-11
3.41949e-11
-3.9968e-12
1.5099e-11
0
-6.57252e-11
-1.82077e-11
0
1.95399e-11
3.01981e-11
3.41949e-11
0
-3.9968e-12
-2.22045e-11
4.44089e-13
-4.44089e-13
1.95399e-11
3.10862e-12
-2.26485e-11
4.44089e-13
0
1.90958e-11
2.66454e-12
3.10862e-12
-4.88498e-12
0
0
0
9.76996e-11
-4.44089e-13
-9.23706e-11
-4.88498e-12
0
-3.06422e-11
-2.13163e-11
0
8.88178e-13
7.10543e-12
2.79776e-11
6.52811e-11
-5.86198e-11
-8.88178e-13
5.06262e-11
-7.99361e-12
-1.24345e-11
2.39808e-11
2.44249e-11
7.54952e-12
-7.10543e-12
8.88178e-13
1.28786e-11
9.76996e-12
-1.95399e-11
1.19904e-11
-1.33227e-11
1.64313e-11
1.33227e-11
-4.21885e-11
9.76996e-12
0
2.66454e-12
4.88498e-11
-3.64153e-11
-6.17284e-11
4.44089e-13
5.81757e-11
5.01821e-11
-5.77316e-11
-5.81757e-11
8.88178e-13
6.21725e-12
6.52811e-11
4.44089e-13
4.44089e-13
-1.06581e-11
5.10703e-11
4.4853e-11
3.10862e-12
3.10862e-12
0
-9.32587e-12
1.15463e-11
1.28786e-11
-2.66454e-12
0
-1.68754e-11
5.06262e-11
9.32587e-12
-4.57412e-11
0
5.28466e-11
-4.44089e-13
-5.77316e-11
-2.04281e-11
6.21725e-12
4.44089e-13
-1.59872e-11
-1.28786e-11
-4.4853e-11
-1.15463e-11
-4.44089e-13
1.19904e-11
6.03961e-11
1.95399e-11
-1.33227e-12
3.81917e-11
4.44089e-13
-1.11022e-11
2.26485e-11
-5.06262e-11
1.28786e-11
2.9754e-11
-3.19744e-11
2.66454e-12
0
-7.54952e-12
1.86517e-11
8.43769e-12
9.28146e-11
-8.88178e-13
-9.23706e-11
9.41469e-11
-1.86517e-11
-3.55271e-12
5.77316e-12
2.17604e-11
0
9.05942e-11
8.92619e-11
-9.14824e-11
-8.83738e-11
9.19265e-11
-1.33227e-12
5.68434e-11
1.68754e-11
-4.66294e-11
0
4.84057e-11
-2.44249e-11
-4.44089e-13
-3.37508e-11
-3.33067e-11
2.4869e-11
7.28306e-11
2.53131e-11
-1.37668e-11
-2.44249e-11
-4.70735e-11
1.11022e-11
-4.88498e-12
3.55271e-11
5.32907e-12
-4.70735e-11
-3.06422e-11
1.46549e-11
6.08402e-11
-5.24025e-11
-5.9952e-11
-1.33227e-11
-4.44089e-13
3.4639e-11
4.44089e-12
-3.41949e-11
5.9508e-11
0
0
0
-8.88178e-12
8.88178e-12
-5.06262e-11
0
5.06262e-11
-8.88178e-12
-2.84217e-11
3.73035e-11
4.70735e-11
0
-2.04281e-11
-3.55271e-12
-1.77636e-11
-4.26326e-11
3.73035e-11
8.43769e-12
1.5099e-11
-8.88178e-13
8.88178e-13
-3.86358e-11
-5.28466e-11
5.28466e-11
3.77476e-11
0
-3.77476e-11
-3.5083e-11
1.24345e-11
0
5.28466e-11
4.4853e-11
-5.32907e-11
-1.11022e-11
5.50671e-11
3.10862e-12
-9.76996e-12
1.64313e-11
-1.9984e-11
0
-3.15303e-11
0
5.90639e-11
-3.77476e-11
1.02141e-11
0
0
1.73195e-11
-4.44089e-12
-6.66134e-12
0
0
9.90319e-11
1.33227e-12
-9.37028e-11
-4.44089e-13
-6.21725e-12
1.77636e-12
-1.77636e-12
1.13687e-10
-8.88178e-12
-9.72555e-11
1.04805e-10
-7.54952e-12
0
1.02141e-11
-9.9476e-11
9.50351e-11
3.81917e-11
9.32587e-12
-2.30926e-11
4.44089e-13
2.44249e-11
-4.70735e-11
0
4.52971e-11
-1.68754e-11
1.33227e-12
6.21725e-12
4.44089e-13
-4.44089e-13
-4.57412e-11
5.41789e-11
5.32907e-12
1.02141e-11
-5.77316e-12
-3.10862e-12
3.01981e-11
-1.33227e-12
-3.33067e-11
-5.90639e-11
-1.33227e-11
6.57252e-11
2.39808e-11
-1.24345e-11
2.84217e-11
-2.9754e-11
-1.77636e-12
5.90639e-11
-2.66454e-12
3.10862e-12
-2.84217e-11
-5.01821e-11
2.26485e-11
1.73195e-11
0
0
9.32587e-12
-4.44089e-12
6.52811e-11
2.13163e-11
-3.5083e-11
-3.73035e-11
-3.01981e-11
-2.30926e-11
3.90799e-11
2.93099e-11
2.26485e-11
1.42109e-11
2.70894e-11
2.22045e-12
1.02141e-11
-5.50671e-11
-2.66454e-12
1.82077e-11
0
2.04281e-11
-4.88498e-12
3.86358e-11
7.99361e-12
-2.04281e-11
-7.99361e-12
-3.73035e-11
5.59552e-11
5.50671e-11
-2.22045e-12
-1.77636e-12
0
5.28466e-11
-1.33227e-12
-1.86517e-11
-6.21725e-12
-3.37508e-11
3.5083e-11
2.4869e-11
-4.44089e-13
-6.21725e-12
-3.9968e-12
5.32907e-12
1.01252e-10
-1.37668e-11
4.44089e-13
-5.77316e-12
-1.16351e-10
1.24345e-11
0
-1.19904e-11
1.55431e-11
2.04281e-11
5.77316e-12
1.33227e-12
9.72555e-11
9.05942e-11
-1.06137e-10
-9.19265e-11
1.02141e-11
-3.55271e-12
9.59233e-11
5.90639e-11
-1.68754e-11
-1.28786e-11
1.73195e-11
2.44249e-11
-4.70735e-11
-1.68754e-11
4.52971e-11
0
-3.24185e-11
1.42109e-11
-2.9754e-11
-1.68754e-11
3.81917e-11
-4.44089e-13
-4.44089e-13
8.88178e-12
-2.22045e-12
1.02141e-11
-5.24025e-11
-5.55112e-11
4.52971e-11
3.64153e-11
7.99361e-12
9.32587e-12
-1.73195e-11
-5.06262e-11
-3.59712e-11
0
4.52971e-11
-2.75335e-11
4.08562e-11
8.88178e-13
-1.64313e-11
4.57412e-11
2.84217e-11
-1.90958e-11
-4.17444e-11
-2.04281e-11
-1.06581e-11
4.44089e-13
-8.88178e-13
1.02141e-11
-1.59872e-11
-4.17444e-11
1.11022e-11
7.10543e-12
1.02141e-11
6.26166e-11
2.79776e-11
-1.90958e-11
-5.32907e-12
1.02141e-11
2.9754e-11
-4.08562e-11
-6.21725e-12
1.24345e-11
0
1.82077e-11
3.73035e-11
-1.33227e-11
7.99361e-12
4.44089e-13
-8.43769e-12
-2.53131e-11
5.37348e-11
5.50671e-11
-3.9968e-12
-1.77636e-12
3.9968e-12
3.81917e-11
-3.19744e-11
-2.30926e-11
-7.10543e-12
1.95399e-11
1.82077e-11
-5.28466e-11
-3.10862e-12
3.81917e-11
-4.52971e-11
-4.44089e-13
6.66134e-12
0
-1.86517e-11
-1.86517e-11
1.86517e-11
1.19904e-11
0
1.01252e-10
-3.10862e-12
-1.01252e-10
8.79297e-11
-1.5099e-11
-8.52651e-11
1.12799e-10
-4.88498e-12
-9.10383e-11
0
-1.77636e-12
9.05942e-11
-5.32907e-12
7.54952e-12
-6.17284e-11
-8.88178e-13
6.57252e-11
-1.02141e-11
-4.44089e-13
-3.01981e-11
5.77316e-12
9.76996e-12
-1.24345e-11
4.44089e-13
4.52971e-11
0
2.70894e-11
1.02141e-11
-4.92939e-11
-2.22045e-12
3.41949e-11
0
3.01981e-11
6.66134e-12
0
0
-1.33227e-11
-6.03961e-11
0
0
3.90799e-11
2.88658e-11
1.95399e-11
7.99361e-12
-4.9738e-11
-8.43769e-12
5.72875e-11
2.84217e-11
1.42109e-11
-1.02141e-11
-5.77316e-12
3.4639e-11
3.86358e-11
-1.46549e-11
-3.9968e-12
1.46549e-11
-4.13003e-11
-4.88498e-11
0
4.13003e-11
-1.64313e-11
-5.77316e-11
0
7.99361e-12
0
-7.99361e-12
-7.10543e-12
4.75175e-11
4.70735e-11
1.11022e-11
-1.33227e-11
-5.32907e-12
2.57572e-11
5.06262e-11
-3.64153e-11
-1.64313e-11
5.10703e-11
-3.4639e-11
9.32587e-12
0
-2.57572e-11
1.11022e-11
5.06262e-11
-1.42109e-11
-1.9984e-11
1.5099e-11
3.64153e-11
-3.15303e-11
-4.35207e-11
-1.02141e-11
-1.68754e-11
2.93099e-11
-3.55271e-12
1.05693e-10
4.44089e-13
-3.68594e-11
1.1724e-10
-6.30607e-11
0
-1.77636e-12
0
-1.73195e-11
1.15019e-10
4.44089e-12
-9.72555e-11
9.72555e-11
9.54792e-11
-1.0969e-10
-9.19265e-11
8.88178e-12
-2.66454e-12
2.66454e-12
6.88338e-11
0
-4.66294e-11
1.24345e-11
4.79616e-11
-1.9984e-11
-1.68754e-11
-3.37508e-11
-1.59872e-11
5.81757e-11
6.21725e-12
4.44089e-13
5.81757e-11
0
-6.57252e-11
-1.73195e-11
5.72875e-11
-5.77316e-12
-2.70894e-11
5.32907e-12
-3.64153e-11
-4.88498e-12
6.88338e-11
5.81757e-11
-1.11022e-11
3.10862e-12
-5.01821e-11
-1.82077e-11
-8.88178e-13
7.54952e-12
5.90639e-11
-4.44089e-12
3.10862e-12
6.08402e-11
-1.37668e-11
-8.43769e-12
1.77636e-12
0
0
-4.66294e-11
1.46549e-11
0
-3.33067e-11
4.44089e-13
3.81917e-11
8.43769e-12
-4.30767e-11
1.06581e-11
5.32907e-11
1.19904e-11
1.5099e-11
5.28466e-11
2.22045e-12
-5.28466e-11
1.77636e-12
6.4837e-11
-6.88338e-11
0
3.06422e-11
-5.28466e-11
-6.92779e-11
7.54952e-12
8.88178e-13
2.66454e-12
1.19904e-11
1.77636e-11
5.55112e-11
-1.02141e-11
-3.06422e-11
1.59872e-11
6.52811e-11
4.52971e-11
2.22045e-12
-4.52971e-11
-6.75016e-11
5.32907e-11
3.64153e-11
2.66454e-12
-3.68594e-11
-6.66134e-12
4.88498e-12
2.04281e-11
-1.33227e-11
2.22045e-12
1.06137e-10
-2.26485e-11
-1.15019e-10
8.88178e-13
1.68754e-11
2.66454e-12
0
9.63674e-11
0
0
9.4591e-11
-2.22045e-12
2.22045e-12
-9.4591e-11
-2.22045e-12
9.68114e-11
9.50351e-11
-9.72555e-11
-1.00364e-10
9.19265e-11
1.03917e-10
-9.05942e-11
-9.72555e-11
-1.90958e-11
8.88178e-13
1.19904e-11
1.03917e-10
0
-1.03917e-10
0
1.15019e-10
1.06581e-10
-1.11466e-10
-6.21725e-12
0
-1.00364e-10
4.44089e-13
4.44089e-13
-6.66134e-12
-1.86517e-11
8.43769e-12
1.02141e-11
-1.95399e-11
1.01252e-10
1.59872e-11
-1.11466e-10
1.04361e-10
1.90958e-11
6.21725e-12
-3.55271e-12
-9.28146e-11
8.79297e-11
-1.77636e-11
8.88178e-13
0
-8.12683e-11
-8.88178e-13
1.01252e-10
8.88178e-13
0
9.68114e-11
-1.33227e-12
-9.4591e-11
-9.72555e-11
-1.68754e-11
-2.22045e-12
1.15019e-10
2.04281e-11
4.44089e-13
-1.73195e-11
0
1.33227e-11
-1.14575e-10
9.76996e-11
1.16351e-10
-9.85878e-11
0
1.05693e-10
4.44089e-13
-4.44089e-13
7.72715e-11
-9.50351e-11
-5.86198e-11
-1.77636e-12
-1.82077e-11
1.77636e-12
-1.68754e-11
1.77636e-12
4.44089e-13
-9.76996e-11
2.26485e-11
-1.9984e-11
8.88178e-13
0
-1.95399e-11
1.15019e-10
-1.77636e-12
-1.33227e-12
-1.33227e-12
9.54792e-11
-9.32587e-11
-9.50351e-11
8.88178e-13
9.4591e-11
9.50351e-11
8.88178e-13
-5.77316e-12
2.22045e-12
0
-2.22045e-12
1.77636e-12
0
4.44089e-13
0
-9.41469e-11
-9.28146e-11
-5.9952e-11
-3.9968e-12
0
3.9968e-12
-2.22045e-12
0
8.88178e-13
0
9.37028e-11
9.19265e-11
5.32907e-12
8.88178e-13
-1.33227e-12
-1.33227e-12
0
0
-1.28786e-11
0
1.04805e-10
9.23706e-11
4.88498e-12
-4.88498e-12
-1.86517e-11
-1.42109e-11
1.12799e-10
0
8.88178e-13
4.44089e-13
4.44089e-13
1.15463e-10
5.32907e-12
1.33227e-12
0
9.59233e-11
0
0
-1.03029e-10
0
1.03917e-10
1.33227e-12
-1.73195e-11
1.77636e-12
1.18128e-10
9.54792e-11
0
0
-1.95399e-11
0
2.04281e-11
1.33227e-12
-9.28146e-11
-9.32587e-12
0
7.54952e-12
9.81437e-11
0
-4.44089e-13
-3.9968e-12
4.44089e-13
1.01696e-10
-4.44089e-13
1.37668e-11
-1.33227e-12
8.34888e-11
-1.11022e-11
-8.65974e-11
1.42109e-11
-2.22045e-12
9.54792e-11
9.99201e-11
-1.12799e-10
-7.10543e-12
1.18572e-10
1.03917e-10
0
0
-4.44089e-13
0
1.33227e-12
1.33227e-12
-3.9968e-12
-4.44089e-13
6.21725e-12
4.44089e-13
0
0
-9.81437e-11
0
0
-9.90319e-11
-5.9952e-11
-3.9968e-12
0
3.9968e-12
-2.22045e-12
0
8.88178e-13
0
9.37028e-11
9.19265e-11
-9.76996e-12
3.01981e-11
-8.88178e-13
1.68754e-11
-1.28786e-11
0
-4.44089e-12
-4.04121e-11
1.31006e-10
1.54987e-10
-7.10543e-11
-2.44249e-11
3.68594e-11
-8.43769e-12
3.37508e-11
-8.88178e-13
-5.10703e-11
0
5.10703e-11
3.33067e-11
2.13163e-11
-1.68754e-11
0
1.68754e-11
-4.44089e-13
2.66454e-12
-2.62013e-11
8.88178e-13
2.70894e-11
-2.22045e-12
-2.22045e-11
8.43769e-12
-1.19904e-11
-8.43769e-12
3.37508e-11
-8.88178e-13
-3.95239e-11
0
3.28626e-11
2.66454e-11
-1.73195e-11
9.32587e-12
0
-9.32587e-12
1.73195e-11
0
-4.88498e-12
1.73195e-11
1.02585e-10
9.85878e-11
1.42109e-11
-3.01981e-11
2.22045e-12
3.06422e-11
1.73195e-11
0
0
0
9.4591e-11
1.12799e-10
-1.33227e-11
-2.13163e-11
1.73195e-11
2.57572e-11
-4.70735e-11
-1.33227e-12
2.22045e-11
1.33227e-12
1.1724e-10
9.23706e-11
-1.68754e-11
-4.66294e-11
0
2.93099e-11
1.73195e-11
0
8.88178e-13
0
0
1.82077e-11
-9.63674e-11
-1.04361e-10
-1.33227e-12
3.55271e-12
0
0
-1.55431e-11
0
1.17684e-10
1.02585e-10
-1.12799e-10
2.22045e-12
1.9984e-11
9.54792e-11
0
-9.81437e-11
-1.19904e-11
4.44089e-13
1.05249e-10
9.32587e-11
8.88178e-13
-2.53131e-11
-3.28626e-11
5.81757e-11
0
-3.37508e-11
2.88658e-11
0
1.02585e-10
1.31894e-10
0
3.55271e-12
3.86358e-11
-4.13003e-11
-4.88498e-11
0
5.15143e-11
0
-5.32907e-12
3.59712e-11
4.17444e-11
3.01981e-11
-4.61853e-11
1.59872e-11
3.33067e-11
-4.66294e-11
-3.10862e-12
4.88498e-12
1.1946e-10
1.44329e-10
0
5.90639e-11
0
-5.90639e-11
0
0
5.90639e-11
0
-1.73195e-11
4.17444e-11
0
3.4639e-11
0
-3.4639e-11
0
0
-1.33227e-11
3.33067e-11
4.57412e-11
0
8.88178e-13
1.11022e-11
4.88498e-11
-5.9952e-11
-3.10862e-11
4.92939e-11
4.17444e-11
-4.44089e-13
-1.82077e-11
-6.66134e-12
-2.08722e-11
-5.81757e-11
3.41949e-11
3.01981e-11
-6.21725e-12
3.4639e-11
0
-3.41949e-11
-4.44089e-12
2.53131e-11
-1.82077e-11
1.02141e-11
4.79616e-11
-5.81757e-11
-3.10862e-11
4.92939e-11
3.68594e-11
-3.06422e-11
-1.37668e-11
2.39808e-11
4.44089e-13
1.09246e-10
-1.95399e-11
-8.9706e-11
-4.44089e-13
-1.86517e-11
1.0969e-10
0
4.88498e-12
1.15463e-10
-1.42109e-11
-4.44089e-12
1.86517e-11
-1.42109e-11
0
1.86517e-11
9.54792e-11
0
0
9.50351e-11
-1.33227e-11
-1.68754e-11
0
1.68754e-11
-4.44089e-13
3.55271e-12
7.10543e-12
0
7.99361e-12
1.24345e-11
-4.88498e-12
1.82077e-11
0
-1.37668e-11
-1.68754e-11
0
2.93099e-11
0
9.72555e-11
1.0969e-10
-3.55271e-11
4.44089e-13
2.84217e-11
5.32907e-11
-5.32907e-12
0
-1.77636e-12
0
1.08802e-10
1.02141e-10
-1.46549e-11
6.43929e-11
-5.06262e-11
-1.37668e-11
5.06262e-11
-5.06262e-11
9.76996e-12
0
5.32907e-12
6.61693e-11
-1.33227e-12
-4.84057e-11
-5.28466e-11
3.4639e-11
2.44249e-11
-1.64313e-11
-4.44089e-13
-2.79776e-11
3.59712e-11
6.03961e-11
-3.9968e-12
3.33067e-11
1.73195e-11
1.24345e-11
-6.30607e-11
1.68754e-11
3.37508e-11
0
3.06422e-11
8.88178e-13
-1.68754e-11
-4.9738e-11
6.52811e-11
2.44249e-11
-6.57252e-11
-1.55431e-11
6.43929e-11
4.13003e-11
1.33227e-12
0
2.93099e-11
-1.90958e-11
-5.28466e-11
3.4639e-11
-4.88498e-12
-1.73195e-11
2.9754e-11
-2.79776e-11
3.59712e-11
6.03961e-11
-9.37028e-11
1.08802e-10
-1.33227e-12
-9.05942e-11
0
-1.77636e-12
9.4591e-11
0
2.22045e-12
9.63674e-11
-9.01501e-11
8.88178e-13
-1.33227e-12
-1.33227e-12
0
0
1.77636e-12
0
9.01501e-11
9.23706e-11
3.37508e-11
-2.53131e-11
-3.28626e-11
5.81757e-11
-8.88178e-13
-3.28626e-11
-1.82077e-11
3.15303e-11
1.49214e-10
1.00808e-10
0
5.9952e-11
5.28466e-11
-5.9952e-11
-1.19904e-11
0
1.90958e-11
0
-1.82077e-11
4.17444e-11
5.86198e-11
3.01981e-11
-1.77636e-11
3.37508e-11
-6.21725e-12
-1.73195e-11
-1.06581e-11
-4.04121e-11
1.1946e-10
1.44329e-10
-3.77476e-11
-1.02141e-11
0
-2.84217e-11
3.86358e-11
-8.88178e-13
-8.88178e-12
-4.44089e-13
1.28786e-11
4.21885e-11
-7.10543e-12
-1.82077e-11
-3.10862e-11
1.82077e-11
0
0
1.55431e-11
0
2.04281e-11
3.59712e-11
4.92939e-11
3.4639e-11
-3.01981e-11
-3.55271e-11
0
0
3.55271e-11
0
7.10543e-12
4.26326e-11
1.06581e-11
-6.21725e-12
-3.15303e-11
8.88178e-12
2.88658e-11
-3.19744e-11
-2.79776e-11
0
2.13163e-11
2.22045e-11
-6.92779e-11
2.35367e-11
4.9738e-11
-7.10543e-11
1.82077e-11
5.15143e-11
-1.77636e-12
-8.88178e-13
-1.64313e-11
0
1.00364e-10
9.37028e-11
-9.68114e-11
3.10862e-12
0
-9.72555e-11
9.41469e-11
0
4.44089e-12
9.90319e-11
-1.77636e-11
-9.41469e-11
1.95399e-11
9.50351e-11
0
-9.81437e-11
0
0
9.9476e-11
9.99201e-11
-5.37348e-11
-1.06581e-11
6.9722e-11
-2.13163e-11
-1.73195e-11
3.33067e-11
1.24345e-11
0
-3.9968e-12
-8.43769e-12
0
3.4639e-11
1.77636e-12
-3.10862e-12
-3.33067e-11
2.22045e-12
3.41949e-11
0
9.63674e-11
9.68114e-11
-1.64313e-11
7.99361e-12
5.32907e-12
6.66134e-12
4.52971e-11
-1.90958e-11
4.44089e-12
-4.08562e-11
1.05249e-10
1.54987e-10
4.44089e-13
-8.88178e-13
1.82077e-11
-3.73035e-11
1.42109e-11
6.21725e-12
-6.12843e-11
0
5.77316e-11
2.13163e-11
3.15303e-11
-4.4853e-11
8.88178e-13
4.44089e-11
-5.68434e-11
0
5.81757e-11
0
9.76996e-11
9.85878e-11
1.77636e-11
-1.46549e-11
4.44089e-13
2.22045e-11
-1.15463e-11
0
4.88498e-12
0
1.04805e-10
9.9476e-11
-3.5083e-11
-2.39808e-11
2.66454e-11
-1.02141e-11
1.33227e-11
1.64313e-11
-6.43929e-11
1.06581e-11
6.61693e-11
1.46549e-11
3.73035e-11
-3.73035e-11
8.88178e-13
4.44089e-11
-1.15463e-11
0
-2.08722e-11
0
1.30562e-10
9.9476e-11
1.86517e-11
2.22045e-12
8.12683e-11
-2.22045e-12
-8.17124e-11
6.66134e-12
4.44089e-13
0
9.50351e-11
9.50351e-11
-1.73195e-11
-1.04361e-10
1.18572e-10
1.03917e-10
0
0
-4.44089e-13
0
1.33227e-12
1.33227e-12
1.77636e-11
3.01981e-11
-3.37508e-11
3.55271e-12
0
-3.37508e-11
3.4639e-11
3.06422e-11
8.52651e-11
8.83738e-11
0
4.39648e-11
-7.10543e-12
1.15463e-11
-4.88498e-11
-6.66134e-12
3.28626e-11
0
1.2168e-10
1.06581e-10
1.5099e-11
1.33227e-12
3.10862e-11
-6.21725e-12
4.88498e-12
-1.28786e-11
1.11022e-11
4.44089e-13
2.22045e-12
3.06422e-11
0
6.03961e-11
3.4639e-11
-4.17444e-11
7.10543e-12
-1.82077e-11
-5.72875e-11
-4.44089e-13
4.39648e-11
4.61853e-11
-3.37508e-11
-8.88178e-12
3.24185e-11
8.88178e-12
-6.21725e-12
0
5.77316e-12
-2.66454e-12
9.85878e-11
1.02141e-10
3.77476e-11
-4.4853e-11
8.88178e-13
4.44089e-11
-5.68434e-11
0
-1.06581e-11
0
1.65645e-10
9.9476e-11
2.66454e-12
-6.21725e-12
-2.66454e-12
8.88178e-12
-2.88658e-11
-6.08402e-11
8.88178e-13
5.77316e-11
2.4869e-11
-3.9968e-12
-3.86358e-11
4.08562e-11
4.70735e-11
-2.84217e-11
1.19904e-11
-4.44089e-13
-1.82077e-11
4.52971e-11
2.04281e-11
1.55431e-11
-9.72555e-11
3.10862e-12
-1.9984e-11
-2.22045e-12
1.11022e-11
0
3.55271e-12
4.44089e-13
9.50351e-11
9.10383e-11
9.63674e-11
-8.39329e-11
-9.72555e-11
5.81757e-11
8.70415e-11
-6.17284e-11
-8.34888e-11
-2.22045e-12
3.9968e-12
8.43769e-12
-8.88178e-13
5.32907e-12
2.22045e-12
2.57572e-11
-3.24185e-11
-6.43929e-11
5.77316e-12
6.52811e-11
1.17684e-10
9.10383e-11
-2.08722e-11
-5.81757e-11
3.41949e-11
6.30607e-11
-5.77316e-12
1.33227e-12
0
0
9.10383e-11
8.52651e-11
-5.55112e-11
-1.86517e-11
6.35048e-11
5.06262e-11
-1.82077e-11
-7.54952e-12
1.82077e-11
6.21725e-12
9.59233e-11
9.63674e-11
-1.24345e-11
-5.77316e-12
1.77636e-11
-6.21725e-12
4.44089e-13
1.19904e-11
-3.4639e-11
6.21725e-12
3.19744e-11
-2.66454e-12
3.01981e-11
3.86358e-11
2.84217e-11
-9.32587e-12
4.44089e-13
-2.9754e-11
-3.55271e-11
5.01821e-11
3.15303e-11
3.9968e-12
-5.06262e-11
-5.77316e-12
6.39488e-11
-5.24025e-11
0
5.86198e-11
-3.4639e-11
6.21725e-12
3.19744e-11
-2.66454e-12
1.64313e-11
2.53131e-11
-4.26326e-11
1.11022e-11
4.57412e-11
-6.03961e-11
-9.32587e-12
1.28786e-11
1.64313e-11
6.08402e-11
0
-8.88178e-13
6.39488e-11
-5.24025e-11
-4.88498e-12
5.77316e-11
2.66454e-12
5.77316e-12
8.88178e-13
-2.66454e-12
-9.72555e-11
2.39808e-11
3.10862e-12
9.41469e-11
0
-9.50351e-11
-5.32907e-12
4.44089e-13
7.9492e-11
7.4607e-11
-1.73195e-11
-7.10543e-12
1.18572e-10
1.03917e-10
0
0
-4.44089e-13
0
1.33227e-12
1.33227e-12
-8.88178e-13
-2.22045e-12
3.33067e-11
-3.01981e-11
-1.73195e-11
3.33067e-11
1.82077e-11
0
5.9508e-11
6.08402e-11
0
5.9508e-11
0
-4.13003e-11
3.10862e-11
-8.88178e-13
-3.68594e-11
0
4.26326e-11
3.59712e-11
1.5099e-11
1.33227e-12
3.10862e-11
-6.21725e-12
4.88498e-12
-1.28786e-11
-2.13163e-11
4.44089e-13
3.4639e-11
3.06422e-11
1.02141e-11
5.50671e-11
3.9968e-12
-7.10543e-12
7.99361e-12
-4.44089e-13
-7.10543e-11
0
7.14984e-11
1.24345e-11
-6.08402e-11
-4.44089e-13
6.88338e-11
-6.70575e-11
-7.10543e-12
6.88338e-11
-6.12843e-11
-2.66454e-12
4.92939e-11
-1.55431e-11
-3.06422e-11
3.33067e-11
6.88338e-11
-4.61853e-11
-1.11022e-11
6.79456e-11
4.88498e-12
0
7.99361e-12
1.33227e-12
3.24185e-11
-4.08562e-11
2.66454e-12
6.12843e-11
-1.33227e-11
-3.55271e-12
8.43769e-12
6.21725e-12
-3.9968e-12
-9.76996e-12
0
-3.77476e-11
6.92779e-11
-2.30926e-11
-1.24345e-11
6.88338e-11
-5.63993e-11
-2.22045e-12
4.92939e-11
-1.55431e-11
9.81437e-11
1.42109e-11
-1.11022e-11
9.68114e-11
-8.12683e-11
-9.9476e-11
-1.82077e-11
4.44089e-13
1.13687e-10
1.02585e-10
-9.54792e-11
-2.22045e-12
9.76996e-11
2.22045e-12
0
0
-4.44089e-13
0
-9.76996e-11
-9.90319e-11
9.68114e-11
1.02141e-10
-1.02585e-10
4.44089e-13
0
-1.02141e-10
5.77316e-12
-4.44089e-13
9.63674e-11
1.01696e-10
0
1.86517e-11
0
-1.86517e-11
1.90958e-11
-4.44089e-13
0
0
4.44089e-13
1.86517e-11
9.54792e-11
1.00808e-10
-9.4591e-11
-8.39329e-11
8.88178e-13
-4.44089e-13
-1.77636e-12
2.22045e-12
1.33227e-12
2.22045e-12
2.17604e-11
9.28146e-11
-4.44089e-13
-9.23706e-11
9.05942e-11
0
-1.09246e-10
4.44089e-13
1.08802e-10
9.01501e-11
1.14575e-10
7.10543e-12
-1.01252e-10
-3.10862e-12
4.88498e-12
-3.55271e-12
9.10383e-11
6.66134e-12
4.44089e-12
9.50351e-11
-9.81437e-11
-3.10862e-12
8.43769e-11
7.54952e-12
-8.26006e-11
3.55271e-12
-2.13163e-11
0
1.0969e-10
8.79297e-11
1.24345e-11
0
7.10543e-12
-7.10543e-12
9.4591e-11
6.21725e-12
-9.99201e-11
4.44089e-13
1.00364e-10
9.50351e-11
1.19904e-11
-9.68114e-11
-1.59872e-11
-1.77636e-12
1.16795e-10
-1.59872e-11
-9.4591e-11
1.18572e-10
0
-9.54792e-11
-4.44089e-12
-1.33227e-12
5.32907e-12
-3.9968e-12
-9.19265e-11
-9.05942e-11
-3.55271e-12
0
-1.33227e-12
-2.66454e-12
)
;

boundaryField
{
    frontAndBack
    {
        type            calculated;
        value           nonuniform List<scalar> 
600
(
-496.623
-496.623
-496.623
-496.623
-496.623
-496.623
-496.623
-496.623
-496.623
-496.623
-3.36545
-3.36545
-3.36545
-3.36545
-3.36545
-3.36545
-3.36545
-3.36545
-3.36545
-3.36545
-0.0114627
-0.0114627
-0.0114627
-0.0114627
-0.0114627
-0.0114627
-0.0114627
-0.0114627
-0.0114627
-0.0114627
-2.61192e-05
-2.61192e-05
-2.61192e-05
-2.61192e-05
-2.61192e-05
-2.61192e-05
-2.61192e-05
-2.61192e-05
-2.61192e-05
-2.61192e-05
-4.48601e-08
-4.48597e-08
-4.48712e-08
-4.47526e-08
-4.48623e-08
-4.48392e-08
-4.47433e-08
-4.48686e-08
-4.47709e-08
-4.48015e-08
-8.92619e-11
-8.52651e-11
-9.19265e-11
-1.35003e-10
-7.37188e-11
-9.14824e-11
0
-1.03917e-10
-1.34115e-10
5.77316e-12
9.50351e-11
1.95399e-11
0
0
1.16351e-10
-1.90958e-11
2.22045e-12
9.4591e-11
-9.28146e-11
-6.21725e-12
0
-1.24345e-11
1.15019e-10
0
9.81437e-11
1.15019e-10
0
1.42109e-11
8.70415e-11
-9.63674e-11
0
-3.10862e-12
-4.44089e-13
-9.76996e-11
-1.13243e-10
1.90958e-11
-1.12799e-10
-1.08802e-10
-2.22045e-11
-8.74856e-11
9.01501e-11
1.77636e-11
-9.19265e-11
7.10543e-12
-9.37028e-11
-1.1191e-10
1.42109e-11
-5.32907e-12
-8.83738e-11
9.76996e-11
-496.623
-496.623
-496.623
-496.623
-496.623
-496.623
-496.623
-496.623
-496.623
-496.623
-3.36545
-3.36545
-3.36545
-3.36545
-3.36545
-3.36545
-3.36545
-3.36545
-3.36545
-3.36545
-0.0114627
-0.0114627
-0.0114627
-0.0114627
-0.0114627
-0.0114627
-0.0114627
-0.0114627
-0.0114627
-0.0114627
-2.61192e-05
-2.61192e-05
-2.61192e-05
-2.61192e-05
-2.61192e-05
-2.61192e-05
-2.61192e-05
-2.61192e-05
-2.61192e-05
-2.61193e-05
-4.48015e-08
-4.48632e-08
-4.4893e-08
-4.48632e-08
-4.48623e-08
-4.48583e-08
-4.4877e-08
-4.48646e-08
-4.4885e-08
-4.47646e-08
-8.88178e-11
-9.14824e-11
-8.88178e-11
-3.33067e-11
-9.14824e-11
-1.03473e-10
-8.79297e-11
-9.59233e-11
-1.03473e-10
-8.26006e-11
8.88178e-13
0
0
7.10543e-12
0
1.55431e-11
4.88498e-12
-4.44089e-12
9.76996e-11
-9.54792e-11
-1.33227e-12
-3.10862e-12
1.95399e-11
-9.37028e-11
2.22045e-11
3.9968e-12
-4.88498e-12
6.66134e-12
2.04281e-11
9.63674e-11
-9.50351e-11
-3.10862e-12
-8.88178e-13
1.06581e-11
0
1.33227e-12
-2.26485e-11
-7.99361e-12
-9.76996e-11
9.63674e-11
1.33227e-12
1.18128e-10
-1.86517e-11
8.88178e-13
-2.22045e-11
1.24345e-11
-1.73195e-11
-1.11022e-11
9.41469e-11
-9.54792e-11
1.77636e-12
-5.77316e-12
-2.22045e-12
3.10862e-12
9.99201e-11
-1.77636e-12
1.28786e-11
-3.9968e-12
1.14575e-10
9.54792e-11
2.22045e-12
-4.44089e-13
-3.10862e-12
9.05942e-11
0
1.13687e-10
-9.68114e-11
-6.66134e-12
4.88498e-12
0
-2.66454e-12
8.43769e-12
1.77636e-12
0
-8.65974e-11
1.33227e-12
0
1.1191e-10
8.88178e-13
-8.88178e-13
3.9968e-12
0
-4.44089e-13
0
9.72555e-11
-9.72555e-11
0
1.06581e-11
9.63674e-11
0
-3.9968e-12
9.50351e-11
9.14824e-11
-1.95399e-11
4.88498e-12
9.05942e-11
4.88498e-12
1.77636e-12
-1.77636e-12
4.44089e-13
4.44089e-13
-7.10543e-12
-7.99361e-12
2.22045e-12
-1.00808e-10
-7.54952e-12
-3.55271e-12
-1.86517e-11
-1.02141e-11
-2.22045e-12
0
-9.59233e-11
-9.32587e-11
1.90958e-11
-4.44089e-13
3.9968e-12
-4.44089e-13
-9.50351e-11
-9.19265e-11
1.77636e-12
-2.22045e-12
7.99361e-12
9.76996e-12
-9.23706e-11
3.9968e-12
1.02141e-11
4.44089e-12
0
-9.05942e-11
-9.4591e-11
5.77316e-12
5.9508e-11
-1.77636e-12
-4.88498e-12
9.19265e-11
-9.9476e-11
9.19265e-11
0
9.23706e-11
-2.22045e-12
-3.9968e-12
-8.88178e-13
-1.33227e-12
0
-1.33227e-12
-1.33227e-12
-1.77636e-12
4.44089e-12
3.10862e-12
9.68114e-11
0
9.50351e-11
1.03917e-10
4.44089e-13
1.04361e-10
-8.88178e-13
1.15019e-10
0
-1.68754e-11
-1.77636e-12
9.63674e-11
-9.72555e-11
0
4.44089e-13
1.90958e-11
1.01252e-10
2.04281e-11
1.05693e-10
1.77636e-12
-1.33227e-12
0
-1.00364e-10
-1.03917e-10
-6.66134e-12
6.21725e-12
8.88178e-13
4.44089e-13
4.44089e-13
4.44089e-13
-1.33227e-12
0
9.19265e-11
0
-1.86517e-11
-3.55271e-12
0
-1.73195e-11
-4.44089e-13
-9.76996e-11
9.54792e-11
9.4591e-11
1.03917e-10
1.15019e-10
8.43769e-12
-9.28146e-11
9.68114e-11
0
7.72715e-11
2.26485e-11
-9.32587e-11
-2.22045e-12
-9.05942e-11
1.06581e-10
1.02141e-11
8.79297e-11
-1.33227e-12
1.33227e-11
-9.50351e-11
-1.9984e-11
-9.50351e-11
2.22045e-12
-9.72555e-11
-1.11466e-10
-1.95399e-11
-1.77636e-11
-9.4591e-11
-1.14575e-10
-5.86198e-11
8.88178e-13
8.88178e-13
-9.4591e-11
-1.90958e-11
-6.21725e-12
1.01252e-10
8.88178e-13
-9.72555e-11
9.76996e-11
-1.77636e-12
0
9.4591e-11
-2.22045e-12
8.88178e-13
0
1.59872e-11
0
-1.68754e-11
1.16351e-10
-1.82077e-11
-1.95399e-11
9.50351e-11
9.68114e-11
1.19904e-11
-1.00364e-10
-1.11466e-10
-8.12683e-11
-2.22045e-12
-9.85878e-11
1.77636e-12
1.15019e-10
8.88178e-13
-5.77316e-12
-5.9952e-11
5.32907e-12
4.88498e-12
5.32907e-12
-1.73195e-11
-9.28146e-11
-4.44089e-13
-1.12799e-10
-3.9968e-12
2.22045e-12
-3.9968e-12
8.88178e-13
-4.88498e-12
1.33227e-12
1.77636e-12
-9.32587e-12
1.37668e-11
-7.10543e-12
-4.44089e-13
0
0
-1.33227e-12
-1.86517e-11
0
1.18128e-10
0
-1.33227e-12
1.18572e-10
6.21725e-12
-2.22045e-12
3.9968e-12
-1.33227e-12
-1.42109e-11
9.59233e-11
9.54792e-11
7.54952e-12
8.34888e-11
1.03917e-10
4.44089e-13
1.77636e-12
-2.22045e-12
0
1.12799e-10
0
0
9.81437e-11
-1.11022e-11
0
0
0
0
0
0
0
0
0
-8.65974e-11
0
0
4.44089e-13
8.88178e-13
-1.28786e-11
8.88178e-13
-1.03029e-10
-1.95399e-11
-4.44089e-13
1.42109e-11
-4.44089e-13
-9.81437e-11
0
0
0
4.44089e-13
0
0
-3.9968e-12
-2.22045e-12
0
0
-9.41469e-11
9.37028e-11
1.04805e-10
4.44089e-13
1.03917e-10
2.04281e-11
4.44089e-13
9.54792e-11
1.33227e-12
0
-9.28146e-11
9.19265e-11
9.23706e-11
1.15463e-10
1.33227e-12
1.33227e-12
1.01696e-10
9.99201e-11
1.33227e-12
-9.90319e-11
-9.54792e-11
9.68114e-11
0
9.54792e-11
2.17604e-11
1.14575e-10
-9.81437e-11
1.24345e-11
1.19904e-11
-4.44089e-12
-2.22045e-12
1.02141e-10
1.86517e-11
1.00808e-10
9.28146e-11
7.10543e-12
-3.10862e-12
0
-9.68114e-11
-1.33227e-12
9.76996e-11
-1.02585e-10
0
-9.4591e-11
-4.44089e-13
-1.01252e-10
8.43769e-11
7.10543e-12
-1.59872e-11
5.32907e-12
2.22045e-12
4.44089e-13
-1.86517e-11
-8.39329e-11
-9.23706e-11
-3.10862e-12
7.54952e-12
-7.10543e-12
-1.77636e-12
-3.9968e-12
0
0
1.90958e-11
8.88178e-13
9.05942e-11
4.88498e-12
-8.26006e-11
9.4591e-11
1.16795e-10
-9.19265e-11
0
-1.02141e-10
-4.44089e-13
-4.44089e-13
0
-3.55271e-12
3.55271e-12
6.21725e-12
-1.59872e-11
-9.05942e-11
-4.44089e-13
5.77316e-12
0
-1.77636e-12
-1.09246e-10
9.10383e-11
-2.13163e-11
-9.99201e-11
-9.4591e-11
-3.55271e-12
0
-4.44089e-13
0
2.22045e-12
4.44089e-13
6.66134e-12
0
4.44089e-13
1.18572e-10
0
-9.76996e-11
9.63674e-11
4.44089e-13
1.33227e-12
1.08802e-10
4.44089e-12
1.0969e-10
1.00364e-10
0
-1.33227e-12
-9.90319e-11
1.01696e-10
1.86517e-11
2.22045e-12
9.01501e-11
9.50351e-11
8.79297e-11
9.50351e-11
-9.54792e-11
-2.66454e-12
)
;
    }
    left
    {
        type            calculated;
        value           nonuniform List<scalar> 
100
(
-986.538
-986.538
-986.538
-986.538
-986.538
-986.538
-986.538
-986.538
-986.538
-986.538
-986.538
-986.538
-986.538
-986.538
-986.538
-986.538
-986.538
-986.538
-986.538
-986.538
-986.538
-986.538
-986.538
-986.538
-986.538
-986.538
-986.538
-986.538
-986.538
-986.538
-986.538
-986.538
-986.538
-986.538
-986.538
-986.538
-986.538
-986.538
-986.538
-986.538
-986.538
-986.538
-986.538
-986.538
-986.538
-986.538
-986.538
-986.538
-986.538
-986.538
-986.538
-986.538
-986.538
-986.538
-986.538
-986.538
-986.538
-986.538
-986.538
-986.538
-986.538
-986.538
-986.538
-986.538
-986.538
-986.538
-986.538
-986.538
-986.538
-986.538
-986.538
-986.538
-986.538
-986.538
-986.538
-986.538
-986.538
-986.538
-986.538
-986.538
-986.538
-986.538
-986.538
-986.538
-986.538
-986.538
-986.538
-986.538
-986.538
-986.538
-986.538
-986.538
-986.538
-986.538
-986.538
-986.538
-986.538
-986.538
-986.538
-986.538
)
;
    }
    right
    {
        type            calculated;
        value           uniform 0;
    }
    lowerWall
    {
        type            calculated;
        value           nonuniform List<scalar> 
300
(
-496.623
-496.623
-496.623
-496.623
-496.623
-496.623
-496.623
-496.623
-496.623
-496.623
-3.36545
-3.36545
-3.36545
-3.36545
-3.36545
-3.36545
-3.36545
-3.36545
-3.36545
-3.36545
-0.0114627
-0.0114627
-0.0114627
-0.0114627
-0.0114627
-0.0114627
-0.0114627
-0.0114627
-0.0114627
-0.0114627
-2.61192e-05
-2.61192e-05
-2.61192e-05
-2.61192e-05
-2.61192e-05
-2.61192e-05
-2.61192e-05
-2.61192e-05
-2.61193e-05
-2.61192e-05
-4.48601e-08
-4.48903e-08
-4.48739e-08
-4.48499e-08
-4.48965e-08
-4.48712e-08
-4.48583e-08
-4.48876e-08
-4.47433e-08
-4.48015e-08
-8.92619e-11
-8.74856e-11
-9.19265e-11
-8.83738e-11
-7.10543e-11
2.26485e-11
5.32907e-12
-3.28626e-11
4.44089e-12
-8.88178e-11
9.50351e-11
1.14131e-10
0
9.76996e-11
1.16351e-10
-1.42109e-11
2.22045e-11
1.13687e-10
-9.19265e-11
8.88178e-13
0
3.9968e-12
1.15019e-10
0
9.4591e-11
0
-8.70415e-11
-9.4591e-11
0
-1.33227e-12
0
-9.90319e-11
-4.44089e-13
-9.76996e-11
-1.13243e-10
1.46549e-11
-2.22045e-11
0
-2.26485e-11
-9.50351e-11
9.01501e-11
1.77636e-12
-9.19265e-11
7.10543e-12
-9.9476e-11
-1.1191e-10
-1.77636e-12
-4.88498e-12
-8.79297e-11
1.33227e-12
1.77636e-12
-5.77316e-12
-2.22045e-12
3.10862e-12
-3.55271e-12
-1.77636e-12
2.04281e-11
-1.01252e-10
1.15019e-10
0
2.22045e-12
-4.44089e-13
-3.10862e-12
-4.88498e-12
5.77316e-12
1.13687e-10
5.77316e-12
8.79297e-11
4.44089e-12
9.63674e-11
-2.66454e-12
1.01252e-10
1.77636e-12
0
2.17604e-11
-8.88178e-12
1.33227e-12
-1.5099e-11
-9.72555e-11
0
3.9968e-12
4.44089e-13
9.85878e-11
0
0
-9.72555e-11
9.72555e-11
-8.52651e-11
9.72555e-11
0
-3.9968e-12
1.77636e-12
-4.88498e-12
0
9.05942e-11
1.04805e-10
9.05942e-11
1.12799e-10
9.54792e-11
9.4591e-11
4.44089e-13
-1.73195e-11
-7.10543e-12
9.76996e-11
8.92619e-11
-7.54952e-12
-1.06137e-10
-4.88498e-12
-1.0969e-10
-2.22045e-12
0
-9.59233e-11
1.33227e-12
-4.44089e-13
-9.14824e-11
0
-9.19265e-11
-9.10383e-11
-9.19265e-11
2.22045e-12
-2.22045e-12
1.82077e-11
-8.79297e-11
-9.23706e-11
-8.83738e-11
1.02141e-11
1.02141e-11
0
8.88178e-12
-9.4591e-11
5.77316e-12
5.9508e-11
9.32587e-11
-4.88498e-12
9.19265e-11
-9.9476e-11
-3.55271e-12
-1.77636e-12
-2.66454e-12
-2.22045e-12
-3.9968e-12
-8.88178e-13
-2.66454e-12
0
-1.33227e-12
9.50351e-11
9.59233e-11
9.05942e-11
2.66454e-12
9.68114e-11
-5.77316e-12
-5.9952e-11
-1.12799e-10
-1.42109e-11
-9.01501e-11
-1.77636e-11
-1.73195e-11
9.63674e-11
-1.73195e-11
-9.54792e-11
2.22045e-12
-3.9968e-12
2.22045e-12
-4.44089e-12
8.88178e-13
-9.41469e-11
-1.04361e-10
-8.39329e-11
-7.10543e-12
-2.22045e-12
0
0
1.9984e-11
1.86517e-11
-1.33227e-12
1.95399e-11
1.18572e-10
-9.72555e-11
1.18572e-10
9.76996e-11
-2.22045e-12
3.9968e-12
9.54792e-11
-1.42109e-11
-1.33227e-12
9.50351e-11
1.03917e-10
5.81757e-11
1.03917e-10
2.22045e-12
1.77636e-12
-2.22045e-12
0
0
0
0
0
8.70415e-11
0
0
0
0
-9.81437e-11
1.86517e-11
0
-9.81437e-11
0
-6.17284e-11
0
0
4.44089e-13
8.88178e-13
-1.19904e-11
9.54792e-11
1.77636e-12
0
-4.44089e-13
-8.34888e-11
-4.44089e-13
-4.44089e-13
0
0
4.44089e-13
0
0
0
0
-2.22045e-12
0
0
-9.41469e-11
9.37028e-11
1.05249e-10
0
9.01501e-11
9.9476e-11
1.33227e-12
3.9968e-12
1.33227e-12
-9.76996e-11
-9.28146e-11
9.19265e-11
9.32587e-11
9.50351e-11
9.23706e-11
9.99201e-11
1.33227e-12
8.43769e-12
1.33227e-12
-9.90319e-11
)
;
    }
    upperWall
    {
        type            calculated;
        value           nonuniform List<scalar> 
300
(
-496.623
-496.623
-496.623
-496.623
-496.623
-496.623
-496.623
-496.623
-496.623
-496.623
-3.36545
-3.36545
-3.36545
-3.36545
-3.36545
-3.36545
-3.36545
-3.36545
-3.36545
-3.36545
-0.0114627
-0.0114627
-0.0114627
-0.0114627
-0.0114627
-0.0114627
-0.0114627
-0.0114627
-0.0114627
-0.0114627
-2.61192e-05
-2.61192e-05
-2.61192e-05
-2.61192e-05
-2.61192e-05
-2.61192e-05
-2.61192e-05
-2.61192e-05
-2.61192e-05
-2.61193e-05
-4.48015e-08
-4.48357e-08
-4.48588e-08
-4.48535e-08
-4.48939e-08
-4.48415e-08
-4.48939e-08
-4.48384e-08
-4.48512e-08
-4.47646e-08
5.77316e-12
-9.41469e-11
-9.10383e-11
1.28786e-11
-9.14824e-11
2.39808e-11
-9.14824e-11
-9.14824e-11
2.39808e-11
-8.26006e-11
-6.21725e-12
9.41469e-11
3.55271e-12
-1.24345e-11
1.59872e-11
1.5099e-11
1.55431e-11
-4.44089e-12
-4.44089e-13
-9.54792e-11
-9.63674e-11
0
2.26485e-11
-9.72555e-11
-4.44089e-13
8.88178e-13
2.26485e-11
1.15463e-10
-9.4591e-11
9.63674e-11
-8.74856e-11
-1.01252e-10
1.86517e-11
1.59872e-11
6.66134e-12
8.88178e-13
6.66134e-12
-7.99361e-12
-4.88498e-12
9.63674e-11
9.76996e-11
1.59872e-11
-1.90958e-11
-1.59872e-11
2.26485e-11
-9.9476e-11
-6.66134e-12
-1.03917e-10
-2.04281e-11
-9.54792e-11
9.54792e-11
4.44089e-12
-2.22045e-11
2.66454e-12
-4.44089e-12
5.32907e-12
-4.44089e-13
-3.55271e-12
4.88498e-12
-1.77636e-12
0
1.03029e-10
4.44089e-13
0
-6.66134e-12
1.01252e-10
6.66134e-12
1.05693e-10
2.04281e-11
-1.33227e-12
-8.88178e-13
-9.32587e-12
-4.44089e-13
-7.54952e-12
0
-1.37668e-11
0
4.44089e-13
-1.33227e-11
-1.33227e-12
0
-9.59233e-11
1.95399e-11
1.86517e-11
0
4.44089e-13
-1.86517e-11
-3.68594e-11
2.22045e-12
9.54792e-11
4.44089e-13
7.54952e-12
3.10862e-12
8.43769e-12
9.90319e-11
-5.77316e-12
-1.86517e-11
1.1724e-10
1.06137e-10
-9.32587e-11
-2.22045e-12
-9.76996e-12
-2.26485e-11
9.28146e-11
1.33227e-12
-1.16351e-10
1.86517e-11
-6.30607e-11
-2.26485e-11
-9.50351e-11
1.77636e-12
9.81437e-11
4.44089e-13
-8.88178e-13
-9.37028e-11
1.24345e-11
1.19904e-11
0
-1.15019e-10
8.88178e-13
-9.4591e-11
1.06581e-11
0
-9.23706e-11
-4.44089e-13
0
0
-1.77636e-12
8.88178e-13
9.4591e-11
-2.22045e-12
-5.32907e-12
1.90958e-11
9.41469e-11
-6.21725e-12
-1.19904e-11
1.01252e-10
0
1.68754e-11
9.50351e-11
9.68114e-11
9.50351e-11
2.66454e-12
-1.86517e-11
1.77636e-12
1.55431e-11
-3.10862e-12
-1.73195e-11
2.66454e-12
8.88178e-13
-3.9968e-12
-9.63674e-11
4.44089e-13
-9.37028e-11
1.00364e-10
1.86517e-11
-9.72555e-11
-9.72555e-11
9.81437e-11
-4.44089e-12
-4.44089e-13
-1.04361e-10
1.09246e-10
1.08802e-10
9.37028e-11
2.22045e-12
3.10862e-12
2.39808e-11
1.42109e-11
-1.33227e-12
6.21725e-12
-1.33227e-12
-1.95399e-11
-1.33227e-12
-9.68114e-11
8.12683e-11
-1.9984e-11
3.10862e-12
-1.11022e-11
5.32907e-12
4.44089e-13
3.55271e-12
-8.9706e-11
-9.05942e-11
3.10862e-12
-2.22045e-12
-2.22045e-12
9.41469e-11
9.68114e-11
-3.9968e-12
0
0
-4.44089e-13
0
0
-8.17124e-11
1.11022e-11
0
-8.12683e-11
-9.19265e-11
0
0
-1.86517e-11
-1.77636e-12
-9.72555e-11
6.66134e-12
0
-9.50351e-11
-9.9476e-11
-9.05942e-11
-9.81437e-11
-1.55431e-11
1.0969e-10
9.4591e-11
9.41469e-11
4.44089e-13
3.55271e-12
-5.32907e-12
-1.82077e-11
-3.55271e-12
0
0
0
0
0
0
4.44089e-13
4.44089e-13
4.44089e-13
0
0
1.17684e-10
4.88498e-12
2.22045e-12
4.44089e-12
9.50351e-11
9.50351e-11
7.9492e-11
1.13687e-10
-1.33227e-12
-9.90319e-11
1.02585e-10
1.15463e-10
9.63674e-11
9.90319e-11
9.50351e-11
9.10383e-11
7.4607e-11
1.02585e-10
-2.66454e-12
)
;
    }
}


// ************************************************************************* //
