/*--------------------------------*- C++ -*----------------------------------*\
  =========                 |
  \\      /  F ield         | OpenFOAM: The Open Source CFD Toolbox
   \\    /   O peration     | Website:  https://openfoam.org
    \\  /    A nd           | Version:  10
     \\/     M anipulation  |
\*---------------------------------------------------------------------------*/
FoamFile
{
    format      ascii;
    class       volScalarField;
    location    "1";
    object      gradTx;
}
// * * * * * * * * * * * * * * * * * * * * * * * * * * * * * * * * * * * * * //

dimensions      [0 -1 0 1 0 0 0];

internalField   nonuniform List<scalar> 
3000
(
-498.008
-1.98799
-0.00399304
-5.37532e-06
-5.49916e-09
-1.95399e-11
5.50671e-11
0
0
5.06262e-11
-498.008
-1.98799
-0.00399304
-5.37534e-06
-5.4956e-09
-2.13163e-11
1.11022e-11
-5.77316e-12
-1.77636e-12
9.76996e-12
-498.008
-1.98799
-0.00399304
-5.37535e-06
-5.50404e-09
-2.26485e-11
4.44089e-13
6.52811e-11
-4.44089e-13
-5.24025e-11
-498.008
-1.98799
-0.00399304
-5.37529e-06
-5.4361e-09
-5.9508e-11
4.44089e-13
-4.44089e-13
-5.63993e-11
5.32907e-12
-498.008
-1.98799
-0.00399304
-5.37532e-06
-5.49738e-09
-1.24345e-11
6.70575e-11
5.59552e-11
-6.4837e-11
-5.41789e-11
-498.008
-1.98799
-0.00399304
-5.37535e-06
-5.48406e-09
-2.22045e-11
-1.15463e-11
6.61693e-11
1.06581e-11
-6.35048e-11
-498.008
-1.98799
-0.00399304
-5.37531e-06
-5.4321e-09
2.22045e-11
2.22045e-12
0
-6.52811e-11
1.42109e-11
-498.008
-1.98799
-0.00399304
-5.37534e-06
-5.50493e-09
-2.79776e-11
5.50671e-11
7.99361e-12
-6.26166e-11
-3.9968e-12
-498.008
-1.98799
-0.00399304
-5.37532e-06
-5.4472e-09
-5.59552e-11
-5.28466e-11
4.4853e-11
-1.28786e-11
-4.61853e-11
-498.008
-1.98799
-0.00399304
-5.37533e-06
-5.46718e-09
3.4639e-11
-6.21725e-12
-5.63993e-11
-4.79616e-11
5.81757e-11
-498.008
-1.98799
-0.00399304
-5.37533e-06
-5.51514e-09
-2.30926e-11
6.66134e-11
2.66454e-12
-5.72875e-11
4.44089e-13
-498.008
-1.98799
-0.00399304
-5.37535e-06
-5.51648e-09
-8.88178e-12
3.15303e-11
-1.55431e-11
5.77316e-12
1.33227e-12
-498.008
-1.98799
-0.00399304
-5.37538e-06
-5.48939e-09
-1.42109e-11
3.10862e-12
3.9968e-11
0
-2.17604e-11
-498.008
-1.98799
-0.00399304
-5.37532e-06
-5.48317e-09
-3.9968e-11
-7.54952e-12
-8.88178e-13
-1.28786e-11
-1.77636e-11
-498.008
-1.98799
-0.00399304
-5.37536e-06
-5.5187e-09
2.66454e-12
3.64153e-11
8.88178e-13
-3.41949e-11
4.44089e-13
-498.008
-1.98799
-0.00399304
-5.37538e-06
-5.50582e-09
-1.42109e-11
3.10862e-12
3.9968e-11
0
-8.43769e-12
-498.008
-1.98799
-0.00399304
-5.37532e-06
-5.52314e-09
-1.33227e-11
3.68594e-11
0
-3.41949e-11
-2.04281e-11
-498.008
-1.98799
-0.00399304
-5.37534e-06
-5.4885e-09
-5.06262e-11
2.66454e-12
0
-3.01981e-11
3.01981e-11
-498.008
-1.98799
-0.00399304
-5.37534e-06
-5.48361e-09
-2.26485e-11
-4.88498e-12
-2.57572e-11
-3.37508e-11
1.82077e-11
-498.008
-1.98799
-0.00399304
-5.37533e-06
-5.4845e-09
-2.4869e-11
5.37348e-11
0
-5.90639e-11
7.99361e-12
-498.008
-1.98799
-0.00399304
-5.37535e-06
-5.50404e-09
-2.26485e-11
4.44089e-13
6.52811e-11
-4.44089e-13
-5.24025e-11
-498.008
-1.98799
-0.00399304
-5.37538e-06
-5.50582e-09
1.42109e-11
6.21725e-12
1.11022e-11
-2.66454e-12
1.77636e-12
-498.008
-1.98799
-0.00399304
-5.37535e-06
-5.46541e-09
-4.9738e-11
0
-2.22045e-12
-3.95239e-11
3.95239e-11
-498.008
-1.98799
-0.00399304
-5.37535e-06
-5.51958e-09
-7.99361e-12
3.37508e-11
-1.82077e-11
-1.59872e-11
3.9968e-12
-498.008
-1.98799
-0.00399304
-5.37537e-06
-5.50493e-09
-1.42109e-11
2.22045e-12
4.44089e-13
-2.66454e-12
3.33067e-11
-498.008
-1.98799
-0.00399304
-5.37535e-06
-5.50182e-09
-5.72875e-11
4.04121e-11
-3.10862e-12
-9.76996e-12
4.13003e-11
-498.008
-1.98799
-0.00399304
-5.37536e-06
-5.50537e-09
-1.19904e-11
1.77636e-11
0
-1.55431e-11
1.55431e-11
-498.008
-1.98799
-0.00399304
-5.37533e-06
-5.49116e-09
-5.32907e-11
-7.99361e-12
0
-3.28626e-11
3.06422e-11
-498.008
-1.98799
-0.00399304
-5.37536e-06
-5.52314e-09
-1.15463e-11
2.22045e-12
-2.22045e-12
2.70894e-11
1.77636e-11
-498.008
-1.98799
-0.00399304
-5.37533e-06
-5.49782e-09
-2.22045e-11
1.77636e-12
1.28786e-11
1.11022e-11
-1.11022e-11
-498.008
-1.98799
-0.00399304
-5.37533e-06
-5.49161e-09
-2.39808e-11
5.68434e-11
-4.44089e-13
-5.63993e-11
5.32907e-12
-498.008
-1.98799
-0.00399304
-5.37536e-06
-5.50182e-09
3.10862e-12
9.32587e-12
0
-1.33227e-11
2.66454e-12
-498.008
-1.98799
-0.00399304
-5.37536e-06
-5.5187e-09
-1.28786e-11
7.10543e-12
2.79776e-11
1.11022e-11
4.44089e-13
-498.008
-1.98799
-0.00399304
-5.37536e-06
-5.50715e-09
-7.99361e-12
1.11022e-11
0
-2.08722e-11
4.44089e-13
-498.008
-1.98799
-0.00399304
-5.37532e-06
-5.50582e-09
-4.30767e-11
-2.62013e-11
2.22045e-11
3.55271e-11
-3.64153e-11
-498.008
-1.98799
-0.00399304
-5.37532e-06
-5.48361e-09
-1.90958e-11
-5.32907e-12
-5.77316e-12
-3.37508e-11
-1.06581e-11
-498.008
-1.98799
-0.00399304
-5.37534e-06
-5.48539e-09
-4.17444e-11
-3.01981e-11
2.22045e-11
3.55271e-11
-3.64153e-11
-498.008
-1.98799
-0.00399304
-5.37537e-06
-5.53868e-09
1.42109e-11
2.93099e-11
0
8.88178e-13
2.66454e-12
-498.008
-1.98799
-0.00399304
-5.37532e-06
-5.50715e-09
-3.4639e-11
6.21725e-12
-1.5099e-11
-3.41949e-11
1.86517e-11
-498.008
-1.98799
-0.00399304
-5.37535e-06
-5.49516e-09
3.64153e-11
-6.21725e-12
-5.63993e-11
8.88178e-12
-8.88178e-12
-498.008
-1.98799
-0.00399304
-5.37532e-06
-5.51736e-09
-1.11022e-11
6.70575e-11
5.4623e-11
-6.4837e-11
-5.81757e-11
-498.008
-1.98799
-0.00399304
-5.37536e-06
-5.53557e-09
1.37668e-11
3.33067e-11
-1.11022e-11
-3.06422e-11
1.42109e-11
-498.008
-1.98799
-0.00399304
-5.37536e-06
-5.47118e-09
-1.15463e-11
-3.68594e-11
-2.22045e-12
-2.66454e-12
2.22045e-12
-498.008
-1.98799
-0.00399304
-5.37535e-06
-5.51958e-09
1.37668e-11
6.66134e-12
-4.04121e-11
1.5099e-11
3.37508e-11
-498.008
-1.98799
-0.00399304
-5.37536e-06
-5.53557e-09
-1.46549e-11
2.9754e-11
0
-2.9754e-11
2.9754e-11
-498.008
-1.98799
-0.00399304
-5.37536e-06
-5.52269e-09
-1.24345e-11
3.41949e-11
-2.66454e-12
-3.9968e-12
1.77636e-11
-498.008
-1.98799
-0.00399304
-5.37536e-06
-5.51026e-09
-1.42109e-11
2.9754e-11
0
0
3.01981e-11
-498.008
-1.98799
-0.00399304
-5.37538e-06
-5.48672e-09
1.64313e-11
-1.15463e-11
0
-6.66134e-12
-2.35367e-11
-498.008
-1.98799
-0.00399304
-5.37536e-06
-5.5187e-09
-1.15463e-11
3.81917e-11
-3.10862e-12
-7.99361e-12
3.95239e-11
-498.008
-1.98799
-0.00399304
-5.37533e-06
-5.51736e-09
-2.22045e-11
7.99361e-12
0
4.88498e-12
1.28786e-11
-498.008
-1.98799
-0.00399304
-5.37535e-06
-5.50404e-09
4.26326e-11
-7.99361e-12
0
8.43769e-12
-6.35048e-11
-498.008
-1.98799
-0.00399304
-5.37538e-06
-5.50582e-09
-1.42109e-11
3.10862e-12
3.9968e-11
-1.59872e-11
-5.77316e-12
-498.008
-1.98799
-0.00399304
-5.37539e-06
-5.50227e-09
-1.42109e-11
3.10862e-11
0
-3.10862e-11
3.10862e-11
-498.008
-1.98799
-0.00399304
-5.37536e-06
-5.48361e-09
1.86517e-11
-5.32907e-12
-3.41949e-11
0
3.19744e-11
-498.008
-1.98799
-0.00399304
-5.37539e-06
-5.52269e-09
1.37668e-11
3.95239e-11
0
-3.95239e-11
1.11022e-11
-498.008
-1.98799
-0.00399304
-5.37536e-06
-5.53868e-09
-1.15463e-11
3.10862e-11
-2.66454e-12
-1.33227e-12
3.55271e-12
-498.008
-1.98799
-0.00399304
-5.37536e-06
-5.47606e-09
-1.55431e-11
-1.5099e-11
2.9754e-11
1.19904e-11
-1.24345e-11
-498.008
-1.98799
-0.00399304
-5.37536e-06
-5.50093e-09
-5.32907e-12
-2.39808e-11
0
1.06581e-11
-1.42109e-11
-498.008
-1.98799
-0.00399304
-5.37536e-06
-5.47251e-09
3.55271e-12
-1.19904e-11
1.59872e-11
-1.5099e-11
-1.28786e-11
-498.008
-1.98799
-0.00399304
-5.37535e-06
-5.48539e-09
4.30767e-11
7.99361e-12
0
1.77636e-12
-5.72875e-11
-498.008
-1.98799
-0.00399304
-5.37533e-06
-5.49738e-09
2.53131e-11
1.24345e-11
-4.4853e-11
-1.24345e-11
-1.77636e-12
-498.008
-1.98799
-0.00399304
-5.37536e-06
-5.5369e-09
1.24345e-11
3.41949e-11
0
-3.41949e-11
2.66454e-12
-498.008
-1.98799
-0.00399304
-5.37536e-06
-5.50759e-09
-1.19904e-11
0
0
2.79776e-11
3.10862e-11
-498.008
-1.98799
-0.00399304
-5.37535e-06
-5.48539e-09
-8.43769e-12
-2.75335e-11
2.22045e-11
3.28626e-11
-3.73035e-11
-498.008
-1.98799
-0.00399304
-5.37536e-06
-5.53335e-09
-1.46549e-11
2.75335e-11
3.10862e-12
0
-4.44089e-13
-498.008
-1.98799
-0.00399304
-5.37536e-06
-5.52713e-09
1.59872e-11
1.86517e-11
-1.24345e-11
-3.9968e-12
3.10862e-12
-498.008
-1.98799
-0.00399304
-5.37536e-06
-5.4805e-09
-1.42109e-11
-2.75335e-11
4.44089e-13
2.70894e-11
2.66454e-12
-498.008
-1.98799
-0.00399304
-5.37538e-06
-5.51426e-09
-1.24345e-11
-1.15463e-11
2.79776e-11
2.35367e-11
-2.35367e-11
-498.008
-1.98799
-0.00399304
-5.37536e-06
-5.48006e-09
1.55431e-11
-1.33227e-12
-2.75335e-11
-1.19904e-11
3.73035e-11
-498.008
-1.98799
-0.00399304
-5.37533e-06
-5.51736e-09
-2.22045e-11
7.99361e-12
1.28786e-11
4.88498e-12
-5.32907e-12
-498.008
-1.98799
-0.00399304
-5.3753e-06
-5.51603e-09
-4.44089e-13
6.52811e-11
-5.4623e-11
0
-3.55271e-12
-498.008
-1.98799
-0.00399304
-5.37532e-06
-5.48939e-09
-1.73195e-11
2.66454e-12
-2.66454e-12
0
2.66454e-12
-498.008
-1.98799
-0.00399304
-5.37535e-06
-5.49205e-09
-3.81917e-11
-6.21725e-12
-1.59872e-11
-3.01981e-11
3.01981e-11
-498.008
-1.98799
-0.00399304
-5.37538e-06
-5.53868e-09
-1.37668e-11
2.66454e-12
3.10862e-12
-3.10862e-12
3.01981e-11
-498.008
-1.98799
-0.00399304
-5.37535e-06
-5.47429e-09
-5.06262e-11
-2.75335e-11
3.59712e-11
1.15463e-11
-3.15303e-11
-498.008
-1.98799
-0.00399304
-5.37535e-06
-5.47296e-09
-4.26326e-11
-2.39808e-11
0
1.06581e-11
2.4869e-11
-498.008
-1.98799
-0.00399304
-5.37536e-06
-5.5107e-09
-1.24345e-11
-1.5099e-11
2.62013e-11
1.15463e-11
-2.17604e-11
-498.008
-1.98799
-0.00399304
-5.37537e-06
-5.5036e-09
-1.15463e-11
3.06422e-11
0
-2.79776e-11
0
-498.008
-1.98799
-0.00399304
-5.37536e-06
-5.5107e-09
1.5099e-11
-1.46549e-11
-2.79776e-11
-6.21725e-12
3.95239e-11
-498.008
-1.98799
-0.00399304
-5.37533e-06
-5.48672e-09
-2.26485e-11
-2.22045e-12
6.61693e-11
-3.9968e-12
-5.9952e-11
-498.008
-1.98799
-0.00399304
-5.37535e-06
-5.4321e-09
2.4869e-11
-5.24025e-11
0
-1.28786e-11
-4.61853e-11
-498.008
-1.98799
-0.00399304
-5.37538e-06
-5.49782e-09
1.24345e-11
-4.88498e-12
-2.57572e-11
-3.37508e-11
1.82077e-11
-498.008
-1.98799
-0.00399304
-5.37536e-06
-5.50227e-09
-1.19904e-11
2.66454e-12
-2.66454e-12
-2.22045e-12
1.82077e-11
-498.008
-1.98799
-0.00399304
-5.37533e-06
-5.51914e-09
-1.9984e-11
3.41949e-11
-3.77476e-11
-1.24345e-11
0
-498.008
-1.98799
-0.00399304
-5.37536e-06
-5.52269e-09
1.37668e-11
2.9754e-11
0
-2.9754e-11
-2.62013e-11
-498.008
-1.98799
-0.00399304
-5.37536e-06
-5.47207e-09
1.55431e-11
-8.88178e-12
-2.70894e-11
-3.9968e-12
1.82077e-11
-498.008
-1.98799
-0.00399304
-5.37536e-06
-5.51825e-09
-1.55431e-11
1.24345e-11
2.66454e-12
4.44089e-13
-3.10862e-12
-498.008
-1.98799
-0.00399304
-5.37535e-06
-5.49116e-09
3.55271e-12
-1.15463e-11
5.77316e-12
3.24185e-11
-2.66454e-11
-498.008
-1.98799
-0.00399304
-5.37536e-06
-5.52181e-09
-1.19904e-11
3.15303e-11
1.86517e-11
-3.41949e-11
-1.86517e-11
-498.008
-1.98799
-0.00399304
-5.37535e-06
-5.49338e-09
4.35207e-11
-8.88178e-13
-5.41789e-11
-3.10862e-12
-1.06581e-11
-498.008
-1.98799
-0.00399304
-5.37533e-06
-5.46718e-09
-1.9984e-11
4.44089e-13
-8.88178e-13
-5.55112e-11
1.33227e-12
-498.008
-1.98799
-0.00399304
-5.37533e-06
-5.4996e-09
-2.30926e-11
0
-2.22045e-12
-1.33227e-12
6.83897e-11
-498.008
-1.98799
-0.00399304
-5.37533e-06
-5.51692e-09
-2.04281e-11
-4.44089e-13
1.11022e-11
0
-1.06581e-11
-498.008
-1.98799
-0.00399304
-5.37529e-06
-5.49738e-09
0
3.9968e-12
-5.41789e-11
6.21725e-12
0
-498.008
-1.98799
-0.00399304
-5.37533e-06
-5.49738e-09
-2.26485e-11
0
1.28786e-11
0
-1.28786e-11
-498.008
-1.98799
-0.00399304
-5.37532e-06
-5.49738e-09
-3.19744e-11
7.99361e-12
2.22045e-12
1.77636e-12
5.77316e-12
-498.008
-1.98799
-0.00399304
-5.37532e-06
-5.50759e-09
-1.95399e-11
3.10862e-12
-3.10862e-12
-1.28786e-11
-9.76996e-12
-498.008
-1.98799
-0.00399304
-5.37532e-06
-5.50004e-09
-2.39808e-11
-1.77636e-12
4.44089e-12
-3.55271e-12
-7.10543e-12
-498.008
-1.98799
-0.00399304
-5.37532e-06
-5.51381e-09
-3.19744e-11
5.55112e-11
1.11022e-11
-5.59552e-11
5.4623e-11
-498.008
-1.98799
-0.00399304
-5.37535e-06
-5.44409e-09
-1.95399e-11
-5.59552e-11
5.68434e-11
5.63993e-11
-5.59552e-11
1.77636e-12
2.22045e-12
-2.66454e-12
3.9968e-12
-3.9968e-12
4.44089e-13
0
-2.22045e-12
5.77316e-12
-3.9968e-12
-3.55271e-12
0
5.32907e-12
0
5.4623e-11
-3.9968e-12
-5.59552e-11
5.32907e-12
1.86517e-11
-4.44089e-13
-2.22045e-12
-1.33227e-12
1.77636e-12
-4.44089e-13
5.10703e-11
-4.44089e-12
-5.24025e-11
5.77316e-12
-1.77636e-12
-4.44089e-13
1.33227e-12
5.06262e-11
0
0
-1.06581e-11
2.22045e-12
1.02141e-11
-5.24025e-11
-3.10862e-12
0
5.24025e-11
0
-4.57412e-11
5.68434e-11
3.9968e-12
-5.9952e-11
-8.88178e-13
3.9968e-12
5.15143e-11
-8.88178e-13
-1.77636e-12
6.52811e-11
1.33227e-12
-5.63993e-11
5.10703e-11
-4.44089e-12
3.9968e-12
6.21725e-12
-5.86198e-11
-4.44089e-13
7.54952e-12
-5.68434e-11
-8.88178e-13
0
3.55271e-12
-2.66454e-12
-8.88178e-13
3.9968e-12
5.19584e-11
-1.33227e-12
-2.66454e-12
-3.10862e-12
6.39488e-11
6.21725e-12
2.22045e-12
-1.06581e-11
-5.55112e-11
0
0
2.66454e-12
6.52811e-11
3.55271e-12
4.44089e-13
5.63993e-11
-1.77636e-12
-1.02141e-11
-5.15143e-11
-4.9738e-11
5.19584e-11
2.66454e-12
5.55112e-11
0
-8.88178e-13
0
4.44089e-13
-2.22045e-12
1.77636e-12
-5.4623e-11
-2.22045e-12
5.68434e-11
-3.55271e-12
0
5.81757e-11
0
1.77636e-12
-9.76996e-12
-5.59552e-11
1.11022e-11
1.86517e-11
-4.44089e-13
-6.21725e-12
2.04281e-11
8.88178e-12
6.66134e-12
-5.32907e-12
2.22045e-12
-5.32907e-12
8.43769e-12
5.32907e-12
-3.86358e-11
-3.33067e-11
1.28786e-11
8.88178e-13
0
4.08562e-11
6.66134e-12
-9.76996e-12
-3.77476e-11
1.02141e-11
4.04121e-11
-1.82077e-11
1.82077e-11
0
0
3.37508e-11
1.68754e-11
-1.33227e-12
-1.11022e-11
-1.06581e-11
6.21725e-12
2.57572e-11
1.33227e-11
-1.73195e-11
-2.44249e-11
2.9754e-11
3.55271e-12
-9.76996e-12
1.73195e-11
9.76996e-12
-5.77316e-12
-1.64313e-11
0
1.64313e-11
8.88178e-12
8.88178e-12
-1.73195e-11
-1.02141e-11
-2.39808e-11
9.76996e-12
3.15303e-11
-2.22045e-12
1.28786e-11
2.39808e-11
1.77636e-12
1.68754e-11
-8.88178e-12
0
9.76996e-12
-1.95399e-11
-2.22045e-12
-3.9968e-12
-1.24345e-11
3.68594e-11
1.28786e-11
1.33227e-12
-3.37508e-11
-4.88498e-12
0
0
3.55271e-11
1.73195e-11
0
1.64313e-11
8.88178e-12
8.88178e-12
-1.73195e-11
-4.44089e-13
-2.39808e-11
0
4.08562e-11
3.10862e-12
6.08402e-11
-4.88498e-12
-5.55112e-11
3.9968e-12
-5.77316e-12
5.72875e-11
6.21725e-12
-5.32907e-12
5.50671e-11
-2.22045e-12
-1.33227e-12
1.77636e-12
5.68434e-11
-2.66454e-12
-7.99361e-12
2.22045e-12
-4.88498e-11
5.24025e-11
-1.33227e-12
-1.68754e-11
-9.76996e-12
-1.64313e-11
9.32587e-12
4.13003e-11
-1.73195e-11
-1.02141e-11
-2.39808e-11
9.76996e-12
2.08722e-11
2.39808e-11
-3.64153e-11
9.76996e-12
1.42109e-11
-1.55431e-11
-1.11022e-11
1.86517e-11
2.66454e-11
-1.86517e-11
6.21725e-12
2.04281e-11
2.04281e-11
-1.11022e-11
1.24345e-11
4.44089e-12
8.88178e-13
0
-1.11022e-11
-2.39808e-11
-2.39808e-11
3.37508e-11
-3.15303e-11
0
0
-3.06422e-11
3.06422e-11
0
0
0
-3.06422e-11
-2.9754e-11
-1.9984e-11
3.77476e-11
0
-1.9984e-11
-2.08722e-11
2.30926e-11
0
-1.9984e-11
2.13163e-11
1.02141e-11
0
0
-1.5099e-11
4.88498e-12
3.06422e-11
0
-2.04281e-11
-1.5099e-11
2.08722e-11
3.01981e-11
-2.62013e-11
3.55271e-12
2.62013e-11
-2.70894e-11
-5.32907e-12
2.66454e-12
1.24345e-11
2.39808e-11
-1.77636e-12
7.99361e-12
0
-3.81917e-11
-1.5099e-11
0
1.46549e-11
1.82077e-11
2.08722e-11
-4.44089e-13
-3.9968e-12
-1.33227e-11
4.44089e-13
-4.44089e-13
1.06581e-11
2.66454e-12
-1.33227e-11
4.44089e-13
0
1.02141e-11
2.66454e-12
1.33227e-12
-3.10862e-12
0
0
0
5.63993e-11
-8.88178e-13
-5.24025e-11
-3.10862e-12
0
-1.82077e-11
-1.19904e-11
0
-4.44089e-13
3.9968e-12
1.68754e-11
3.81917e-11
-3.77476e-11
-4.44089e-13
3.28626e-11
-4.44089e-12
-7.10543e-12
1.42109e-11
1.24345e-11
3.9968e-12
-3.10862e-12
0
8.43769e-12
5.32907e-12
-1.06581e-11
6.66134e-12
-1.15463e-11
9.32587e-12
1.19904e-11
-2.84217e-11
5.77316e-12
0
1.33227e-12
3.24185e-11
-2.13163e-11
-3.90799e-11
4.44089e-13
3.77476e-11
3.01981e-11
-3.4639e-11
-3.41949e-11
4.44089e-13
0
3.86358e-11
3.55271e-12
4.44089e-13
-1.19904e-11
3.01981e-11
3.01981e-11
1.33227e-12
3.10862e-12
-4.44089e-13
-5.77316e-12
5.32907e-12
8.43769e-12
-8.88178e-13
0
-9.76996e-12
3.01981e-11
4.88498e-12
-3.10862e-11
0
3.59712e-11
-1.33227e-12
-3.4639e-11
-1.24345e-11
5.77316e-12
0
-9.76996e-12
-1.15463e-11
-3.06422e-11
-2.66454e-12
4.44089e-13
2.22045e-12
4.04121e-11
1.46549e-11
0
2.30926e-11
0
-5.77316e-12
1.11022e-11
-2.9754e-11
8.88178e-12
1.77636e-11
-1.82077e-11
1.77636e-12
-4.44089e-13
-4.88498e-12
1.11022e-11
4.88498e-12
5.28466e-11
-4.44089e-13
-5.28466e-11
5.4623e-11
-1.02141e-11
-1.77636e-12
3.9968e-12
1.24345e-11
0
5.06262e-11
4.88498e-11
-5.10703e-11
-4.84057e-11
5.15143e-11
-8.88178e-13
3.68594e-11
8.88178e-12
-2.57572e-11
0
2.84217e-11
-1.42109e-11
0
-2.44249e-11
-1.9984e-11
1.86517e-11
4.17444e-11
1.95399e-11
-8.88178e-12
-1.90958e-11
-3.06422e-11
7.99361e-12
1.33227e-12
2.26485e-11
-1.33227e-12
-3.06422e-11
-2.08722e-11
8.43769e-12
3.81917e-11
-3.59712e-11
-3.4639e-11
-5.32907e-12
-8.88178e-13
2.35367e-11
3.10862e-12
-2.04281e-11
3.37508e-11
0
0
0
-3.55271e-12
3.55271e-12
-3.06422e-11
0
3.06422e-11
-3.55271e-12
-1.68754e-11
2.22045e-11
2.62013e-11
0
-1.11022e-11
-1.77636e-12
-1.06581e-11
-2.4869e-11
2.22045e-11
4.88498e-12
7.99361e-12
0
0
-2.75335e-11
-3.55271e-11
3.59712e-11
2.70894e-11
0
-2.70894e-11
-2.04281e-11
2.22045e-12
0
3.59712e-11
2.62013e-11
-3.15303e-11
-5.32907e-12
3.06422e-11
8.88178e-13
-3.10862e-12
8.88178e-12
-1.33227e-11
8.88178e-13
-1.77636e-11
0
3.33067e-11
-2.26485e-11
7.10543e-12
0
-8.88178e-13
1.19904e-11
-3.9968e-12
-5.32907e-12
4.44089e-13
0
5.86198e-11
8.88178e-13
-5.4623e-11
0
-5.32907e-12
3.10862e-12
-1.77636e-12
6.52811e-11
-4.44089e-12
-5.63993e-11
6.08402e-11
-4.44089e-12
0
5.77316e-12
-5.81757e-11
5.4623e-11
2.17604e-11
7.54952e-12
-1.33227e-11
8.88178e-13
1.42109e-11
-3.15303e-11
0
2.9754e-11
-1.02141e-11
1.77636e-12
4.44089e-13
0
0
-2.70894e-11
3.28626e-11
3.10862e-12
7.10543e-12
-5.77316e-12
-1.33227e-12
2.08722e-11
-8.88178e-13
-2.4869e-11
-3.28626e-11
-3.55271e-12
3.68594e-11
1.33227e-11
-5.32907e-12
1.64313e-11
-2.13163e-11
4.44089e-13
3.28626e-11
-2.66454e-12
2.66454e-12
-1.46549e-11
-3.41949e-11
1.19904e-11
1.55431e-11
0
0
6.66134e-12
-2.66454e-12
3.86358e-11
1.11022e-11
-2.08722e-11
-2.04281e-11
-2.08722e-11
-1.37668e-11
2.62013e-11
1.73195e-11
1.33227e-11
8.43769e-12
1.59872e-11
0
5.77316e-12
-3.59712e-11
-8.88178e-13
1.5099e-11
-4.44089e-13
1.24345e-11
-4.44089e-12
2.17604e-11
-4.44089e-13
-1.11022e-11
0
-2.13163e-11
3.15303e-11
3.06422e-11
0
-1.33227e-12
0
3.59712e-11
0
-1.06581e-11
-3.9968e-12
-2.44249e-11
2.04281e-11
1.86517e-11
-4.44089e-13
-3.10862e-12
-4.44089e-12
2.66454e-12
5.9952e-11
-8.88178e-12
8.88178e-13
-3.10862e-12
-6.79456e-11
6.21725e-12
0
-5.77316e-12
8.43769e-12
1.11022e-11
3.9968e-12
1.33227e-12
5.63993e-11
5.10703e-11
-6.17284e-11
-5.19584e-11
6.21725e-12
-2.66454e-12
5.63993e-11
3.28626e-11
-8.88178e-12
-6.66134e-12
1.02141e-11
1.42109e-11
-3.15303e-11
-9.76996e-12
2.93099e-11
0
-1.82077e-11
7.54952e-12
-1.59872e-11
-8.88178e-12
2.13163e-11
0
-1.77636e-12
5.77316e-12
0
5.77316e-12
-3.5083e-11
-3.68594e-11
3.10862e-11
2.57572e-11
2.66454e-12
5.77316e-12
-8.43769e-12
-3.01981e-11
-2.57572e-11
0
3.15303e-11
-1.68754e-11
2.84217e-11
-2.66454e-12
-9.76996e-12
2.93099e-11
1.64313e-11
-9.32587e-12
-2.4869e-11
-1.24345e-11
-1.02141e-11
4.44089e-13
0
6.66134e-12
-1.46549e-11
-2.39808e-11
1.02141e-11
3.55271e-12
7.54952e-12
3.68594e-11
1.59872e-11
-1.28786e-11
8.88178e-13
7.10543e-12
1.77636e-11
-2.39808e-11
-4.44089e-12
2.66454e-12
-4.44089e-13
1.55431e-11
2.30926e-11
-8.43769e-12
-4.44089e-13
0
4.44089e-13
-1.46549e-11
3.10862e-11
3.10862e-11
-4.44089e-12
-8.88178e-13
3.9968e-12
2.26485e-11
-1.82077e-11
-1.24345e-11
-3.55271e-12
1.15463e-11
1.02141e-11
-3.55271e-11
-1.77636e-12
2.75335e-11
-2.66454e-11
0
4.44089e-12
0
-1.06581e-11
-1.02141e-11
1.02141e-11
6.21725e-12
0
5.90639e-11
-8.88178e-13
-5.9508e-11
4.70735e-11
-7.99361e-12
-4.4853e-11
6.35048e-11
-3.9968e-12
-5.06262e-11
0
-8.88178e-13
4.84057e-11
-2.66454e-12
5.77316e-12
-3.41949e-11
-8.88178e-13
3.73035e-11
-7.99361e-12
0
-1.59872e-11
4.88498e-12
5.32907e-12
-2.22045e-12
0
2.66454e-11
0
1.59872e-11
5.32907e-12
-3.24185e-11
-8.88178e-13
2.44249e-11
-4.44089e-13
1.77636e-11
5.77316e-12
0
0
-1.15463e-11
-4.04121e-11
8.88178e-13
-8.88178e-13
2.66454e-11
2.22045e-11
1.19904e-11
-4.44089e-13
-2.9754e-11
0
3.28626e-11
1.73195e-11
8.43769e-12
-5.77316e-12
-4.88498e-12
1.9984e-11
2.13163e-11
-8.43769e-12
-1.33227e-12
8.88178e-12
-2.93099e-11
-3.10862e-11
0
2.70894e-11
-5.32907e-12
-3.73035e-11
0
-4.44089e-13
0
4.44089e-13
-8.43769e-12
2.66454e-11
3.15303e-11
7.54952e-12
-7.10543e-12
-3.55271e-12
1.86517e-11
2.9754e-11
-2.62013e-11
-9.32587e-12
3.37508e-11
-2.44249e-11
6.21725e-12
0
-1.59872e-11
7.54952e-12
2.9754e-11
-7.99361e-12
-1.33227e-11
8.43769e-12
2.08722e-11
-1.86517e-11
-2.79776e-11
-6.66134e-12
-5.77316e-12
1.64313e-11
-2.22045e-12
6.21725e-11
0
-3.73035e-11
6.79456e-11
-2.22045e-11
0
-8.88178e-13
-4.44089e-13
-8.43769e-12
6.52811e-11
3.55271e-12
-5.63993e-11
5.68434e-11
5.4623e-11
-6.39488e-11
-5.19584e-11
4.44089e-12
-2.66454e-12
3.55271e-12
3.9968e-11
-4.44089e-13
-2.62013e-11
4.88498e-12
2.84217e-11
-1.02141e-11
-9.32587e-12
-2.4869e-11
-9.32587e-12
3.86358e-11
0
4.44089e-13
3.73035e-11
-4.44089e-13
-3.81917e-11
-1.06581e-11
3.37508e-11
-6.66134e-12
-1.55431e-11
2.22045e-12
-2.08722e-11
4.44089e-13
3.95239e-11
3.33067e-11
-5.77316e-12
2.66454e-12
-3.01981e-11
-8.88178e-12
-4.44089e-13
3.9968e-12
3.33067e-11
1.33227e-12
3.55271e-12
3.55271e-11
-7.99361e-12
-6.21725e-12
1.77636e-12
0
0
-3.06422e-11
1.02141e-11
4.44089e-13
-2.08722e-11
0
2.35367e-11
5.32907e-12
-2.62013e-11
4.88498e-12
3.01981e-11
7.99361e-12
7.99361e-12
3.15303e-11
4.44089e-13
-3.10862e-11
8.88178e-13
3.77476e-11
-3.95239e-11
0
1.73195e-11
-3.55271e-11
-3.9968e-11
0
0
3.10862e-12
6.66134e-12
1.42109e-11
3.06422e-11
-6.66134e-12
-1.59872e-11
1.02141e-11
3.86358e-11
3.10862e-11
0
-3.10862e-11
-3.86358e-11
3.59712e-11
2.08722e-11
4.44089e-13
-2.08722e-11
-5.32907e-12
2.66454e-12
1.15463e-11
-7.99361e-12
1.77636e-12
6.08402e-11
-1.37668e-11
-6.52811e-11
0
9.76996e-12
2.66454e-12
0
5.68434e-11
0
0
5.4623e-11
-2.22045e-12
2.22045e-12
-5.4623e-11
-2.22045e-12
5.68434e-11
5.37348e-11
-5.68434e-11
-5.72875e-11
5.15143e-11
6.08402e-11
-5.10703e-11
-5.63993e-11
-1.06581e-11
0
5.77316e-12
5.41789e-11
0
-5.4623e-11
0
6.57252e-11
5.86198e-11
-6.30607e-11
-6.66134e-12
0
-5.24025e-11
-4.44089e-13
4.44089e-13
-3.10862e-12
-1.11022e-11
5.32907e-12
5.77316e-12
-1.11022e-11
5.81757e-11
8.43769e-12
-6.30607e-11
5.41789e-11
1.11022e-11
7.10543e-12
-3.55271e-12
-5.10703e-11
4.66294e-11
-1.02141e-11
4.44089e-13
0
-4.17444e-11
0
5.90639e-11
-4.44089e-13
0
5.59552e-11
-1.33227e-12
-5.41789e-11
-5.63993e-11
-9.32587e-12
-1.33227e-12
6.52811e-11
1.15463e-11
4.44089e-13
-9.76996e-12
0
7.54952e-12
-6.52811e-11
5.55112e-11
6.70575e-11
-5.68434e-11
0
6.12843e-11
0
0
2.93099e-11
-5.50671e-11
-1.82077e-11
-1.77636e-12
-1.02141e-11
1.77636e-12
-9.76996e-12
2.66454e-12
-1.33227e-12
-5.63993e-11
1.37668e-11
-1.15463e-11
8.88178e-13
-1.33227e-12
-1.06581e-11
6.57252e-11
-1.33227e-12
-1.33227e-12
-1.77636e-12
5.59552e-11
-5.37348e-11
-5.50671e-11
1.33227e-12
5.4623e-11
5.50671e-11
8.88178e-13
-5.77316e-12
2.22045e-12
0
-2.22045e-12
1.77636e-12
0
4.44089e-13
0
-5.37348e-11
-5.19584e-11
-1.95399e-11
-3.10862e-12
0
3.10862e-12
-2.22045e-12
0
1.77636e-12
0
5.24025e-11
5.15143e-11
3.10862e-12
1.33227e-12
-1.77636e-12
-4.44089e-13
0
0
-7.99361e-12
0
5.9508e-11
5.19584e-11
3.10862e-12
-3.55271e-12
-1.11022e-11
-6.66134e-12
6.52811e-11
0
4.44089e-13
0
1.33227e-12
6.70575e-11
5.32907e-12
4.44089e-13
0
5.63993e-11
0
0
-6.12843e-11
0
6.21725e-11
1.33227e-12
-9.76996e-12
1.33227e-12
6.83897e-11
5.59552e-11
0
0
-1.95399e-11
0
2.04281e-11
1.33227e-12
-5.19584e-11
-5.32907e-12
0
4.44089e-12
5.77316e-11
0
-1.33227e-12
-2.66454e-12
0
5.9952e-11
-8.88178e-13
8.43769e-12
-8.88178e-13
4.44089e-11
-7.10543e-12
-4.52971e-11
7.99361e-12
-1.77636e-12
5.50671e-11
5.90639e-11
-6.35048e-11
-3.9968e-12
6.88338e-11
6.08402e-11
0
0
-4.44089e-13
0
1.33227e-12
1.33227e-12
-3.9968e-12
-4.44089e-13
6.21725e-12
4.44089e-13
0
0
-5.86198e-11
0
4.44089e-13
-5.77316e-11
-1.95399e-11
-3.10862e-12
0
3.10862e-12
-2.22045e-12
0
1.77636e-12
0
5.24025e-11
5.15143e-11
-4.44089e-12
1.68754e-11
0
1.02141e-11
-7.99361e-12
0
-2.66454e-12
-2.84217e-11
7.59393e-11
9.50351e-11
-4.17444e-11
-1.42109e-11
2.17604e-11
-5.77316e-12
1.9984e-11
-8.88178e-13
-3.37508e-11
0
3.4639e-11
1.90958e-11
1.24345e-11
-1.02141e-11
0
1.02141e-11
-4.44089e-13
0
-1.59872e-11
0
1.68754e-11
4.44089e-13
-1.24345e-11
5.32907e-12
-7.10543e-12
-5.77316e-12
1.9984e-11
-8.88178e-13
-2.30926e-11
0
1.95399e-11
1.5099e-11
-9.76996e-12
4.88498e-12
0
-4.88498e-12
9.76996e-12
0
-4.88498e-12
9.76996e-12
6.21725e-11
5.72875e-11
8.43769e-12
-1.82077e-11
1.33227e-12
1.82077e-11
9.76996e-12
0
0
0
5.37348e-11
6.43929e-11
-5.77316e-12
-1.06581e-11
1.02141e-11
1.46549e-11
-3.19744e-11
-4.44089e-13
1.68754e-11
1.33227e-12
6.57252e-11
5.19584e-11
-9.32587e-12
-3.10862e-11
8.88178e-13
2.04281e-11
9.76996e-12
0
8.88178e-13
0
-4.44089e-13
1.02141e-11
-5.41789e-11
-6.03961e-11
-1.33227e-12
8.88178e-13
0
0
-8.43769e-12
0
6.88338e-11
6.08402e-11
-6.35048e-11
1.77636e-12
1.06581e-11
5.63993e-11
0
-5.77316e-11
-7.10543e-12
4.44089e-13
5.90639e-11
5.24025e-11
8.88178e-13
-1.55431e-11
-1.90958e-11
3.4639e-11
0
-1.9984e-11
1.55431e-11
0
6.12843e-11
7.72715e-11
4.44089e-13
1.77636e-12
2.17604e-11
-2.39808e-11
-3.28626e-11
0
3.5083e-11
0
-3.9968e-12
1.9984e-11
2.53131e-11
1.68754e-11
-2.70894e-11
1.02141e-11
1.90958e-11
-2.79776e-11
-2.22045e-12
-8.88178e-13
6.52811e-11
8.34888e-11
0
3.90799e-11
0
-3.90799e-11
0
0
3.90799e-11
0
-1.02141e-11
2.9754e-11
0
2.04281e-11
0
-2.04281e-11
0
0
-1.11022e-11
1.9984e-11
3.01981e-11
0
0
8.43769e-12
3.10862e-11
-3.95239e-11
-1.59872e-11
3.10862e-11
2.44249e-11
0
-1.02141e-11
-2.22045e-12
-1.24345e-11
-3.77476e-11
2.08722e-11
2.04281e-11
-3.55271e-12
2.04281e-11
-1.77636e-12
-1.9984e-11
-4.44089e-13
1.42109e-11
-1.5099e-11
7.54952e-12
3.15303e-11
-3.90799e-11
-1.59872e-11
3.10862e-11
2.04281e-11
-1.59872e-11
-6.66134e-12
1.42109e-11
0
6.17284e-11
-1.11022e-11
-5.06262e-11
0
-1.06581e-11
6.12843e-11
0
5.77316e-12
6.70575e-11
-7.54952e-12
-3.9968e-12
1.11022e-11
-7.10543e-12
-4.44089e-13
1.11022e-11
5.55112e-11
0
0
5.50671e-11
-7.10543e-12
-9.76996e-12
-4.44089e-13
1.02141e-11
-4.44089e-13
0
4.44089e-12
0
4.44089e-12
8.88178e-12
-3.10862e-12
1.11022e-11
0
-7.99361e-12
-1.02141e-11
0
1.68754e-11
0
5.63993e-11
6.35048e-11
-2.08722e-11
-4.44089e-13
1.5099e-11
3.01981e-11
-2.66454e-12
4.44089e-13
-4.44089e-13
0
6.35048e-11
6.03961e-11
-8.43769e-12
3.77476e-11
-2.9754e-11
-7.99361e-12
2.9754e-11
-2.9754e-11
4.44089e-12
0
4.44089e-12
3.86358e-11
1.33227e-12
-2.84217e-11
-3.55271e-11
1.95399e-11
1.90958e-11
-1.02141e-11
-4.44089e-13
-2.04281e-11
2.13163e-11
3.9968e-11
-8.88178e-13
1.95399e-11
9.76996e-12
7.54952e-12
-3.68594e-11
8.88178e-12
2.04281e-11
0
1.77636e-11
4.44089e-13
-6.21725e-12
-2.9754e-11
3.90799e-11
1.42109e-11
-3.95239e-11
-1.11022e-11
3.77476e-11
2.75335e-11
4.44089e-13
0
1.68754e-11
-1.11022e-11
-3.55271e-11
1.95399e-11
8.88178e-13
-9.76996e-12
1.73195e-11
-2.04281e-11
2.13163e-11
3.9968e-11
-5.4623e-11
6.12843e-11
-8.88178e-13
-5.06262e-11
0
-1.33227e-12
5.41789e-11
-8.88178e-13
3.10862e-12
5.59552e-11
-5.06262e-11
1.33227e-12
-1.33227e-12
-8.88178e-13
0
0
8.88178e-13
0
5.06262e-11
5.19584e-11
1.9984e-11
-1.55431e-11
-1.90958e-11
3.4639e-11
-8.88178e-13
-1.90958e-11
-1.46549e-11
1.86517e-11
9.14824e-11
5.86198e-11
0
3.9968e-11
3.55271e-11
-3.95239e-11
-7.10543e-12
-4.44089e-13
1.15463e-11
0
-1.11022e-11
2.9754e-11
3.41949e-11
1.77636e-11
-9.76996e-12
1.9984e-11
-4.44089e-12
-9.76996e-12
-6.21725e-12
-2.84217e-11
6.52811e-11
8.34888e-11
-2.70894e-11
-6.66134e-12
0
-2.13163e-11
2.79776e-11
-4.44089e-13
-5.77316e-12
-4.44089e-13
7.54952e-12
2.9754e-11
-6.21725e-12
-1.11022e-11
-1.59872e-11
1.11022e-11
0
0
9.32587e-12
0
1.06581e-11
1.9984e-11
3.10862e-11
1.82077e-11
-1.5099e-11
-1.90958e-11
0
0
1.82077e-11
8.88178e-13
5.32907e-12
2.53131e-11
6.21725e-12
-4.88498e-12
-1.82077e-11
6.66134e-12
1.64313e-11
-1.86517e-11
-1.64313e-11
0
1.28786e-11
1.24345e-11
-3.95239e-11
1.33227e-11
2.9754e-11
-4.17444e-11
9.32587e-12
3.01981e-11
-4.44089e-13
-8.88178e-13
-7.99361e-12
-4.44089e-13
5.90639e-11
5.19584e-11
-5.59552e-11
3.9968e-12
0
-5.63993e-11
5.24025e-11
0
4.88498e-12
5.77316e-11
-8.43769e-12
-5.50671e-11
1.11022e-11
5.59552e-11
0
-5.77316e-11
0
0
5.86198e-11
5.86198e-11
-3.15303e-11
-7.99361e-12
4.08562e-11
-1.11022e-11
-1.02141e-11
1.9984e-11
4.88498e-12
0
-4.44089e-13
-5.32907e-12
0
2.04281e-11
4.44089e-13
-1.77636e-12
-1.95399e-11
1.33227e-12
2.08722e-11
0
5.50671e-11
5.59552e-11
-6.21725e-12
2.66454e-12
-8.88178e-13
5.32907e-12
3.15303e-11
-1.06581e-11
2.22045e-12
-2.84217e-11
5.9952e-11
9.50351e-11
0
-1.77636e-12
1.02141e-11
-2.04281e-11
8.88178e-12
2.66454e-12
-3.59712e-11
0
3.41949e-11
1.33227e-11
1.82077e-11
-2.9754e-11
0
2.9754e-11
-3.28626e-11
0
3.37508e-11
0
5.63993e-11
5.72875e-11
1.02141e-11
-6.66134e-12
-8.88178e-13
1.33227e-11
-7.10543e-12
0
8.88178e-13
0
6.35048e-11
5.72875e-11
-1.90958e-11
-1.33227e-11
1.5099e-11
-5.77316e-12
7.54952e-12
8.88178e-12
-3.73035e-11
6.66134e-12
3.86358e-11
8.88178e-12
2.22045e-11
-2.39808e-11
0
2.9754e-11
-7.10543e-12
0
-1.24345e-11
0
7.68274e-11
5.72875e-11
1.06581e-11
8.88178e-13
4.13003e-11
-8.88178e-13
-4.17444e-11
5.32907e-12
0
0
5.50671e-11
5.50671e-11
-9.76996e-12
-6.08402e-11
6.88338e-11
6.08402e-11
0
0
-4.44089e-13
0
1.33227e-12
1.33227e-12
1.02141e-11
1.68754e-11
-1.9984e-11
3.10862e-12
0
-1.9984e-11
2.04281e-11
1.86517e-11
4.39648e-11
4.66294e-11
0
2.88658e-11
-5.77316e-12
7.99361e-12
-3.19744e-11
-5.32907e-12
2.44249e-11
0
6.9722e-11
6.35048e-11
8.88178e-12
0
1.82077e-11
-2.22045e-12
2.22045e-12
-7.54952e-12
6.66134e-12
4.44089e-13
8.88178e-13
1.77636e-11
0
3.95239e-11
1.9984e-11
-2.44249e-11
4.44089e-12
-1.5099e-11
-3.77476e-11
-4.44089e-13
3.01981e-11
3.19744e-11
-1.95399e-11
-6.66134e-12
1.82077e-11
6.21725e-12
-3.10862e-12
0
3.9968e-12
-3.10862e-12
5.68434e-11
6.08402e-11
2.17604e-11
-2.9754e-11
0
2.9754e-11
-3.28626e-11
0
-7.10543e-12
0
9.72555e-11
5.72875e-11
3.10862e-12
-4.88498e-12
-3.10862e-12
6.21725e-12
-1.46549e-11
-3.81917e-11
-4.44089e-13
3.4639e-11
1.55431e-11
-1.33227e-12
-2.79776e-11
2.39808e-11
3.06422e-11
-2.13163e-11
8.88178e-12
-8.88178e-13
-1.06581e-11
3.06422e-11
1.24345e-11
9.32587e-12
-5.63993e-11
1.77636e-12
-1.15463e-11
-8.88178e-13
5.32907e-12
0
1.33227e-12
0
5.32907e-11
5.01821e-11
5.59552e-11
-4.35207e-11
-5.63993e-11
1.82077e-11
4.57412e-11
-2.08722e-11
-4.35207e-11
-1.77636e-12
0
3.55271e-12
-4.44089e-13
3.10862e-12
1.77636e-12
1.46549e-11
-1.90958e-11
-3.77476e-11
3.55271e-12
3.86358e-11
6.61693e-11
5.10703e-11
-1.24345e-11
-3.77476e-11
2.08722e-11
3.9968e-11
-3.9968e-12
1.33227e-12
-1.77636e-12
0
4.9738e-11
4.4853e-11
-3.28626e-11
-1.15463e-11
3.81917e-11
2.9754e-11
-1.11022e-11
-4.44089e-12
1.11022e-11
3.9968e-12
5.50671e-11
5.55112e-11
-5.77316e-12
-3.9968e-12
1.02141e-11
-2.22045e-12
0
6.66134e-12
-2.08722e-11
3.9968e-12
1.82077e-11
-2.66454e-12
1.82077e-11
2.53131e-11
1.5099e-11
-5.77316e-12
0
-1.95399e-11
-1.90958e-11
3.19744e-11
1.82077e-11
2.22045e-12
-3.01981e-11
-4.44089e-12
3.81917e-11
-3.01981e-11
4.44089e-13
3.41949e-11
-2.08722e-11
3.9968e-12
1.82077e-11
-2.66454e-12
9.76996e-12
1.86517e-11
-3.01981e-11
5.77316e-12
3.01981e-11
-3.41949e-11
-4.44089e-12
6.66134e-12
1.06581e-11
3.59712e-11
0
-4.44089e-13
3.81917e-11
-3.01981e-11
-4.44089e-12
3.41949e-11
3.10862e-12
3.55271e-12
-4.44089e-13
-2.66454e-12
-5.63993e-11
1.37668e-11
1.77636e-12
5.4623e-11
0
-5.4623e-11
-5.32907e-12
8.88178e-13
3.86358e-11
3.4639e-11
-9.76996e-12
-3.9968e-12
6.88338e-11
6.08402e-11
0
0
-4.44089e-13
0
1.33227e-12
1.33227e-12
-8.88178e-13
-2.22045e-12
1.95399e-11
-1.64313e-11
-9.76996e-12
1.95399e-11
1.06581e-11
0
1.86517e-11
1.9984e-11
0
3.90799e-11
0
-2.39808e-11
1.59872e-11
0
-2.30926e-11
0
2.70894e-11
1.9984e-11
8.88178e-12
0
1.82077e-11
-2.22045e-12
2.22045e-12
-7.54952e-12
-1.33227e-11
8.88178e-13
2.04281e-11
1.77636e-11
3.55271e-12
3.55271e-11
3.9968e-12
-4.44089e-12
4.44089e-12
0
-4.21885e-11
0
4.21885e-11
9.32587e-12
-3.41949e-11
-8.88178e-13
3.90799e-11
-3.81917e-11
-3.10862e-12
3.95239e-11
-3.64153e-11
-2.66454e-12
2.9754e-11
-7.10543e-12
-1.68754e-11
2.44249e-11
3.90799e-11
-2.66454e-11
-6.66134e-12
3.95239e-11
8.88178e-13
0
7.10543e-12
1.33227e-12
1.82077e-11
-2.66454e-11
1.77636e-12
3.90799e-11
-8.43769e-12
-2.22045e-12
3.10862e-12
3.9968e-12
-4.44089e-13
-5.77316e-12
8.88178e-13
-2.39808e-11
3.95239e-11
-1.02141e-11
-6.66134e-12
3.9968e-11
-3.33067e-11
-2.66454e-12
2.9754e-11
-7.10543e-12
5.50671e-11
6.66134e-12
-1.06581e-11
5.63993e-11
-4.17444e-11
-5.72875e-11
-1.06581e-11
0
6.66134e-11
6.08402e-11
-5.59552e-11
-2.22045e-12
5.81757e-11
2.22045e-12
0
0
-4.44089e-13
0
-5.77316e-11
-5.77316e-11
5.72875e-11
5.9952e-11
-6.03961e-11
0
4.44089e-13
-6.08402e-11
3.9968e-12
0
5.59552e-11
5.9952e-11
0
1.02141e-11
0
-1.02141e-11
1.06581e-11
0
-4.44089e-13
0
4.44089e-13
1.11022e-11
5.4623e-11
5.24025e-11
-5.41789e-11
-4.30767e-11
8.88178e-13
-1.77636e-12
-4.44089e-13
2.22045e-12
8.88178e-13
8.88178e-13
1.28786e-11
5.28466e-11
-8.88178e-13
-5.19584e-11
5.06262e-11
0
-6.21725e-11
0
6.21725e-11
5.01821e-11
6.70575e-11
4.44089e-12
-5.90639e-11
-1.77636e-12
3.10862e-12
-3.10862e-12
5.10703e-11
4.88498e-12
4.44089e-12
5.50671e-11
-5.68434e-11
-8.88178e-13
4.35207e-11
3.9968e-12
-4.17444e-11
2.22045e-12
-1.37668e-11
0
6.12843e-11
4.84057e-11
5.32907e-12
8.88178e-13
4.44089e-12
-4.44089e-12
5.37348e-11
5.32907e-12
-5.9952e-11
8.88178e-13
5.9508e-11
5.50671e-11
6.21725e-12
-5.68434e-11
-7.99361e-12
-8.88178e-13
6.75016e-11
-7.99361e-12
-5.37348e-11
6.79456e-11
0
-5.55112e-11
-4.44089e-12
-1.33227e-12
5.32907e-12
-3.9968e-12
-5.55112e-11
-5.06262e-11
0
0
-1.33227e-12
-8.88178e-13
)
;

boundaryField
{
    frontAndBack
    {
        type            calculated;
        value           nonuniform List<scalar> 
600
(
-498.008
-498.008
-498.008
-498.008
-498.008
-498.008
-498.008
-498.008
-498.008
-498.008
-1.98799
-1.98799
-1.98799
-1.98799
-1.98799
-1.98799
-1.98799
-1.98799
-1.98799
-1.98799
-0.00399304
-0.00399304
-0.00399304
-0.00399304
-0.00399304
-0.00399304
-0.00399304
-0.00399304
-0.00399304
-0.00399304
-5.37532e-06
-5.37534e-06
-5.37535e-06
-5.37529e-06
-5.37532e-06
-5.37535e-06
-5.37531e-06
-5.37534e-06
-5.37532e-06
-5.37533e-06
-5.49916e-09
-5.4956e-09
-5.50404e-09
-5.4361e-09
-5.49738e-09
-5.48406e-09
-5.4321e-09
-5.50493e-09
-5.4472e-09
-5.46718e-09
-1.95399e-11
-2.13163e-11
-2.26485e-11
-5.9508e-11
-1.24345e-11
-2.22045e-11
2.22045e-11
-2.79776e-11
-5.59552e-11
3.4639e-11
5.50671e-11
1.11022e-11
4.44089e-13
4.44089e-13
6.70575e-11
-1.15463e-11
2.22045e-12
5.50671e-11
-5.28466e-11
-6.21725e-12
0
-5.77316e-12
6.52811e-11
-4.44089e-13
5.59552e-11
6.61693e-11
0
7.99361e-12
4.4853e-11
-5.63993e-11
0
-1.77636e-12
-4.44089e-13
-5.63993e-11
-6.4837e-11
1.06581e-11
-6.52811e-11
-6.26166e-11
-1.28786e-11
-4.79616e-11
5.06262e-11
9.76996e-12
-5.24025e-11
5.32907e-12
-5.41789e-11
-6.35048e-11
1.42109e-11
-3.9968e-12
-4.61853e-11
5.81757e-11
-498.008
-498.008
-498.008
-498.008
-498.008
-498.008
-498.008
-498.008
-498.008
-498.008
-1.98799
-1.98799
-1.98799
-1.98799
-1.98799
-1.98799
-1.98799
-1.98799
-1.98799
-1.98799
-0.00399304
-0.00399304
-0.00399304
-0.00399304
-0.00399304
-0.00399304
-0.00399304
-0.00399304
-0.00399304
-0.00399304
-5.37533e-06
-5.37533e-06
-5.37533e-06
-5.37529e-06
-5.37533e-06
-5.37532e-06
-5.37532e-06
-5.37532e-06
-5.37532e-06
-5.37535e-06
-5.46718e-09
-5.4996e-09
-5.51692e-09
-5.49738e-09
-5.49738e-09
-5.49738e-09
-5.50759e-09
-5.50004e-09
-5.51381e-09
-5.44409e-09
-1.9984e-11
-2.30926e-11
-2.04281e-11
0
-2.26485e-11
-3.19744e-11
-1.95399e-11
-2.39808e-11
-3.19744e-11
-1.95399e-11
4.44089e-13
0
-4.44089e-13
3.9968e-12
0
7.99361e-12
3.10862e-12
-1.77636e-12
5.55112e-11
-5.59552e-11
-8.88178e-13
-2.22045e-12
1.11022e-11
-5.41789e-11
1.28786e-11
2.22045e-12
-3.10862e-12
4.44089e-12
1.11022e-11
5.68434e-11
-5.55112e-11
-1.33227e-12
0
6.21725e-12
0
1.77636e-12
-1.28786e-11
-3.55271e-12
-5.59552e-11
5.63993e-11
1.33227e-12
6.83897e-11
-1.06581e-11
0
-1.28786e-11
5.77316e-12
-9.76996e-12
-7.10543e-12
5.4623e-11
-5.59552e-11
1.77636e-12
-3.55271e-12
-2.22045e-12
1.33227e-12
5.24025e-11
-1.77636e-12
7.54952e-12
-2.66454e-12
6.52811e-11
5.55112e-11
2.22045e-12
0
-1.33227e-12
5.06262e-11
0
6.52811e-11
-5.68434e-11
-3.10862e-12
3.55271e-12
0
-2.66454e-12
5.32907e-12
1.77636e-12
0
-4.57412e-11
1.33227e-12
-8.88178e-13
6.39488e-11
4.44089e-13
-8.88178e-13
3.9968e-12
0
-4.44089e-13
0
5.68434e-11
-5.63993e-11
0
6.21725e-12
5.63993e-11
0
-3.9968e-12
5.4623e-11
5.10703e-11
-1.06581e-11
3.9968e-12
5.10703e-11
3.55271e-12
2.22045e-12
-1.77636e-12
4.44089e-13
4.44089e-13
-3.9968e-12
-4.44089e-12
2.22045e-12
-5.9952e-11
-4.44089e-12
-2.66454e-12
-1.06581e-11
-1.02141e-11
-2.22045e-12
0
-5.59552e-11
-5.24025e-11
1.02141e-11
-8.88178e-13
3.9968e-12
-8.88178e-13
-5.55112e-11
-5.15143e-11
1.77636e-12
-2.22045e-12
5.32907e-12
5.77316e-12
-5.24025e-11
3.9968e-12
6.21725e-12
3.9968e-12
0
-4.9738e-11
-5.4623e-11
5.77316e-12
1.86517e-11
-1.77636e-12
-3.10862e-12
5.15143e-11
-5.86198e-11
5.19584e-11
0
5.19584e-11
-2.22045e-12
-3.9968e-12
-4.44089e-13
-4.44089e-13
0
-8.88178e-13
-4.44089e-13
-1.33227e-12
2.66454e-12
2.66454e-12
5.68434e-11
0
5.37348e-11
5.41789e-11
-4.44089e-13
5.41789e-11
0
6.52811e-11
0
-9.76996e-12
-1.33227e-12
5.68434e-11
-5.68434e-11
0
4.44089e-13
1.11022e-11
5.90639e-11
1.15463e-11
6.12843e-11
2.66454e-12
-1.33227e-12
0
-5.72875e-11
-5.4623e-11
-3.10862e-12
7.10543e-12
-4.44089e-13
4.44089e-13
0
-1.33227e-12
-1.77636e-12
0
5.15143e-11
0
-1.11022e-11
-3.55271e-12
0
-9.76996e-12
0
-5.63993e-11
5.59552e-11
5.4623e-11
6.08402e-11
6.57252e-11
5.32907e-12
-5.10703e-11
5.59552e-11
0
2.93099e-11
1.37668e-11
-5.37348e-11
-2.22045e-12
-5.10703e-11
5.86198e-11
5.77316e-12
4.66294e-11
-1.33227e-12
7.54952e-12
-5.50671e-11
-1.15463e-11
-5.50671e-11
2.22045e-12
-5.63993e-11
-6.30607e-11
-1.11022e-11
-1.02141e-11
-5.41789e-11
-6.52811e-11
-1.82077e-11
8.88178e-13
1.33227e-12
-5.4623e-11
-1.06581e-11
-6.66134e-12
5.81757e-11
4.44089e-13
-5.63993e-11
5.55112e-11
-1.77636e-12
-1.33227e-12
5.4623e-11
-2.22045e-12
0
0
8.43769e-12
0
-9.32587e-12
6.70575e-11
-1.02141e-11
-1.06581e-11
5.50671e-11
5.68434e-11
5.77316e-12
-5.24025e-11
-6.30607e-11
-4.17444e-11
-1.33227e-12
-5.68434e-11
1.77636e-12
6.57252e-11
8.88178e-13
-5.77316e-12
-1.95399e-11
3.10862e-12
3.10862e-12
5.32907e-12
-9.76996e-12
-5.19584e-11
-8.88178e-13
-6.35048e-11
-3.9968e-12
2.22045e-12
-3.10862e-12
1.33227e-12
-3.55271e-12
4.44089e-13
1.33227e-12
-5.32907e-12
8.43769e-12
-3.9968e-12
-4.44089e-13
0
0
-1.77636e-12
-1.11022e-11
0
6.83897e-11
0
-8.88178e-13
6.88338e-11
6.21725e-12
-2.22045e-12
3.10862e-12
-4.44089e-13
-6.66134e-12
5.63993e-11
5.59552e-11
4.44089e-12
4.44089e-11
6.08402e-11
4.44089e-13
1.77636e-12
-2.22045e-12
0
6.52811e-11
0
0
5.77316e-11
-7.10543e-12
0
0
0
0
0
0
0
0
0
-4.52971e-11
0
0
4.44089e-13
1.77636e-12
-7.99361e-12
4.44089e-13
-6.12843e-11
-1.95399e-11
-1.33227e-12
7.99361e-12
-4.44089e-13
-5.86198e-11
0
0
0
0
0
0
-2.66454e-12
-1.77636e-12
0
0
-5.37348e-11
5.24025e-11
5.9508e-11
1.33227e-12
6.21725e-11
2.04281e-11
0
5.50671e-11
1.33227e-12
4.44089e-13
-5.19584e-11
5.15143e-11
5.19584e-11
6.70575e-11
1.33227e-12
1.33227e-12
5.9952e-11
5.90639e-11
1.33227e-12
-5.77316e-11
-5.59552e-11
5.72875e-11
0
5.4623e-11
1.28786e-11
6.70575e-11
-5.68434e-11
5.32907e-12
6.21725e-12
-4.44089e-12
-2.22045e-12
5.9952e-11
1.02141e-11
5.24025e-11
5.28466e-11
4.44089e-12
-8.88178e-13
8.88178e-13
-5.68434e-11
-1.33227e-12
5.81757e-11
-6.03961e-11
0
-5.41789e-11
-8.88178e-13
-5.90639e-11
4.35207e-11
4.44089e-12
-7.99361e-12
5.32907e-12
2.22045e-12
0
-1.02141e-11
-4.30767e-11
-5.19584e-11
-1.77636e-12
3.9968e-12
-4.44089e-12
-8.88178e-13
-3.9968e-12
0
4.44089e-13
1.06581e-11
8.88178e-13
5.06262e-11
3.10862e-12
-4.17444e-11
5.37348e-11
6.75016e-11
-5.55112e-11
0
-6.08402e-11
0
-1.77636e-12
0
-3.10862e-12
2.22045e-12
5.32907e-12
-7.99361e-12
-5.06262e-11
-4.44089e-13
3.9968e-12
-4.44089e-13
-4.44089e-13
-6.21725e-11
5.10703e-11
-1.37668e-11
-5.9952e-11
-5.37348e-11
0
0
0
0
2.22045e-12
0
4.88498e-12
0
8.88178e-13
6.79456e-11
0
-5.77316e-11
5.59552e-11
4.44089e-13
8.88178e-13
6.21725e-11
4.44089e-12
6.12843e-11
5.9508e-11
0
-1.33227e-12
-5.77316e-11
5.9952e-11
1.11022e-11
8.88178e-13
5.01821e-11
5.50671e-11
4.84057e-11
5.50671e-11
-5.55112e-11
-8.88178e-13
)
;
    }
    left
    {
        type            calculated;
        value           nonuniform List<scalar> 
100
(
-992.048
-992.048
-992.048
-992.048
-992.048
-992.048
-992.048
-992.048
-992.048
-992.048
-992.048
-992.048
-992.048
-992.048
-992.048
-992.048
-992.048
-992.048
-992.048
-992.048
-992.048
-992.048
-992.048
-992.048
-992.048
-992.048
-992.048
-992.048
-992.048
-992.048
-992.048
-992.048
-992.048
-992.048
-992.048
-992.048
-992.048
-992.048
-992.048
-992.048
-992.048
-992.048
-992.048
-992.048
-992.048
-992.048
-992.048
-992.048
-992.048
-992.048
-992.048
-992.048
-992.048
-992.048
-992.048
-992.048
-992.048
-992.048
-992.048
-992.048
-992.048
-992.048
-992.048
-992.048
-992.048
-992.048
-992.048
-992.048
-992.048
-992.048
-992.048
-992.048
-992.048
-992.048
-992.048
-992.048
-992.048
-992.048
-992.048
-992.048
-992.048
-992.048
-992.048
-992.048
-992.048
-992.048
-992.048
-992.048
-992.048
-992.048
-992.048
-992.048
-992.048
-992.048
-992.048
-992.048
-992.048
-992.048
-992.048
-992.048
)
;
    }
    right
    {
        type            calculated;
        value           uniform 0;
    }
    lowerWall
    {
        type            calculated;
        value           nonuniform List<scalar> 
300
(
-498.008
-498.008
-498.008
-498.008
-498.008
-498.008
-498.008
-498.008
-498.008
-498.008
-1.98799
-1.98799
-1.98799
-1.98799
-1.98799
-1.98799
-1.98799
-1.98799
-1.98799
-1.98799
-0.00399304
-0.00399304
-0.00399304
-0.00399304
-0.00399304
-0.00399304
-0.00399304
-0.00399304
-0.00399304
-0.00399304
-5.37532e-06
-5.37533e-06
-5.37535e-06
-5.37533e-06
-5.37532e-06
-5.37535e-06
-5.37533e-06
-5.3753e-06
-5.37535e-06
-5.37533e-06
-5.49916e-09
-5.51514e-09
-5.50404e-09
-5.49161e-09
-5.51736e-09
-5.50404e-09
-5.49738e-09
-5.51603e-09
-5.4321e-09
-5.46718e-09
-1.95399e-11
-2.30926e-11
-2.26485e-11
-2.39808e-11
-1.11022e-11
4.26326e-11
2.53131e-11
-4.44089e-13
2.4869e-11
-1.9984e-11
5.50671e-11
6.66134e-11
4.44089e-13
5.68434e-11
6.70575e-11
-7.99361e-12
1.24345e-11
6.52811e-11
-5.24025e-11
4.44089e-13
0
2.66454e-12
6.52811e-11
-4.44089e-13
5.4623e-11
0
-4.4853e-11
-5.4623e-11
0
-8.88178e-13
0
-5.72875e-11
-4.44089e-13
-5.63993e-11
-6.4837e-11
8.43769e-12
-1.24345e-11
0
-1.28786e-11
-5.55112e-11
5.06262e-11
4.44089e-13
-5.24025e-11
5.32907e-12
-5.81757e-11
-6.35048e-11
-1.77636e-12
-3.55271e-12
-4.61853e-11
1.33227e-12
1.77636e-12
-3.55271e-12
-2.22045e-12
1.33227e-12
-1.77636e-12
-1.77636e-12
1.11022e-11
-5.9508e-11
6.52811e-11
0
2.22045e-12
0
-1.33227e-12
-3.10862e-12
3.9968e-12
6.52811e-11
3.9968e-12
4.70735e-11
3.55271e-12
5.68434e-11
-2.66454e-12
5.81757e-11
1.77636e-12
0
1.24345e-11
-4.44089e-12
1.33227e-12
-7.99361e-12
-5.63993e-11
0
3.9968e-12
0
5.68434e-11
0
0
-5.63993e-11
5.63993e-11
-4.4853e-11
5.68434e-11
0
-3.9968e-12
1.77636e-12
-2.66454e-12
0
5.06262e-11
6.08402e-11
5.10703e-11
6.35048e-11
5.4623e-11
5.4623e-11
4.44089e-13
-9.76996e-12
-7.99361e-12
5.63993e-11
4.88498e-11
-4.44089e-12
-6.17284e-11
-3.9968e-12
-6.39488e-11
-2.22045e-12
0
-5.59552e-11
2.22045e-12
-8.88178e-13
-5.10703e-11
0
-5.19584e-11
-5.06262e-11
-5.19584e-11
2.22045e-12
-2.22045e-12
1.11022e-11
-4.88498e-11
-5.24025e-11
-4.84057e-11
5.77316e-12
6.21725e-12
0
4.44089e-12
-5.4623e-11
5.77316e-12
1.86517e-11
5.24025e-11
-3.10862e-12
5.15143e-11
-5.81757e-11
-2.66454e-12
-8.88178e-13
-2.66454e-12
-2.22045e-12
-3.9968e-12
-4.44089e-13
-1.33227e-12
0
-8.88178e-13
5.4623e-11
5.63993e-11
4.84057e-11
3.55271e-12
5.68434e-11
-5.77316e-12
-1.95399e-11
-6.35048e-11
-7.54952e-12
-5.06262e-11
-8.43769e-12
-9.76996e-12
5.59552e-11
-9.76996e-12
-5.59552e-11
2.22045e-12
-3.10862e-12
1.77636e-12
-3.9968e-12
1.33227e-12
-5.50671e-11
-6.08402e-11
-4.35207e-11
-3.9968e-12
-2.22045e-12
0
0
1.06581e-11
1.11022e-11
-1.33227e-12
1.11022e-11
6.88338e-11
-5.63993e-11
6.88338e-11
5.81757e-11
-2.22045e-12
3.10862e-12
5.63993e-11
-7.10543e-12
-8.88178e-13
5.59552e-11
6.08402e-11
1.82077e-11
6.08402e-11
2.22045e-12
1.77636e-12
-2.22045e-12
0
-4.44089e-13
0
0
0
4.57412e-11
0
0
0
0
-5.77316e-11
1.11022e-11
0
-5.77316e-11
0
-2.08722e-11
0
0
4.44089e-13
1.77636e-12
-7.10543e-12
5.55112e-11
8.88178e-13
0
-4.44089e-13
-4.35207e-11
-4.44089e-13
-4.44089e-13
0
0
4.44089e-13
0
0
0
0
-1.77636e-12
0
0
-5.37348e-11
5.24025e-11
5.90639e-11
0
5.06262e-11
5.86198e-11
1.33227e-12
0
1.33227e-12
-5.77316e-11
-5.19584e-11
5.15143e-11
5.24025e-11
5.50671e-11
5.19584e-11
5.86198e-11
1.33227e-12
3.55271e-12
1.33227e-12
-5.77316e-11
)
;
    }
    upperWall
    {
        type            calculated;
        value           nonuniform List<scalar> 
300
(
-498.008
-498.008
-498.008
-498.008
-498.008
-498.008
-498.008
-498.008
-498.008
-498.008
-1.98799
-1.98799
-1.98799
-1.98799
-1.98799
-1.98799
-1.98799
-1.98799
-1.98799
-1.98799
-0.00399304
-0.00399304
-0.00399304
-0.00399304
-0.00399304
-0.00399304
-0.00399304
-0.00399304
-0.00399304
-0.00399304
-5.37533e-06
-5.37533e-06
-5.37533e-06
-5.37535e-06
-5.37533e-06
-5.37535e-06
-5.37533e-06
-5.37533e-06
-5.37535e-06
-5.37535e-06
-5.46718e-09
-5.4845e-09
-5.49782e-09
-5.49516e-09
-5.51736e-09
-5.48539e-09
-5.51736e-09
-5.48672e-09
-5.49338e-09
-5.44409e-09
3.4639e-11
-2.4869e-11
-2.22045e-11
3.64153e-11
-2.22045e-11
4.30767e-11
-2.22045e-11
-2.26485e-11
4.35207e-11
-1.95399e-11
-6.21725e-12
5.37348e-11
1.77636e-12
-6.21725e-12
7.99361e-12
7.99361e-12
7.99361e-12
-2.22045e-12
-8.88178e-13
-5.59552e-11
-5.63993e-11
0
1.28786e-11
-5.63993e-11
0
0
1.28786e-11
6.61693e-11
-5.41789e-11
5.68434e-11
-4.79616e-11
-5.90639e-11
1.11022e-11
8.88178e-12
4.88498e-12
1.77636e-12
4.88498e-12
-3.9968e-12
-3.10862e-12
5.63993e-11
5.81757e-11
7.99361e-12
-1.11022e-11
-8.88178e-12
1.28786e-11
-5.72875e-11
-5.32907e-12
-5.9952e-11
-1.06581e-11
-5.59552e-11
5.55112e-11
3.10862e-12
-1.33227e-11
1.77636e-12
-3.9968e-12
2.66454e-12
0
-2.22045e-12
2.66454e-12
-1.33227e-12
0
6.08402e-11
4.44089e-13
-4.44089e-13
-5.32907e-12
5.9952e-11
4.44089e-12
6.21725e-11
1.15463e-11
-1.33227e-12
-8.88178e-13
-4.88498e-12
-4.44089e-13
-4.88498e-12
4.44089e-13
-8.88178e-12
0
0
-7.99361e-12
-1.77636e-12
0
-5.55112e-11
1.06581e-11
1.11022e-11
0
8.88178e-13
-1.06581e-11
-3.73035e-11
1.77636e-12
5.59552e-11
4.44089e-13
3.9968e-12
2.66454e-12
4.88498e-12
5.86198e-11
-3.10862e-12
-1.02141e-11
6.79456e-11
6.08402e-11
-5.37348e-11
-2.22045e-12
-5.77316e-12
-1.33227e-11
5.28466e-11
8.88178e-13
-6.79456e-11
1.02141e-11
-2.22045e-11
-1.37668e-11
-5.50671e-11
1.77636e-12
5.72875e-11
4.44089e-13
-4.44089e-13
-5.4623e-11
6.21725e-12
6.21725e-12
0
-6.52811e-11
1.33227e-12
-5.4623e-11
6.21725e-12
0
-5.28466e-11
0
0
0
-8.88178e-13
0
5.4623e-11
-2.22045e-12
-5.32907e-12
1.02141e-11
5.4623e-11
-5.32907e-12
-5.77316e-12
5.90639e-11
-4.44089e-13
9.76996e-12
5.50671e-11
5.68434e-11
5.50671e-11
2.66454e-12
-1.02141e-11
3.10862e-12
8.43769e-12
-8.88178e-13
-8.43769e-12
2.66454e-12
8.88178e-13
-3.9968e-12
-5.41789e-11
0
-5.4623e-11
5.90639e-11
1.06581e-11
-5.63993e-11
-5.63993e-11
5.50671e-11
-4.44089e-12
-4.44089e-13
-6.03961e-11
6.17284e-11
6.12843e-11
5.19584e-11
8.88178e-13
1.77636e-12
1.37668e-11
6.66134e-12
-1.33227e-12
6.21725e-12
-1.33227e-12
-1.11022e-11
-8.88178e-13
-5.59552e-11
4.13003e-11
-1.15463e-11
1.77636e-12
-1.06581e-11
5.32907e-12
4.44089e-13
8.88178e-13
-5.06262e-11
-5.06262e-11
3.9968e-12
-8.88178e-13
-8.88178e-13
5.4623e-11
5.63993e-11
-3.9968e-12
0
0
0
0
0
-4.17444e-11
5.32907e-12
0
-4.17444e-11
-5.55112e-11
0
0
-1.06581e-11
-1.33227e-12
-5.63993e-11
5.32907e-12
0
-5.4623e-11
-5.72875e-11
-5.06262e-11
-5.86198e-11
-8.43769e-12
6.12843e-11
5.41789e-11
5.24025e-11
0
1.33227e-12
-5.32907e-12
-1.06581e-11
0
0
0
0
-8.88178e-13
0
0
0
8.88178e-13
0
0
4.44089e-13
6.88338e-11
5.77316e-12
3.10862e-12
4.88498e-12
5.50671e-11
5.32907e-11
3.86358e-11
6.66134e-11
-1.33227e-12
-5.77316e-11
6.08402e-11
6.70575e-11
5.59552e-11
5.77316e-11
5.50671e-11
5.01821e-11
3.4639e-11
6.08402e-11
-8.88178e-13
)
;
    }
}


// ************************************************************************* //
